"peak_id","medMz","medRt","log10_inten","class","formula","ppm_error","annotation"
1,282.2558,2.44,9,"Metabolite","C18H34O2",0.28,"Oleic acid C18H34O2"
2,256.2401,2.47,8.66,"Metabolite","C16H32O2",0.51,"Palmitic acid C16H32O2"
3,254.2246,2.48,8.66,"Metabolite","C16H30O2",-0.08,"palmitoleic acid C16H30O2"
4,89.0476,13.01,8.65,"Metabolite","C3H7N1O2",0.88,"alanine C3H7N1O2"
5,144.1149,4.21,8.45,"Metabolite","C8H16O2",0.9,"Caprylic acid C8H16O2"
6,144.1149,2.82,8.33,"Metabolite","C8H16O2",0.9,"Caprylic acid C8H16O2"
7,284.2712,2.43,8.43,"Metabolite","C18H36O2",1.16,"Stearic acid C18H36O2"
8,147.053,13.5,8.42,"Metabolite","C5H9N1O4",1.07,"glutamate C5H9N1O4"
9,147.0531,9.98,6.61,"Metabolite","C5H9N1O4",0.39,"O-acetyl-L-serine C5H9N1O4"
10,283.2591,2.44,8.3,"Artifact","[13]C1C17H34O2",0.48,"Oleic acid C18H34O2 + [13]C1C-1 -> [13]C1C17H34O2"
11,157.998,13.89,8.31,"Artifact","C4H7K1O4",0.89,"CH3COOK C2H3K1O2 + C2H4O2"
12,122.0367,4.21,8.2,"Metabolite","C7H6O2",0.65,"Benzoic acid C7H6O2"
13,146.0691,11.29,5.4,"Metabolite","C5H10N2O3",0.29,"L-Glutamine C5H10N2O3"
14,174.1115,16.77,8.19,"Metabolite","C6H14N4O2",1.01,"L-Arginine C6H14N4O2"
15,175.0955,13.64,8.06,"Metabolite","C6H13N3O3",1.09,"citrulline C6H13N3O3"
16,116.0837,4.24,7.94,"Metabolite","C6H12O2",0.25,"isobutyl acetate C6H12O2"
17,116.0837,3.01,7.37,"Metabolite","C6H12O2",0.25,"4-Methylvaleric acid C6H12O2"
18,257.2435,2.47,7.9,"Artifact","[13]C1C15H32O2",0.33,"Palmitic acid C16H32O2 + [13]C1C-1 -> [13]C1C15H32O2"
19,255.2279,2.48,7.91,"Artifact","[13]C1C15H30O2",0.14,"palmitoleic acid C16H30O2 + [13]C1C-1 -> [13]C1C15H30O2"
20,206.1669,2.58,7.83,"Metabolite","C14H22O1",0.8,"alpha-Isomethyl-ionone C14H22O1"
21,132.0898,13.64,7.85,"Metabolite","C5H12N2O2",0.59,"Ornithine C5H12N2O2"
22,132.0898,16.24,7.34,"Metabolite","C5H12N2O2",0.59,"ornithine C5H12N2O2"
23,132.0898,16.78,7.34,"Metabolite","C5H12N2O2",0.59,"ornithine C5H12N2O2"
24,132.0916,9.84,4.83,"Artifact","[15]N1C6H13O2",0.48,"isoleucine C6H13N1O2 + [15]N1N-1 -> [15]N1C6H13O2"
25,132.0916,9.29,4.77,"Artifact","[15]N1C6H13O2",0.48,"leucine C6H13N1O2 + [15]N1N-1 -> [15]N1C6H13O2"
26,285.2747,2.44,7.72,"Artifact","[13]C1C17H36O2",0.65,"Stearic acid C18H36O2 + [13]C1C-1 -> [13]C1C17H36O2"
27,152.0683,7.19,7.7,"Metabolite","C5H12O5",1.14,"L-arabinitol C5H12O5"
28,192.027,14.18,7.67,"Metabolite","C6H8O7",0.01,"citrate/isocitrate C6H8O7"
29,119.0582,13.01,7.66,"Metabolite","C4H9N1O3",0.36,"threonine C4H9N1O3"
30,240.0669,2.62,7.47,"Putative metabolite","C8H16O6S1",-0.59,"Ethyl 3-hydroxy hexanoate C8H16O3 + O3S1 -> C8H16O6S1"
31,117.079,11.21,7.61,"Metabolite","C5H11N1O2",-0.18,"DL-Valine C5H11N1O2"
32,166.048,2.56,7.34,"Putative metabolite","C5H10O6",-1.58,"D-Xylulose C5H10O5 + O1 -> C5H10O6"
33,166.048,2.84,7.34,"Putative metabolite","C5H10O6",-1.58,"D-Xylulose C5H10O5 + O1 -> C5H10O6"
34,317.1238,13.58,7.55,"Artifact","C10H24N1O8P1",0.48,"Glycerophosphocholine C8H20N1O6P1 + C2H4O2 -> C10H24N1O8P1"
35,88.01597,4.2,7.42,"Metabolite","C3H4O3",0.84,"pyruvate C3H4O3"
36,88.01599,3.02,6.59,"Artifact","C3H4O3",0.61,"L-(?)-3-Phenyllactic acid C9H10O3 - Library_MS2_fragment -> C3H4O3"
37,88.01599,4.95,7.25,"Metabolite","C3H4O3",0.61,"Pyruvic acid C3H4O3"
38,159.1369,14.71,3.99,"Artifact","C7H17N3O1",1.65,"Peak 677 C8H17N3O3 - C1O2 -> C7H17N3O1"
39,134.0214,13.54,7.48,"Metabolite","C4H6O5",0.92,"malate C4H6O5"
40,145.1182,4.21,7.41,"Artifact","[13]C1C7H16O2",1.27,"Caprylic acid C8H16O2 + [13]C1C-1 -> [13]C1C7H16O2"
41,145.1183,2.82,7.28,"Artifact","[13]C1C7H16O2",0.58,"Caprylic acid C8H16O2 + [13]C1C-1 -> [13]C1C7H16O2"
42,233.8906,13.84,7.34,"Artifact","H3K1O8S2",0.17,"KHSO4 H1K1O4S1 + H2O4S1"
43,195.9442,13.85,7.36,"Artifact","C2H5K1O6S1",0.97,"KHSO4 H1K1O4S1 + C2H4O2"
44,314.0858,2.6,7.14,"Putative metabolite","C11H14N4O7",1.37,"Xanthine C5H4N4O2 + C6H10O5 -> C11H14N4O7"
45,314.0881,14,5.31,"Artifact","C11H19K1N2O6",-0.26,"Saccharopine C11H20N2O6 + H-1K1 -> C11H19K1N2O6"
46,446.1941,2.78,7.3,"Artifact","C17H30N6O6S1",1.46,"Peak 585 C16H26N6O6S1 - C1O2 -> C15H26N6O4S1 + C2H4O2 -> C17H30N6O6S1"
47,402.1373,13.88,7.19,"Artifact","C14H26O13",0.1,"Lactose C12H22O11 + C2H4O2 -> C14H26O13"
48,402.1373,14.82,6.65,"Artifact","C14H26O13",0.1,"Trehalose C12H22O11 + C2H4O2 -> C14H26O13"
49,312.176,2.08,7.31,"Putative metabolite","C17H28O3S1",-0.27,"palmitoleic acid C16H30O2 - H2 -> C16H28O2 + C1O1 -> C17H28O3 + S1 -> C17H28O3S1"
50,103.0633,13.5,7.32,"Artifact","C4H9N1O2",0.28,"glutamate C5H9N1O4 - C1O2 -> C4H9N1O2"
51,103.0633,12.17,6.6,"Metabolite","C4H9N1O2",0.28,"b-Aminoisobutyric acid C4H9N1O2"
52,307.0838,13.5,7.21,"Metabolite","C10H17N3O6S1",0.02,"glutathione C10H17N3O6S1"
53,170.1306,2.71,7.26,"Metabolite","C10H18O2",0.47,"3-Hexenyl butanoate C10H18O2"
54,170.1306,4.16,6.68,"Metabolite","C10H18O2",0.47,"3-Hexenyl butanoate C10H18O2"
55,129.0426,13.49,7.26,"Artifact","C5H7N1O3",-0.05,"glutamate C5H9N1O4 - H2O1 -> C5H7N1O3"
56,129.0426,10.34,6.47,"Metabolite","C5H7N1O3",-0.05,"Pyroglutamic acid C5H7N1O3"
57,129.0425,11.15,6.92,"Metabolite","C5H7N1O3",0.72,"Pyroglutamic acid C5H7N1O3"
58,326.1915,2.08,7.22,"Unknown","Unknown",0.33,"Unknown"
59,300.2664,2.64,7.25,"Putative metabolite","C18H36O3",0.15,"Oleic acid C18H34O2 + H2O1 -> C18H36O3"
60,300.2664,4.19,6.64,"Putative metabolite","C18H36O3",0.15,"Oleic acid C18H34O2 + H2O1 -> C18H36O3"
61,242.2246,2.48,7.25,"Artifact","C15H30O2",-0.08,"Stearic acid C18H36O2 - Library_MS2_fragment -> C15H30O2"
62,284.2634,2.44,7.22,"Artifact","[13]C2C16H34O2",-2.85,"Oleic acid C18H34O2 + [13]C1C-1 -> [13]C1C17H34O2 + [13]C1C-1 -> [13]C2C16H34O2"
63,131.0945,9.84,7.23,"Metabolite","C6H13N1O2",0.98,"isoleucine C6H13N1O2"
64,131.0945,9.31,7.14,"Metabolite","C6H13N1O2",0.98,"leucine C6H13N1O2"
65,90.0509,13.01,7.2,"Artifact","[13]C1C2H7N1O2",1.48,"alanine C3H7N1O2 + [13]C1C-1 -> [13]C1C2H7N1O2"
66,159.9961,13.89,7.18,"Artifact","[41]K1C4H7O4",1,"CH3COOK C2H3K1O2 + C2H4O2 + [41]K1K-1 -> [41]K1C4H7O4"
67,133.0374,13.58,7.19,"Metabolite","C4H7N1O4",0.81,"aspartate C4H7N1O4"
68,133.0374,11.29,6.78,"Putative metabolite","C4H7N1O4",0.81,"alanine C3H7N1O2 + C1O2 -> C4H7N1O4"
69,148.0562,13.5,7.17,"Artifact","[13]C1C4H9N1O4",2.11,"glutamate C5H9N1O4 + [13]C1C-1 -> [13]C1C4H9N1O4"
70,165.0789,8.83,7.17,"Metabolite","C9H11N1O2",0.48,"phenylalanine C9H11N1O2"
71,165.0789,13.39,5.38,"Metabolite","C9H11N1O2",0.48,"L-Phenylalanine C9H11N1O2"
72,242.0803,4.24,7.02,"Unknown","Unknown",0.42,"Unknown"
73,242.0795,2.37,6.37,"Artifact","C8.5H12.5N4O3.5P0.5",-1.28,"Peak 1646 C17H25N8O7P1 / 2 -> C8.5H12.5N4O3.5P0.5"
74,166.0628,4.2,7.1,"Artifact","C9H10O3",1.17,"Phenylacetaldehyde C8H8O1 + C1H2O2 -> C9H10O3"
75,166.0628,2.85,6.63,"Metabolite","C9H10O3",1.17,"L-(?)-3-Phenyllactic acid C9H10O3"
76,350.1914,13.65,7.08,"Artifact","C12H26N6O6",-0.05,"citrulline C6H13N3O3 * 2 -> C12H26N6O6"
77,310.2872,2.41,7.05,"Putative metabolite","C20H38O2",-0.06,"Oleic acid C18H34O2 + C2H4 -> C20H38O2"
78,249.0872,2.35,7.05,"Artifact","C12H17O3.5S1",0.39,"No edge connections."
79,249.0872,3.31,5.59,"Putative metabolite","C8H16N3O4P1",2.58,"pyridoxamine-5-phosphate C8H13N2O5P1 + H3N1O-1 -> C8H16N3O4P1"
80,123.04,4.21,7.08,"Artifact","[13]C1C6H6O2",1.09,"Benzoic acid C7H6O2 + [13]C1C-1 -> [13]C1C6H6O2"
81,123.0401,2.93,6.16,"Unknown","Unknown",0.74,"Unknown"
82,207.1703,2.58,7.02,"Artifact","[13]C1C13H22O1",0.58,"alpha-Isomethyl-ionone C14H22O1 + [13]C1C-1 -> [13]C1C13H22O1"
83,152.0472,2.92,7.13,"Metabolite","C8H8O3",0.95,"3-Hydroxyphenylacetic acid C8H8O3"
84,340.2072,2.07,7.02,"Unknown","Unknown",0.32,"Unknown"
85,270.2559,2.46,6.99,"Metabolite","C17H34O2",-0.07,"Heptadecanoic acid C17H34O2"
86,147.0721,13.39,7.03,"Artifact","[13]C1C4H10N2O3",2.7,"glutamine C5H10N2O3 + [13]C1C-1 -> [13]C1C4H10N2O3"
87,188.0796,11.29,7.01,"Artifact","C7H12N2O4",0.57,"Peak 3989 C14H24N4O8 / 2 -> C7H12N2O4"
88,331.8773,13.87,7.02,"Artifact","C4H7K3O8S1",-0.05,"KHSO4 H1K1O4S1 + C2H3K1O2 + C2H3K1O2 -> C4H7K3O8S1"
89,255.9751,13.9,6.98,"Artifact","C6H10K2O6",0.2,"CH3COOK C2H3K1O2 + C2H4O2 + C2H3K1O2 -> C6H10K2O6"
90,182.079,11.81,7.02,"Metabolite","C6H14O6",0.21,"D-glucitol C6H14O6"
91,175.1148,16.77,7.02,"Artifact","[13]C1C5H14N4O2",1.32,"L-Arginine C6H14N4O2 + [13]C1C-1 -> [13]C1C5H14N4O2"
92,612.1521,14.19,6.98,"Metabolite","C20H32N6O12S2",-0.23,"glutathione disulfide C20H32N6O12S2"
93,564.5118,2.44,6.88,"Artifact","C36H68O4",-0.07,"Oleic acid C18H34O2 * 2 -> C36H68O4"
94,183.0167,13.42,6.95,"Putative metabolite","C7H5N1O5",0.4,"4-Nitrophenol C6H5N1O3 + C1O2 -> C7H5N1O5"
95,159.0013,13.89,6.96,"Artifact","[13]C1C3H7K1O4",1.23,"CH3COOK C2H3K1O2 + C2H4O2 + [13]C1C-1 -> [13]C1C3H7K1O4"
96,224.0356,2.57,6.82,"Putative metabolite","C7H12O6S1",-0.63,"Quinic acid C7H12O6 + S1 -> C7H12O6S1"
97,136.0524,4.21,6.92,"Metabolite","C8H8O2",0.22,"Phenyl acetate C8H8O2"
98,136.0524,2.88,6.22,"Artifact","C8H8O2",0.22,"L-(?)-3-Phenyllactic acid C9H10O3 - C1H2O1 -> C8H8O2"
99,258.1831,2.63,6.92,"Artifact","C14H26O4",0.04,"Ethyl 9-decenoate C12H22O2 + C2H4O2 -> C14H26O4"
100,258.1831,4.07,5.96,"Putative metabolite","C14H26O4",0.04,"Ethyl 3-hydroxy hexanoate C8H16O3 + C1H2O1 -> C9H18O4 + C5H8 -> C14H26O4"
101,176.0796,11.3,6.93,"Artifact","C6H12N2O4",0.61,"Peak 160 C6H9N1O4 + H3N1 -> C6H12N2O4"
102,176.0795,12.17,5.2,"Putative metabolite","C6H12N2O4",1.17,"L-Glutamine C5H10N2O3 + C1H2O1 -> C6H12N2O4"
103,177.0458,7.14,6.96,"Metabolite","C6H11N1O3S1",0.93,"N-Formyl-L-methionine C6H11N1O3S1"
104,233.9001,13.86,6.91,"Artifact","C2H4K2O6S1",0.74,"KHSO4 H1K1O4S1 + C2H3K1O2"
105,128.0585,13.38,6.9,"Artifact","C5H8N2O2",0.61,"glutamine C5H10N2O3 - H2O1 -> C5H8N2O2"
106,132.0534,13.4,6.91,"Metabolite","C4H8N2O3",0.7,"asparagine C4H8N2O3"
107,132.0534,12.53,5.21,"Metabolite","C4H8N2O3",0.7,"L-Asparagine C4H8N2O3"
108,176.0988,13.64,6.89,"Artifact","[13]C1C5H13N3O3",1.4,"citrulline C6H13N3O3 + [13]C1C-1 -> [13]C1C5H13N3O3"
109,298.1602,2.1,6.87,"Unknown","Unknown",0.35,"Unknown"
110,175.0843,12.24,6.89,"Putative metabolite","C7H13N1O4",0.9,"glutamate C5H9N1O4 + C2H4 -> C7H13N1O4"
111,175.0843,11.24,5.04,"Putative metabolite","C7H13N1O4",0.9,"glutamate C5H9N1O4 + C2H4 -> C7H13N1O4"
112,132.0786,4.21,6.83,"Metabolite","C6H12O3",0.33,"ethyl 3-hydroxybutanoate C6H12O3"
113,132.0786,2.94,6,"Metabolite","C6H12O3",0.33,"2-Hydroxycaproic acid C6H12O3"
114,309.8024,13.85,6.83,"Artifact","H1K3O8S2",0.01,"KHSO4 H1K1O4S1 + H2O4S1 + H-2K2 -> H1K3O8S2"
115,243.0871,13.59,6.85,"Putative metabolite","C7H18N1O6P1",0.3,"Glycerylphosphorylethanolamine C5H14N1O6P1 + C2H4 -> C7H18N1O6P1"
116,243.0871,14.35,6.56,"Artifact","C7H18N1O6P1",0.3,"Phosphorylcholine C5H14N1O4P1 + C2H4O2 -> C7H18N1O6P1"
117,243.0871,13.08,5.46,"Putative metabolite","C7H18N1O6P1",0.3,"Glycerylphosphorylethanolamine C5H14N1O6P1 + C2H4 -> C7H18N1O6P1"
118,243.0855,9.27,5.45,"Metabolite","C9H13N3O5",0.08,"cytidine C9H13N3O5"
119,117.087,4.23,6.77,"Artifact","[13]C1C5H12O2",0.72,"isobutyl acetate C6H12O2 + [13]C1C-1 -> [13]C1C5H12O2"
120,117.087,3.01,6.18,"Artifact","[13]C1C5H12O2",0.72,"4-Methylvaleric acid C6H12O2 + [13]C1C-1 -> [13]C1C5H12O2"
121,246.9782,13.51,6.82,"Artifact","C5Cr1H9N1O7",0.85,"glutamate C5H9N1O4 + Cr1O3 -> C5Cr1H9N1O7"
122,258.247,2.47,6.76,"Artifact","[13]C2C14H32O2",-0.23,"Palmitic acid C16H32O2 + [13]C1C-1 -> [13]C1C15H32O2 + [13]C1C-1 -> [13]C2C14H32O2"
123,136.0385,7.66,6.85,"Metabolite","C5H4N4O1",0.08,"hypoxanthine C5H4N4O1"
124,226.0692,2.84,6.69,"Artifact","C7H14O8",-1.47,"L-2-Hydroxyglutaric acid C5H8O5 + H2O1 + C2H4O2 -> C7H14O8"
125,222.0673,14.18,6.82,"Metabolite","C7H14N2O4S1",0.58,"cystathionine C7H14N2O4S1"
126,348.2233,16.77,6.82,"Artifact","C12H28N8O4",0.15,"L-Arginine C6H14N4O2 * 2 -> C12H28N8O4"
127,268.2402,2.46,6.74,"Artifact","C17H32O2",0.11,"Peak 229 C34H64O4 / 2 -> C17H32O2"
128,241.0702,2.62,6.23,"Artifact","[13]C1C7H16O6S1",-0.36,"2-Hydroxyoctanoic acid C8H16O3 + O3S1 + [13]C1C-1 -> [13]C1C7H16O6S1"
129,342.1162,14.83,6.55,"Metabolite","C12H22O11",0.03,"Trehalose C12H22O11"
130,342.1162,13.88,6.61,"Metabolite","C12H22O11",0.03,"Lactose C12H22O11"
131,314.2457,2.51,6.72,"Artifact","C18H34O4",0.03,"palmitoleic acid C16H30O2 + C2H4O2 -> C18H34O4"
132,314.2458,4.22,5.96,"Putative metabolite","C18H34O4",-0.29,"Heptadecanoic acid C17H34O2 + C1O2 -> C18H34O4"
133,440.0837,13.84,6.43,"Artifact","C12H24O15S1",-0.25,"Lactose C12H22O11 + H2O4S1 -> C12H24O15S1"
134,440.0841,14.83,4.12,"Artifact","C14Ca1H24O13",0.41,"Trehalose C12H22O11 + C2Ca1H2O2 -> C14Ca1H24O13"
135,293.9215,13.86,6.75,"Artifact","C4H8K2O8S1",-0.33,"CH3COOK C2H3K1O2 + C2H4O2 + H1K1O4S1 -> C4H8K2O8S1"
136,271.8464,13.85,6.75,"Artifact","H2K2O8S2",0.45,"KHSO4 H1K1O4S1 + H1K1O4S1"
137,139.0269,13.42,6.75,"Metabolite","C6H5N1O3",0.31,"4-Nitrophenol C6H5N1O3"
138,447.1974,2.78,6.7,"Artifact","[13]C1C16H30N6O6S1",1.58,"Peak 585 C16H26N6O6S1 - C1O2 -> C15H26N6O4S1 + C2H4O2 -> C17H30N6O6S1 + [13]C1C-1 -> [13]C1C16H30N6O6S1"
139,378.2439,2.44,6.67,"Artifact","C18H38O6Si1",-0.36,"Oleic acid C18H34O2 + H4O4Si1 -> C18H38O6Si1"
140,538.4959,2.46,6.6,"Artifact","C34H66O4",0.39,"Oleic acid C18H34O2 + Peak 2 -> C34H66O4"
141,105.0426,13.45,6.73,"Metabolite","C3H7N1O3",-0.07,"serine C3H7N1O3"
142,268.0807,8.68,6.75,"Metabolite","C10H12N4O5",0.26,"inosine C10H12N4O5"
143,300.088,2.65,6.53,"Artifact","C10H20O8S1",-0.37,"2-Hydroxyoctanoic acid C8H16O3 + O3S1 + C2H4O2 -> C10H20O8S1"
144,607.0813,13.75,6.65,"Metabolite","C17H27N3O17P2",0.44,"Uridine diphosphate-N-acetylglucosamine C17H27N3O17P2"
145,215.0558,13.62,6.71,"Artifact","C5H14N1O6P1",0.34,"Peak 440 C4H12N1O4P1 + C1H2O2 -> C5H14N1O6P1"
146,116.928,13.01,6.71,"Unknown","Unknown",0.77,"Unknown"
147,116.928,13.39,6.71,"Unknown","Unknown",0.77,"Unknown"
148,266.1881,2.58,6.69,"Artifact","C16H26O3",0.36,"alpha-Isomethyl-ionone C14H22O1 + C2H4O2 -> C16H26O3"
149,162.0527,13.06,6.71,"Metabolite","C6H10O5",0.76,"2-Hydroxyhexanedioic Acid C6H10O5"
150,92.04732,7.06,6.71,"Metabolite","C3H8O3",0.26,"Glycerol C3H8O3"
151,306.076,14.19,6.69,"Artifact","C10H16N3O6S1",-0.06,"glutathione disulfide C20H32N6O12S2 / 2 -> C10H16N3O6S1"
152,566.5275,2.43,6.54,"Artifact","C36H70O4",-0.16,"Oleic acid C18H34O2 + Peak 7 -> C36H70O4"
153,280.2402,2.46,6.64,"Metabolite","C18H32O2",0.11,"Linoleic acid C18H32O2"
154,300.2087,2.51,6.45,"Metabolite","C20H28O2",0.77,"Retinoic Acid C20H28O2"
155,75.032,13.34,6.69,"Metabolite","C2H5N1O2",0.38,"glycine C2H5N1O2"
156,75.0319,13.01,6.69,"Metabolite","C2H5N1O2",1.71,"glycine C2H5N1O2"
157,181.0738,10.76,6.7,"Metabolite","C9H11N1O3",0.51,"tyrosine C9H11N1O3"
158,291.1834,2.56,6.63,"Putative metabolite","C17H25N1O3",0.15,"alpha-Isomethyl-ionone C14H22O1 + C1O1 -> C15H22O2 + H1N1 -> C15H23N1O2 + C2H2O1 -> C17H25N1O3"
159,291.1834,3.81,5.77,"Putative metabolite","C17H25N1O3",0.15,"alpha-Isomethyl-ionone C14H22O1 + C1O1 -> C15H22O2 + H1N1 -> C15H23N1O2 + C2H2O1 -> C17H25N1O3"
160,159.053,11.33,6.66,"Artifact","C6H9N1O4",0.99,"Diaminopimelic Acid C7H14N2O4 - C1H2 - H3N1 -> C6H9N1O4"
161,159.053,13.38,5.55,"Artifact","C6H9N1O4",0.99,"Succinic acid C4H6O4 + C2H3N1 -> C6H9N1O4"
162,342.277,2.44,6.63,"Artifact","C20H38O4",0.03,"Oleic acid C18H34O2 + C2H4O2 -> C20H38O4"
163,131.0581,9.04,6.68,"Metabolite","C5H9N1O3",1.09,"5-Aminolevulinic acid C5H9N1O3"
164,131.0581,12.68,5.38,"Metabolite","C5H9N1O3",1.09,"hydroxyproline C5H9N1O3"
165,165.0649,7.72,6.68,"Metabolite","C6H7N5O1",0.97,"7-Methylguanine C6H7N5O1"
166,165.0636,10.38,4.2,"Putative metabolite","C5H11N1O5",0.74,"glutamate C5H9N1O4 + H2O1 -> C5H11N1O5"
167,217.1061,11.3,6.64,"Artifact","C8H15N3O4",0.72,"N-Acetyl-L-glutamate 5-semialdehyde C7H11N1O4 + H3N1 -> C7H14N2O4 + C1H1N1 -> C8H15N3O4"
168,217.1061,12.34,5.4,"Artifact","C8H15N3O4",0.72,"Ala-Ala C6H12N2O3 + O1 + C2H3N1 -> C8H15N3O4"
169,217.1061,11.97,5.4,"Artifact","C8H15N3O4",0.72,"Peak 2711 C9H15N3O6 - C1O2 -> C8H15N3O4"
170,234.1619,2.53,6.48,"Artifact","C15H22O2",0.34,"alpha-Isomethyl-ionone C14H22O1 + C1H2O2 -> C15H24O3 - H2O1 -> C15H22O2"
171,347.0631,13.73,6.65,"Metabolite","C10H14N5O7P1",-0.05,"dGMP C10H14N5O7P1"
172,353.9522,13.89,6.55,"Artifact","C8H13K3O8",-0.1,"CH3COOK C2H3K1O2 + C2H4O2 + C2H3K1O2 -> C6H10K2O6 + C2H3K1O2 -> C8H13K3O8"
173,295.9102,13.92,6.59,"Artifact","C5H7K3O7",0.33,"KHCO3 C1H1K1O3 + C2H3K1O2 + C2H3K1O2 -> C5H7K3O7"
174,137.0238,2.92,6.4,"Unknown","Unknown",0.67,"Unknown"
175,315.0893,2.52,5.89,"Unknown","Unknown",0.34,"Unknown"
176,566.055,13.94,6.57,"Metabolite","C15H24N2O17P2",0.04,"UDP-D-glucose C15H24N2O17P2"
177,134.0579,7.77,6.64,"Metabolite","C5H10O4",0.07,"(R)-2,3-Dihydroxy-isovalerate C5H10O4"
178,318.1272,13.58,6.59,"Artifact","[13]C1C9H24N1O8P1",0.34,"Glycerophosphocholine C8H20N1O6P1 + C2H4O2 -> C10H24N1O8P1 + [13]C1C-1 -> [13]C1C9H24N1O8P1"
179,161.0687,10.76,6.49,"Metabolite","C6H11N1O4",0.67,"O-Acetyl-L-homoserine C6H11N1O4"
180,565.5151,2.44,6.47,"Artifact","[13]C1C35H68O4",0.03,"Oleic acid C18H34O2 * 2 -> C36H68O4 + [13]C1C-1 -> [13]C1C35H68O4"
181,159.9772,13.91,6.57,"Artifact","C3H5K1O5",1.28,"KHCO3 C1H1K1O3 + C2H4O2"
182,313.1794,2.09,6.57,"Unknown","Unknown",0.34,"Unknown"
183,242.0637,2.63,6.45,"Putative metabolite","C7H14O9",0.34,"D-glucitol C6H14O6 + C1O2 -> C7H14O8 + O1 -> C7H14O9"
184,386.1732,2.78,6.52,"Artifact","C15H26N6O4S1",1.1,"Peak 585 C16H26N6O6S1 - C1O2 -> C15H26N6O4S1"
185,152.0331,9.02,6.62,"Metabolite","C5H4N4O2",2.14,"Xanthine C5H4N4O2"
186,160.1097,4.22,6.5,"Metabolite","C8H16O3",1.53,"Ethyl 3-hydroxy hexanoate C8H16O3"
187,160.1098,2.71,6.19,"Metabolite","C8H16O3",0.9,"2-Hydroxyoctanoic acid C8H16O3"
188,160.1098,3.78,5.89,"Metabolite","C8H16O3",0.9,"Ethyl 3-hydroxy hexanoate C8H16O3"
189,282.1066,2.44,6.58,"Artifact","Ring_artifact_C18H34O2",0.37,"Oleic acid C18H34O2 + Ring_artifact -> Ring_artifact_C18H34O2"
190,167.0476,2.57,6.34,"Unknown","Unknown",0.57,"Unknown"
191,167.0476,2.84,6.34,"Unknown","Unknown",0.57,"Unknown"
192,133.0931,13.64,6.59,"Artifact","[13]C1C4H12N2O2",1,"Ornithine C5H12N2O2 + [13]C1C-1 -> [13]C1C4H12N2O2"
193,133.0931,16.24,6.08,"Artifact","[13]C1C4H12N2O2",1,"ornithine C5H12N2O2 + [13]C1C-1 -> [13]C1C4H12N2O2"
194,133.0932,16.78,6.06,"Artifact","[13]C1C4H12N2O2",0.24,"ornithine C5H12N2O2 + [13]C1C-1 -> [13]C1C4H12N2O2"
195,369.8139,13.84,6.49,"Artifact","H4K2O12S3",0,"KHSO4 H1K1O4S1 + H2O4S1 + H1K1O4S1 -> H4K2O12S3"
196,173.0687,11.26,6.56,"Metabolite","C7H11N1O4",0.62,"N-Acetyl-L-glutamate 5-semialdehyde C7H11N1O4"
197,173.0687,10.33,6.07,"Metabolite","C7H11N1O4",0.62,"N-Acetyl-L-glutamate 5-semialdehyde C7H11N1O4"
198,135.9232,13.85,6.55,"Artifact","H1K1O4S1",0.45,"KHSO4 H1K1O4S1"
199,171.0507,13,6.55,"Artifact","C5H10N1Na1O4",0.31,"alanine C3H7N1O2 + C2H3Na1O2 -> C5H10N1Na1O4"
200,171.0507,14.44,4.64,"Unknown","Unknown",0.55,"Unknown"
201,104.011,13.39,6.54,"Metabolite","C3H4O4",-0.4,"Malonic acid C3H4O4"
202,176.0684,11.97,6.4,"Metabolite","C7H12O5",0.42,"2-Isopropylmalic acid C7H12O5"
203,245.0745,11.81,6.56,"Artifact","C6H15N1O9",0.74,"D-glucitol C6H14O6 + H1N1O3 -> C6H15N1O9"
204,245.0727,9.6,5.19,"Artifact","[13]C1C8H12N2O6",0.78,"Uridine C9H12N2O6 + [13]C1C-1 -> [13]C1C8H12N2O6"
205,245.0745,11.36,6.51,"Artifact","C6H15N1O9",0.74,"D-glucitol C6H14O6 + H1N1O3 -> C6H15N1O9"
206,301.2697,2.63,6.54,"Artifact","[13]C1C17H36O3",0.33,"Stearic acid C18H36O2 + O1 + [13]C1C-1 -> [13]C1C17H36O3"
207,301.2697,4.18,5.89,"Artifact","[13]C1C17H36O3",0.33,"Stearic acid C18H36O2 + O1 + [13]C1C-1 -> [13]C1C17H36O3"
208,241.0665,2.62,6.64,"Unknown","Unknown",0.42,"Unknown"
209,316.2613,2.47,6.5,"Artifact","C18H36O4",0.19,"Palmitic acid C16H32O2 + C2H4O2 -> C18H36O4"
210,316.2613,4.22,6.18,"Putative metabolite","C18H36O4",0.19,"Phytosphingosine C18H39N1O3 - H3N1O-1 -> C18H36O4"
211,316.2613,2.75,6.5,"Putative metabolite","C18H36O4",0.19,"Phytosphingosine C18H39N1O3 - H3N1O-1 -> C18H36O4"
212,311.9417,13.9,6.46,"Artifact","C6H11K3O7",-0.33,"CH3COOK C2H3K1O2 + C2H4O2 + C2H3K1O2 -> C6H10K2O6 + H1K1O1 -> C6H11K3O7"
213,189.0636,13.26,6.53,"Metabolite","C7H11N1O5",0.65,"N-acetyl-L-glutamic acid C7H11N1O5"
214,95.03709,13.42,6.54,"Metabolite","C5H5N1O1",0.25,"2-hydroxypyridine C5H5N1O1"
215,143.9824,13.89,6.51,"Artifact","C3H5K1O4",0.63,"CH3COOK C2H3K1O2 + C1H2O2"
216,292.1383,13.38,6.53,"Artifact","C10H20N4O6",-0.05,"glutamine C5H10N2O3 * 2 -> C10H20N4O6"
217,327.195,2.08,6.5,"Unknown","Unknown",0.33,"Unknown"
218,89.01934,4.97,5.81,"Artifact","[13]C1C2H4O3",0.66,"Pyruvic acid C3H4O3 + [13]C1C-1 -> [13]C1C2H4O3"
219,307.0652,7.59,6.51,"Artifact","C9H13N3O9",-0.07,"uridine C9H12N2O6 + H1N1O3 -> C9H13N3O9"
220,307.0652,9.61,5.23,"Artifact","C9H13N3O9",-0.07,"Uridine C9H12N2O6 + H1N1O3 -> C9H13N3O9"
221,89.07395,13,6.49,"Artifact","Ring_artifact_C3H7N1O2",1.21,"alanine C3H7N1O2 + Ring_artifact -> Ring_artifact_C3H7N1O2"
222,451.27,7.09,6.44,"Metabolite","C21H42N1O7P1",-0.25,"PE(16:1(9Z)/0:0) C21H42N1O7P1"
223,451.27,3.07,6.16,"Metabolite","C21H42N1O7P1",-0.25,"PE(16:1(9Z)/0:0) C21H42N1O7P1"
224,319.2147,2.49,6.47,"Putative metabolite","C19H29N1O3",0.14,"Ubiquinone Q1 C14H18O4 + H3N1O-1 -> C14H21N1O3 + C5H8 -> C19H29N1O3"
225,319.2147,3.72,5.35,"Putative metabolite","C19H29N1O3",0.14,"Ubiquinone Q1 C14H18O4 + H3N1O-1 -> C14H21N1O3 + C5H8 -> C19H29N1O3"
226,432.1984,13.61,6.46,"Artifact","C14H33N4O9P1",0.27,"citrulline C6H13N3O3 + Peak 1326 -> C14H33N4O9P1"
227,403.1407,13.88,6.33,"Artifact","[13]C1C13H26O13",-0.01,"Lactose C12H22O11 + C2H4O2 -> C14H26O13 + [13]C1C-1 -> [13]C1C13H26O13"
228,403.1408,14.83,5.79,"Artifact","[13]C1C13H26O13",-0.26,"Trehalose C12H22O11 + C2H4O2 -> C14H26O13 + [13]C1C-1 -> [13]C1C13H26O13"
229,536.4801,2.47,6.41,"Artifact","C34H64O4",0.67,"Peak 127 C17H32O2 * 2 -> C34H64O4"
230,322.0946,13.68,6.49,"Putative metabolite","C10H18N4O6S1",0.33,"glutathione C10H17N3O6S1 + H1N1 -> C10H18N4O6S1"
231,249.5889,2.35,6.46,"Artifact","[13]C0.5C11.5H17O3.5S1",0.3,"No edge connections."
232,249.5889,3.33,4.97,"Artifact","[13]C0.5C7.5H16N3O4P1",2.48,"Peak 79 C8H16N3O4P1 + [13]C0.5C-0.5 -> [13]C0.5C7.5H16N3O4P1"
233,146.0579,7.18,6.51,"Metabolite","C6H10O4",0.06,"(S)-2-Aceto-2-hydroxybutanoic acid C6H10O4"
234,146.1054,16.92,6.49,"Metabolite","C6H14N2O2",0.87,"lysine C6H14N2O2"
235,918.553,2.45,6.4,"Unknown","Unknown",0.17,"Unknown"
236,133.0738,11.3,6.48,"Putative metabolite","C5H11N1O3",0.7,"Ornithine C5H12N2O2 + H-1N-1O1 -> C5H11N1O3"
237,133.0738,13.23,3.95,"Putative metabolite","C5H11N1O3",0.7,"Ornithine C5H12N2O2 + H-1N-1O1 -> C5H11N1O3"
238,316.0826,2.57,6.23,"Putative metabolite","C10H20O9S1",0.64,"L-arabinitol C5H12O5 + C6H10O5 -> C11H22O10 + S1 -> C11H22O10S1 - C1H2O1 -> C10H20O9S1"
239,243.228,2.48,6.44,"Artifact","[13]C1C14H30O2",-0.27,"Peak 61 C15H30O2 + [13]C1C-1 -> [13]C1C14H30O2"
240,150.0167,2.57,6.26,"Artifact","C4.5H8O3.5S1",1.15,"Peak 472 C9H16O7S2 / 2 -> C4.5H8O3.5S1"
241,218.0901,13.58,6.49,"Artifact","C8H14N2O5",0.79,"citrulline C6H13N3O3 - H3N1 -> C6H10N2O3 + C2H4O2 -> C8H14N2O5"
242,218.0901,10.21,4.37,"Metabolite","C8H14N2O5",0.79,"L-gamma-Glutamyl-L-alanine C8H14N2O5"
243,218.0901,10.93,4.32,"Metabolite","C8H14N2O5",0.79,"L-gamma-Glutamyl-L-alanine C8H14N2O5"
244,314.1203,13.37,6.47,"Artifact","C10H19N4Na1O6",-0.23,"glutamine C5H10N2O3 + Peak 550 -> C10H19N4Na1O6"
245,314.1214,11.54,5.22,"Artifact","C11H22O10",-0.33,"Peak 1732 C9H18O8 + C2H4O2 -> C11H22O10"
246,314.1214,12.15,5.31,"Artifact","C11H22O10",-0.33,"Peak 1731 C9H18O8 + C2H4O2 -> C11H22O10"
247,89.02184,13.02,6.47,"Artifact","Ring_artifact_C3H7N1O2",1.21,"alanine C3H7N1O2 + Ring_artifact -> Ring_artifact_C3H7N1O2"
248,215.1521,4.21,6.4,"Artifact","C11H21N1O3",0.2,"Peak 1158 C12H23N1O4 - C1H2O1 -> C11H21N1O3"
249,215.1521,2.81,6.18,"Putative metabolite","C11H21N1O3",0.2,"N-Octanoylglycine C10H19N1O3 + C1H2 -> C11H21N1O3"
250,148.0736,5.74,6.11,"Metabolite","C6H12O4",-0.28,"(R)-2,3-Dihydroxy-3-methylvalerate C6H12O4"
251,244.0879,9.06,6.47,"Metabolite","C10H16N2O3S1",1.08,"biotin C10H16N2O3S1"
252,244.0903,13.57,5.65,"Artifact","[13]C1C6H18N1O6P1",0.94,"Peak 115 C7H18N1O6P1 + [13]C1C-1 -> [13]C1C6H18N1O6P1"
253,244.0904,14.35,5.37,"Artifact","[13]C1C6H18N1O6P1",0.53,"Phosphorylcholine C5H14N1O4P1 + C2H4O2 -> C7H18N1O6P1 + [13]C1C-1 -> [13]C1C6H18N1O6P1"
254,184.9778,13.5,6.45,"Artifact","C4Cr1H7N1O4",1.16,"Peak 2152 C4H7N1O1 + Cr1O3 -> C4Cr1H7N1O4"
255,171.0353,2.81,6.25,"Artifact","C7H9N1O2S1",0.58,"Peak 2055 C6H7N1S1 + C1H2O2 -> C7H9N1O2S1"
256,153.0717,7.18,6.46,"Artifact","[13]C1C4H12O5",0.84,"L-arabinitol C5H12O5 + [13]C1C-1 -> [13]C1C4H12O5"
257,510.4645,2.47,6.35,"Artifact","C32H62O4",0.61,"Palmitic acid C16H32O2 + Peak 3 -> C32H62O4"
258,282.4071,2.44,6.55,"Artifact","Ring_artifact_C18H34O2",0.37,"Oleic acid C18H34O2 + Ring_artifact -> Ring_artifact_C18H34O2"
259,311.2905,2.41,6.39,"Artifact","[13]C1C19H38O2",0.11,"Peak 77 C20H38O2 + [13]C1C-1 -> [13]C1C19H38O2"
260,118.0629,4.22,6.35,"Metabolite","C5H10O3",0.8,"2-Hydroxyvaleric acid C5H10O3"
261,118.063,5.28,6.2,"Metabolite","C5H10O3",-0.05,"2-Hydroxy-3-methylbutyric acid C5H10O3"
262,266.1153,2.79,6.4,"Artifact","C14H18O5",0.46,"3-Hydroxybenzoic acid C7H6O3 + C5H8 + C2H4O2 -> C14H18O5"
263,404.1559,13.55,6.36,"Artifact","C13H29N2O10P1",0.2,"Peak 3049 C11H26N1O10P1 + C2H3N1 -> C13H29N2O10P1"
264,168.0449,2.65,6.19,"Unknown","Unknown",0.56,"Unknown"
265,316.0883,13.49,6.35,"Artifact","C10H17N2Na1O8",-0.13,"glutamate C5H9N1O4 + Peak 313 -> C10H17N2Na1O8"
266,185.0354,13.01,6.41,"Artifact","C3H11N1O6Si1",0.88,"alanine C3H7N1O2 + H4O4Si1 -> C3H11N1O6Si1"
267,289.1273,13.47,6.38,"Artifact","C11H19N3O6",0.29,"thymidine C10H14N2O5 + H1N1 + C1H4O1 -> C11H19N3O6"
268,174.0639,11.31,6.34,"Artifact","C6H10N2O4",0.9,"Aminoadipic acid C6H11N1O4 - C2H4 + C2H3N1 -> C6H10N2O4"
269,327.1179,7.63,6.39,"Artifact","C12H17N5O6",-0.05,"Adenosine C10H13N5O4 + C2H4O2 -> C12H17N5O6"
270,327.1167,11.25,4.16,"Putative metabolite","C11H21N1O10",-0.47,"N-Acetylneuraminic acid C11H19N1O9 + H2O1 -> C11H21N1O10"
271,200.0772,13,6.37,"Artifact","C6H13N2Na1O4",0.51,"alanine C3H7N1O2 * 2 -> C6H14N2O4 + H-1Na1 -> C6H13N2Na1O4"
272,407.7794,13.85,6.37,"Artifact","C2H4K4O10S2",0.04,"KHSO4 H1K1O4S1 + H2O4S1 + H-2K2 -> H1K3O8S2 + C2H3K1O2 -> C2H4K4O10S2"
273,663.1092,13.92,6.36,"Metabolite","C21H27N7O14P2",-0.12,"NAD C21H27N7O14P2"
274,204.0898,8.72,6.39,"Metabolite","C11H12N2O2",0.38,"tryptophan C11H12N2O2"
275,230.1517,2.6,6.34,"Putative metabolite","C12H22O4",0.47,"dipropyl succinate C10H18O4 + C2H4 -> C12H22O4"
276,479.3011,7.09,6.3,"Artifact","C23H46N1O7P1",0.19,"Peak 3587 C21H43O7P1 + C2H3N1 -> C23H46N1O7P1"
277,479.3011,3.07,6.15,"Metabolite","C23H46N1O7P1",0.19,"PE(18:1(9Z)/0:0) C23H46N1O7P1"
278,192.0633,13.02,6.35,"Artifact","C7H12O6",0.46,"2-Methylsuccinic acid C5H8O4 + C2H4O2 -> C7H12O6"
279,192.0633,12.07,5.67,"Metabolite","C7H12O6",0.46,"Quinic acid C7H12O6"
280,228.0721,13.39,6.36,"Artifact","C7H13N2Na1O5",0.51,"glutamine C5H10N2O3 + C2H3Na1O2 -> C7H13N2Na1O5"
281,228.0722,14.44,4.28,"Unknown","Unknown",0.44,"Unknown"
282,350.2125,2.49,6.27,"Artifact","C16H34O6Si1",-0.1,"palmitoleic acid C16H30O2 + H4O4Si1 -> C16H34O6Si1"
283,244.0694,7.6,6.36,"Metabolite","C9H12N2O6",0.56,"uridine C9H12N2O6"
284,244.0694,9.61,6.25,"Metabolite","C9H12N2O6",0.56,"Uridine C9H12N2O6"
285,119.0299,13.31,6.35,"Artifact","[13]C1C3H6O4",0.53,"Succinic acid C4H6O4 + [13]C1C-1 -> [13]C1C3H6O4"
286,175.1086,16.78,6.37,"Artifact","[15]N1C6H14N3O2",0.63,"L-Arginine C6H14N4O2 + [15]N1N-1 -> [15]N1C6H14N3O2"
287,407.7699,13.85,6.29,"Artifact","H3K3O12S3",-0.29,"KHSO4 H1K1O4S1 + H1K1O4S1 + H1K1O4S1 -> H3K3O12S3"
288,341.2105,2.06,6.32,"Unknown","Unknown",0.32,"Unknown"
289,506.9954,14.24,6.28,"Metabolite","C10H16N5O13P3",0.68,"ATP C10H16N5O13P3"
290,149.0558,8.86,4.46,"Artifact","[13]C1C8H8O2",-0.11,"phenylalanine C9H11N1O2 + [13]C1C-1 -> [13]C1C8H11N1O2 - H3N1 -> [13]C1C8H8O2"
291,149.0574,9.98,4.5,"Artifact","[18]O1C5H9N1O3",0.02,"O-acetyl-L-serine C5H9N1O4 + [18]O1O-1 -> [18]O1C5H9N1O3"
292,429.8542,13.88,6.32,"Artifact","C6H10K4O10S1",0.22,"KHSO4 H1K1O4S1 + C2H3K1O2 + C2H3K1O2 -> C4H7K3O8S1 + C2H3K1O2 -> C6H10K4O10S1"
293,171.134,2.7,6.3,"Artifact","[13]C1C9H18O2",0.2,"3-Hexenyl butanoate C10H18O2 + [13]C1C-1 -> [13]C1C9H18O2"
294,171.1339,4.17,5.7,"Artifact","[13]C1C9H18O2",0.79,"3-Hexenyl butanoate C10H18O2 + [13]C1C-1 -> [13]C1C9H18O2"
295,298.287,2.4,6.3,"Artifact","C19H38O2",0.6,"Oleic acid C18H34O2 + C2H4O2 -> C20H38O4 - C1O2 -> C19H38O2"
296,333.8757,13.87,6.3,"Artifact","[41]K1C4H7K2O8S1",-0.89,"KHSO4 H1K1O4S1 + C2H3K1O2 + C2H3K1O2 -> C4H7K3O8S1 + [41]K1K-1 -> [41]K1C4H7K2O8S1"
297,118.0823,11.21,6.35,"Artifact","[13]C1C4H11N1O2",0.28,"DL-Valine C5H11N1O2 + [13]C1C-1 -> [13]C1C4H11N1O2"
298,254.3528,2.49,6.29,"Artifact","Ring_artifact_C16H30O2",0.4,"palmitoleic acid C16H30O2 + Ring_artifact -> Ring_artifact_C16H30O2"
299,254.3525,3.41,4.14,"Unknown","Unknown",0.4,"Unknown"
300,260.0295,14.19,6.35,"Metabolite","C6H13O9P1",0.84,"glucose-1-phosphate C6H13O9P1"
301,91.05178,13.02,6.33,"Artifact","[18]O1C3H7N1O1",1.58,"alanine C3H7N1O2 + [18]O1O-1 -> [18]O1C3H7N1O1"
302,112.016,14.18,6.33,"Metabolite","C5H4O3",0.39,"3-Furoic acid C5H4O3"
303,161.0509,7.59,6.33,"Putative metabolite","C6H11N1O2S1",0.93,"N-Formyl-L-methionine C6H11N1O3S1 - O1 -> C6H11N1O2S1"
304,120.0614,13.01,6.31,"Artifact","[13]C1C3H9N1O3",1.65,"threonine C4H9N1O3 + [13]C1C-1 -> [13]C1C3H9N1O3"
305,613.1557,14.18,6.3,"Artifact","[13]C1C19H32N6O12S2",-0.62,"glutathione disulfide C20H32N6O12S2 + [13]C1C-1 -> [13]C1C19H32N6O12S2"
306,308.0872,13.49,6.21,"Artifact","[13]C1C9H17N3O6S1",-0.13,"glutathione C10H17N3O6S1 + [13]C1C-1 -> [13]C1C9H17N3O6S1"
307,352.2282,2.47,6.25,"Artifact","C16H36O6Si1",-0.24,"Palmitic acid C16H32O2 + H4O4Si1 -> C16H36O6Si1"
308,352.2285,2.04,5.77,"Putative metabolite","C17H36O5S1",-0.44,"Heptadecanoic acid C17H34O2 + O3S1 -> C17H34O5S1 + H2 -> C17H36O5S1"
309,74.03674,13.31,6.31,"Metabolite","C3H6O2",0.53,"D-Lactaldehyde C3H6O2"
310,174.0162,13.87,6.17,"Metabolite","C6H6O6",1.37,"Aconitic acid C6H6O6"
311,153.0506,2.93,6.08,"Artifact","[13]C1C7H8O3",0.65,"3-Hydroxyphenylacetic acid C8H8O3 + [13]C1C-1 -> [13]C1C7H8O3"
312,173.1052,7.09,6.24,"Metabolite","C8H15N1O3",-0.04,"N-Acetyl-L-leucine C8H15N1O3"
313,169.035,13.51,6.28,"Artifact","C5H8N1Na1O4",0.61,"glutamate C5H9N1O4 + H-1Na1 -> C5H8N1Na1O4"
314,157.0851,16.77,6.34,"Artifact","C6H11N3O2",0.17,"L-Arginine C6H14N4O2 - H3N1 -> C6H11N3O2"
315,553.3377,7.09,6.23,"Artifact","C26H52N1O9P1",0.49,"Peak 588 C27H54N1O10P1 - C1H2O1 -> C26H52N1O9P1"
316,553.3377,3.07,5.66,"Artifact","C26H52N1O9P1",0.49,"Peak 2965 C25H50N1O7P1 + C1H2O2 -> C26H52N1O9P1"
317,135.0545,7.62,6.32,"Metabolite","C5H5N5",-0.04,"adenine C5H5N5"
318,135.0545,5.01,6.2,"Metabolite","C5H5N5",-0.04,"Adenine C5H5N5"
319,135.0545,14.96,5.83,"Metabolite","C5H5N5",-0.04,"Adenine C5H5N5"
320,254.092,3.58,3.88,"Putative metabolite","C9H19O6P1",-0.3,"Ethyl 3-hydroxy hexanoate C8H16O3 + H1O3P1 -> C8H17O6P1 + C1H2 -> C9H19O6P1"
321,273.0696,11.51,5.21,"Putative metabolite","C7H15N1O10",-0.02,"Trehalose C12H22O11 - H-1N-1O1 -> C12H23N1O10 - C5H8 -> C7H15N1O10"
322,273.0696,8.08,4.65,"Putative metabolite","C7H15N1O10",-0.02,"Trehalose C12H22O11 - H-1N-1O1 -> C12H23N1O10 - C5H8 -> C7H15N1O10"
323,273.0696,7.74,4.65,"Putative metabolite","C7H15N1O10",-0.02,"Trehalose C12H22O11 - H-1N-1O1 -> C12H23N1O10 - C5H8 -> C7H15N1O10"
324,273.0696,10.81,4.36,"Putative metabolite","C7H15N1O10",-0.02,"Trehalose C12H22O11 - H-1N-1O1 -> C12H23N1O10 - C5H8 -> C7H15N1O10"
325,273.0696,12.44,4.3,"Putative metabolite","C7H15N1O10",-0.02,"Trehalose C12H22O11 - H-1N-1O1 -> C12H23N1O10 - C5H8 -> C7H15N1O10"
326,254.1518,2.7,6.24,"Putative metabolite","C14H22O4",0.04,"3-Oxo-7,8-dihydro-alpha-ionol C13H22O2 + C1O2 -> C14H22O4"
327,254.1518,4.17,5.81,"Artifact","C14H22O4",0.04,"3-Oxo-7,8-dihydro-alpha-ionol C13H22O2 + C1H2O3 -> C14H24O5 - H2O1 -> C14H22O4"
328,331.868,13.85,6.23,"Artifact","C2H6K2O10S2",-1.05,"KHSO4 H1K1O4S1 + H2O4S1 + C2H3K1O2 -> C2H6K2O10S2"
329,500.1143,13.88,6.29,"Artifact","C16H29K1O15",0.1,"Lactose C12H22O11 + C2H4O2 -> C14H26O13 + C2H3K1O2 -> C16H29K1O15"
330,500.1143,14.82,4.73,"Artifact","C16H29K1O15",0.1,"Trehalose C12H22O11 + C2H4O2 -> C14H26O13 + C2H3K1O2 -> C16H29K1O15"
331,567.5308,2.44,6.14,"Artifact","[13]C1C35H70O4",-0.06,"Peak 152 C36H70O4 + [13]C1C-1 -> [13]C1C35H70O4"
332,238.0912,13.66,6.28,"Artifact","C6H14N4O6",0.56,"citrulline C6H13N3O3 + H1N1O3 -> C6H14N4O6"
333,238.0912,14.11,6.06,"Putative metabolite","C6H14N4O6",0.56,"Argininosuccinic acid C10H18N4O6 + H2O1 -> C10H20N4O7 - C2H4 -> C8H16N4O7 - C2H2O1 -> C6H14N4O6"
334,240.209,2.5,6.27,"Putative metabolite","C15H28O2",-0.29,"palmitoleic acid C16H30O2 - C1H2 -> C15H28O2"
335,198.047,14.2,6.01,"Putative metabolite","C8H10N2O2S1",-3.54,"biotin C10H16N2O3S1 - H2 -> C10H14N2O3S1 - C1H2 -> C9H12N2O3S1 - C1H2O1 -> C8H10N2O2S1"
336,273.0726,13.76,6.27,"Artifact","C8H16K1N3O5",0.38,"citrulline C6H13N3O3 + C2H3K1O2 -> C8H16K1N3O5"
337,819.3155,2.52,6.19,"Unknown","Unknown",0.18,"Unknown"
338,819.3155,3.42,4.39,"Unknown","Unknown",0.18,"Unknown"
339,242.0703,2.57,5.39,"Artifact","Ring_artifact_C15H30O2",0.42,"Peak 61 C15H30O2 + Ring_artifact -> Ring_artifact_C15H30O2"
340,344.2927,2.43,6.2,"Artifact","C20H40O4",-0.12,"Stearic acid C18H36O2 + C2H4O2 -> C20H40O4"
341,344.2926,4.14,4.94,"Artifact","C20H40O4",0.17,"2-Methylbutanal C5H10O1 * 4 -> C20H40O4"
342,427.0295,14.01,6.24,"Metabolite","C10H15N5O10P2",-0.2,"dGDP C10H15N5O10P2"
343,214.1569,2.83,6.14,"Putative metabolite","C12H22O3",-0.03,"Ethyl 9-decenoate C12H22O2 + O1 -> C12H22O3"
344,144.0615,7.16,4.7,"Artifact","[13]C1C5H9N1O3",0.68,"Peak 614 C6H9N1O3 + [13]C1C-1 -> [13]C1C5H9N1O3"
345,144.1693,3.72,4.07,"Unknown","Unknown",0.64,"Unknown"
346,116.0109,13.55,6.28,"Artifact","C4H4O4",0.5,"malate C4H6O5 - H2O1 -> C4H4O4"
347,115.9875,13.93,6.24,"Artifact","C2H5K1O3",0.65,"CH3OH C1H4O1 + C1H1K1O2"
348,238.0688,13.08,6.26,"Artifact","C8H14O8",0.28,"2-Methylsuccinic acid C5H8O4 + C2H4O2 -> C7H12O6 + C1H2O2 -> C8H14O8"
349,270.2194,4.21,5.88,"Artifact","C16H30O3",0.35,"Caprylic acid C8H16O2 * 2 -> C16H32O4 - H2O1 -> C16H30O3"
350,890.5223,2.49,6.17,"Unknown","Unknown",0.18,"Unknown"
351,158.069,13.64,5.95,"Artifact","C6H10N2O3",0.9,"citrulline C6H13N3O3 - H3N1 -> C6H10N2O3"
352,919.5566,2.45,6.17,"Unknown","Unknown",0.17,"Unknown"
353,331.8583,13.85,6.12,"Artifact","H5K1O12S3",-0.84,"KHSO4 H1K1O4S1 + H2O4S1 + H2O4S1 -> H5K1O12S3"
354,206.0425,14.08,6.25,"Metabolite","C7H10O7",0.74,"Methylisocitric acid C7H10O7"
355,604.0108,13.92,6.22,"Artifact","C15H23K1N2O17P2",0.17,"UDP-D-glucose C15H24N2O17P2 + H-1K1 -> C15H23K1N2O17P2"
356,79.96629,14.2,6.22,"Artifact","H1O3P1",0.5,"H3PO4 H3O4P1 - H2O1 -> H1O3P1"
357,243.0836,4.23,6.1,"Unknown","Unknown",0.42,"Unknown"
358,243.0837,3.07,4.54,"Unknown","Unknown",0.42,"Unknown"
359,243.0836,3.6,4.45,"Unknown","Unknown",0.42,"Unknown"
360,405.1119,14.82,6.23,"Artifact","C12H23N1O14",-0.11,"Trehalose C12H22O11 + H1N1O3 -> C12H23N1O14"
361,405.1118,13.88,5.93,"Artifact","C12H23N1O14",0.13,"Lactose C12H22O11 + H1N1O3 -> C12H23N1O14"
362,405.1118,13.44,5.28,"Putative metabolite","C12H23N1O14",0.13,"D-glucitol C6H14O6 + C6H8O6 -> C12H22O12 + O1 -> C12H22O13 + O1 -> C12H22O14 + H1N1 -> C12H23N1O14"
363,198.1619,2.6,6.19,"Metabolite","C12H22O2",0.4,"Ethyl 9-decenoate C12H22O2"
364,198.1619,2.19,6.09,"Metabolite","C12H22O2",0.4,"Ethyl 9-decenoate C12H22O2"
365,508.4488,2.49,6.12,"Artifact","C32H60O4",0.71,"palmitoleic acid C16H30O2 * 2 -> C32H60O4"
366,159.9462,13.08,5.85,"Artifact","C2Cr1H4O5",1.13,"CrO3 Cr1O3 + C2H4O2"
367,197.9423,13.85,6.2,"Artifact","[41]K1C2H5O6S1",1.06,"KHSO4 H1K1O4S1 + C2H4O2 + [41]K1K-1 -> [41]K1C2H5O6S1"
368,223.1419,11.22,6.17,"Putative metabolite","C9H21N1O5",0.33,"L-arabinitol C5H12O5 - C1H2 -> C4H10O5 + C5H8 -> C9H18O5 + H3N1 -> C9H21N1O5"
369,167.0513,2.57,5.97,"Artifact","[13]C1C4H10O6",-1.24,"L-2-Hydroxyglutaric acid C5H8O5 + H2O1 + [13]C1C-1 -> [13]C1C4H10O6"
370,167.0513,2.84,5.97,"Artifact","[13]C1C4H10O6",-1.24,"L-2-Hydroxyglutaric acid C5H8O5 + H2O1 + [13]C1C-1 -> [13]C1C4H10O6"
371,256.1147,16.76,6.24,"Artifact","C8H17N4Na1O4",0.19,"L-Arginine C6H14N4O2 + C2H3Na1O2 -> C8H17N4Na1O4"
372,256.1171,11.85,5.13,"Metabolite","C10H16N4O4",0.21,"2-(3-Carboxy-3-aminopropyl)-L-histidine C10H16N4O4"
373,539.4991,2.46,6.13,"Artifact","[13]C1C33H66O4",0.68,"Peak 140 C34H66O4 + [13]C1C-1 -> [13]C1C33H66O4"
374,351.1947,13.65,6.17,"Artifact","[13]C1C11H26N6O6",0.11,"citrulline C6H13N3O3 * 2 -> C12H26N6O6 + [13]C1C-1 -> [13]C1C11H26N6O6"
375,892.5382,2.48,6.12,"Unknown","Unknown",0.18,"Unknown"
376,275.0209,13.65,6.21,"Artifact","C6Cr1H13N3O6",0.16,"citrulline C6H13N3O3 + Cr1O3 -> C6Cr1H13N3O6"
377,106.0266,11.3,6.19,"Metabolite","C3H6O4",0.08,"Glyceric acid C3H6O4"
378,253.8997,13.92,6.13,"Artifact","C3H5K3O6",0.13,"KHCO3 C1H1K1O3 + C2H3K1O2 + H1K1O1 -> C3H5K3O6"
379,257.0987,13.64,6.2,"Artifact","C8H16N3Na1O5",0.25,"citrulline C6H13N3O3 + C2H3Na1O2 -> C8H16N3Na1O5"
380,257.0987,14.4,4.41,"Unknown","Unknown",0.4,"Unknown"
381,393.8874,13.91,6.08,"Artifact","C7H10K4O9",-0.23,"KHCO3 C1H1K1O3 + C2H3K1O2 + C2H3K1O2 -> C5H7K3O7 + C2H3K1O2 -> C7H10K4O9"
382,319.1031,13.57,6.15,"Artifact","C9H22N1O9P1",0.37,"Glycerophosphocholine C8H20N1O6P1 + C1H2O3 -> C9H22N1O9P1"
383,146.997,13.51,6.18,"Artifact","Ring_artifact_C5H9N1O4",0.63,"glutamate C5H9N1O4 + Ring_artifact -> Ring_artifact_C5H9N1O4"
384,160.0019,13.89,6.22,"Artifact","[18]O1C4H7K1O3",3.04,"CH3COOK C2H3K1O2 + C2H4O2 + [18]O1O-1 -> [18]O1C4H7K1O3"
385,380.2594,2.43,6.07,"Artifact","C18H40O6Si1",0.04,"Stearic acid C18H36O2 + H4O4Si1 -> C18H40O6Si1"
386,202.9885,13.5,6.2,"Artifact","C4Cr1H9N1O5",0.39,"glutamate C5H9N1O4 - C1O2 -> C4H9N1O2 + Cr1O3 -> C4Cr1H9N1O5"
387,245.9942,13.39,6.2,"Artifact","C5Cr1H10N2O6",0.79,"glutamine C5H10N2O3 + Cr1O3 -> C5Cr1H10N2O6"
388,216.1724,2.62,6.13,"Putative metabolite","C12H24O3",0.67,"Ethyl 9-decenoate C12H22O2 + H2O1 -> C12H24O3"
389,202.9885,12.19,4.04,"Artifact","C4Cr1H9N1O5",0.39,"b-Aminoisobutyric acid C4H9N1O2 + Cr1O3 -> C4Cr1H9N1O5"
390,147.066,13.39,6.17,"Artifact","Ring_artifact_C5H9N1O4",0.63,"glutamate C5H9N1O4 + Ring_artifact -> Ring_artifact_C5H9N1O4"
391,495.2597,7.1,6.08,"Putative metabolite","C22H42N1O9P1",0.04,"PE(16:1(9Z)/0:0) C21H42N1O7P1 + C1O2 -> C22H42N1O9P1"
392,237.8683,13.93,6.09,"Artifact","C2H1K3O6",0.56,"KHCO3 C1H1K1O3 + C1H2O3 + H-2K2 -> C2H1K3O6"
393,144.0605,4.21,6.23,"Artifact","Ring_artifact_C8H16O2",0.64,"Caprylic acid C8H16O2 + Ring_artifact -> Ring_artifact_C8H16O2"
394,144.0606,2.82,6.11,"Artifact","Ring_artifact_C8H16O2",0.64,"Caprylic acid C8H16O2 + Ring_artifact -> Ring_artifact_C8H16O2"
395,177.0635,13.38,6.19,"Artifact","C6H11N1O5",1.26,"Oxoadipic acid C6H8O5 + H3N1 -> C6H11N1O5"
396,216.122,13.38,6.15,"Metabolite","C8H16N4O3",1.11,"N-Acetyl-L-arginine C8H16N4O3"
397,497.1855,13.89,5.89,"Putative metabolite","C18H31N3O13",0.38,"N-Acetyl-glutamine C7H12N2O4 + H2O1 -> C7H14N2O5 + C11H17N1O8 -> C18H31N3O13"
398,497.1857,14.83,4.93,"Putative metabolite","C18H31N3O13",-0.02,"N-Acetyl-glutamine C7H12N2O4 + H2O1 -> C7H14N2O5 + C11H17N1O8 -> C18H31N3O13"
399,225.0352,2.62,5.96,"Unknown","Unknown",0.44,"Unknown"
400,304.2401,2.49,6.05,"Putative metabolite","C20H32O2",0.43,"alpha-Isomethyl-ionone C14H22O1 + C1H2O1 -> C15H24O2 + C5H8 -> C20H32O2"
401,146.1192,4.21,6.07,"Artifact","[18]O1C8H16O1",0.52,"Caprylic acid C8H16O2 + [18]O1O-1 -> [18]O1C8H16O1"
402,146.1192,2.82,5.95,"Artifact","[18]O1C8H16O1",0.52,"Caprylic acid C8H16O2 + [18]O1O-1 -> [18]O1C8H16O1"
403,305.0682,13.48,6.12,"Artifact","C10H15N3O6S1",-0.14,"gamma-Aminobutyric acid C4H9N1O2 + Peak 452 -> C10H15N3O6S1"
404,305.0681,13.02,5.98,"Artifact","C10H15N3O6S1",0.18,"S-Formylglutathione C11H17N3O7S1 - C1H2O1 -> C10H15N3O6S1"
405,305.0682,12.23,4.65,"Artifact","B1C6H17N1O10P1",0.37,"Mannitol-1-phosphate C6H15O9P1 + H3N1 + B1H-1O1 -> B1C6H17N1O10P1"
406,512.4802,2.47,6.02,"Artifact","C32H64O4",0.51,"Palmitic acid C16H32O2 * 2 -> C32H64O4"
407,280.0461,7.59,6.14,"Artifact","C9Cl1H13N2O6",0.41,"uridine C9H12N2O6 + Cl1H1 -> C9Cl1H13N2O6"
408,251.1521,2.05,6,"Putative metabolite","C14H21N1O3",0.17,"Ubiquinone Q1 C14H18O4 + H3N1O-1 -> C14H21N1O3"
409,251.1522,2.61,5.17,"Artifact","C14H21N1O3",-0.22,"Peak 326 C14H22O4 - C1H2O1 -> C13H20O3 + C1H1N1 -> C14H21N1O3"
410,276.1321,14.01,6.13,"Metabolite","C11H20N2O6",0.13,"Saccharopine C11H20N2O6"
411,250.0622,13.39,6.08,"Metabolite","C8H14N2O5S1",0.57,"Gamma-Glutamylcysteine C8H14N2O5S1"
412,158.0577,10.19,5.93,"Metabolite","C7H10O4",1.32,"2-Isopropylmaleic acid C7H10O4"
413,537.4836,2.47,6.02,"Artifact","[13]C1C33H64O4",0.4,"Peak 229 C34H64O4 + [13]C1C-1 -> [13]C1C33H64O4"
414,166.0821,8.83,6.17,"Artifact","[13]C1C8H11N1O2",1.41,"phenylalanine C9H11N1O2 + [13]C1C-1 -> [13]C1C8H11N1O2"
415,236.1776,2.52,6.11,"Artifact","C15H24O2",0.13,"alpha-Isomethyl-ionone C14H22O1 + C2H4O2 -> C16H26O3 - C1H2O1 -> C15H24O2"
416,257.9733,13.89,6.11,"Artifact","[41]K1C6H10K1O6",-0.11,"CH3COOK C2H3K1O2 + C2H4O2 + [41]K1K-1 -> [41]K1C4H7O4 + C2H3K1O2 -> [41]K1C6H10K1O6"
417,132.0421,13.08,6.13,"Metabolite","C5H8O4",1.2,"2-Methylsuccinic acid C5H8O4"
418,197.0799,11.28,6.13,"Artifact","C8H11N3O3",0.58,"Urocanic acid C6H6N2O2 + H2O1 + C2H3N1 -> C8H11N3O3"
419,328.2614,2.43,6.12,"Artifact","C19H36O4",-0.12,"Oleic acid C18H34O2 + C1H2O2 -> C19H36O4"
420,229.0562,13.5,6.12,"Artifact","C7H12N1Na1O6",0.14,"glutamate C5H9N1O4 + C2H3Na1O2 -> C7H12N1Na1O6"
421,229.0562,14.44,4.05,"Unknown","Unknown",0.44,"Unknown"
422,282.4038,2.44,6.47,"Artifact","Ring_artifact_C18H34O2",0.37,"Oleic acid C18H34O2 + Ring_artifact -> Ring_artifact_C18H34O2"
423,204.1361,4.2,6.11,"Artifact","C10H20O4",0.29,"Caprylic acid C8H16O2 + C2H4O2 -> C10H20O4"
424,204.1361,2.82,5.98,"Artifact","C10H20O4",0.29,"Caprylic acid C8H16O2 + C2H4O2 -> C10H20O4"
425,299.1636,2.1,6.1,"Unknown","Unknown",0.35,"Unknown"
426,315.2492,2.5,5.99,"Artifact","[13]C1C17H34O4",-0.43,"palmitoleic acid C16H30O2 + [13]C1C-1 -> [13]C1C15H30O2 + C2H4O2 -> [13]C1C17H34O4"
427,315.2492,4.21,5.24,"Artifact","[13]C1C17H34O4",-0.43,"glycolate C2H4O3 + C16H30O1 + [13]C1C-1 -> [13]C1C17H34O4"
428,315.2492,3.7,4.39,"Unknown","Unknown",0.34,"Unknown"
429,146.0214,12.86,6.12,"Metabolite","C5H6O5",0.84,"Oxoglutaric acid C5H6O5"
430,285.2663,2.44,5.92,"Artifact","[13]C3C15H34O2",-1.25,"Oleic acid C18H34O2 + [13]C1C-1 -> [13]C1C17H34O2 + [13]C1C-1 -> [13]C2C16H34O2 + [13]C1C-1 -> [13]C3C15H34O2"
431,242.1518,2.19,6.08,"Putative metabolite","C13H22O4",0.04,"Ethyl 9-decenoate C12H22O2 + C1O2 -> C13H22O4"
432,232.1057,13.41,6.1,"Artifact","C9H16N2O5",0.95,"Glycyl-L-proline C7H12N2O3 + C2H4O2 -> C9H16N2O5"
433,445.7255,13.85,6.08,"Artifact","H2K4O12S3",0.37,"KHSO4 H1K1O4S1 + H2O4S1 + H-2K2 -> H1K3O8S2 + H1K1O4S1 -> H2K4O12S3"
434,176.0926,13.64,6.11,"Artifact","[15]N1C6H13N2O3",0.72,"citrulline C6H13N3O3 + [15]N1N-1 -> [15]N1C6H13N2O3"
435,89.03557,13.01,5.56,"Artifact","Ring_artifact_C3H7N1O2",1.21,"alanine C3H7N1O2 + Ring_artifact -> Ring_artifact_C3H7N1O2"
436,311.8006,13.85,6.05,"Artifact","[41]K1H1K2O8S2",-0.25,"KHSO4 H1K1O4S1 + H1K1O4S1 + H-1K1 -> H1K3O8S2 + [41]K1K-1 -> [41]K1H1K2O8S2"
437,167.0662,4.2,6.08,"Artifact","[13]C1C8H10O3",0.89,"Phenylacetaldehyde C8H8O1 + C1H2O2 -> C9H10O3 + [13]C1C-1 -> [13]C1C8H10O3"
438,167.0662,2.86,5.59,"Artifact","[13]C1C8H10O3",0.89,"L-(?)-3-Phenyllactic acid C9H10O3 + [13]C1C-1 -> [13]C1C8H10O3"
439,169.0503,14.35,6.09,"Putative metabolite","C4H12N1O4P1",0.56,"Phosphorylcholine C5H14N1O4P1 - C1H2 -> C4H12N1O4P1"
440,169.0502,13.58,4.92,"Putative metabolite","C4H12N1O4P1",1.15,"Phosphorylcholine C5H14N1O4P1 - C1H2 -> C4H12N1O4P1"
441,175.0506,6.01,6.13,"Artifact","C9H7N2O2",0.87,"tryptophan C11H12N2O2 - C2H4 - H1 -> C9H7N2O2"
442,315.0854,2.57,6.39,"Unknown","Unknown",0.34,"Unknown"
443,135.0248,13.54,6.12,"Artifact","[13]C1C3H6O5",0.58,"malate C4H6O5 + [13]C1C-1 -> [13]C1C3H6O5"
444,259.1863,2.63,6.07,"Artifact","[13]C1C13H26O4",0.63,"Ethyl 9-decenoate C12H22O2 + C2H4O2 -> C14H26O4 + [13]C1C-1 -> [13]C1C13H26O4"
445,259.1863,4.05,5.1,"Artifact","[13]C1C13H26O4",0.63,"Peak 100 C14H26O4 + [13]C1C-1 -> [13]C1C13H26O4"
446,111.9925,13.7,6.08,"Putative metabolite","C1H5O4P1",0.4,"Ethylphosphate C2H7O4P1 - C1H2 -> C1H5O4P1"
447,89.02087,13.02,6.49,"Artifact","Ring_artifact_C3H7N1O2",1.21,"alanine C3H7N1O2 + Ring_artifact -> Ring_artifact_C3H7N1O2"
448,139.0035,13.93,6.13,"Artifact","C4H6K1N1O2",0.43,"CH3CN C2H3N1 + C2H3K1O2"
449,138.068,3.03,6.05,"Metabolite","C8H10O2",0.58,"1-(4-hydroxyphenyl)ethanol C8H10O2"
450,226.0149,4.22,5.78,"Unknown","Unknown",0.44,"Unknown"
451,226.0149,3.07,5.71,"Putative metabolite","C6H10O7S1",-0.78,"citrate/isocitrate C6H8O7 + H2S1 -> C6H10O7S1"
452,202.0045,13.39,6.09,"Artifact","C4Cr1H10N2O4",0.32,"glutamine C5H10N2O3 + Cr1O3 -> C5Cr1H10N2O6 - C1O2 -> C4Cr1H10N2O4"
453,100.016,13.31,6.06,"Artifact","C4H4O3",0.44,"Succinic acid C4H6O4 - H2O1 -> C4H4O3"
454,408.2445,16.77,6.05,"Artifact","C14H32N8O6",-0.05,"L-Arginine C6H14N4O2 + Peak 1180 -> C14H32N8O6"
455,290.1227,14.19,6.03,"Metabolite","C10H18N4O6",-0.23,"Argininosuccinic acid C10H18N4O6"
456,555.3172,3.07,6.02,"Artifact","C25H50N1O10P1",0.06,"PS(18:1(9Z)/0:0) C24H46N1O9P1 + C1H4O1 -> C25H50N1O10P1"
457,555.3173,7.09,5.86,"Artifact","C25H50N1O10P1",-0.12,"PS(18:1(9Z)/0:0) C24H46N1O9P1 + C1H4O1 -> C25H50N1O10P1"
458,645.0375,13.77,5.96,"Artifact","C17H26K1N3O17P2",-0.08,"Uridine diphosphate-N-acetylglucosamine C17H27N3O17P2 + H-1K1 -> C17H26K1N3O17P2"
459,303.5407,13.75,6.05,"Artifact","C8.5H13.5N1.5O8.5P1",0.28,"Uridine diphosphate-N-acetylglucosamine C17H27N3O17P2 / 2 -> C8.5H13.5N1.5O8.5P1"
460,294.1063,13.5,6.02,"Artifact","C10H18N2O8",0.05,"glutamate C5H9N1O4 * 2 -> C10H18N2O8"
461,230.1629,7.08,5.99,"Artifact","C11H22N2O3",0.62,"Butyrylcarnitine C11H21N1O4 - H2O1 -> C11H19N1O3 + H3N1 -> C11H22N2O3"
462,183.9939,13.4,6.06,"Artifact","C4Cr1H8N2O3",0.54,"glutamine C5H10N2O3 + Cr1O3 -> C5Cr1H10N2O6 - C1O2 -> C4Cr1H10N2O4 - H2O1 -> C4Cr1H8N2O3"
463,891.5257,2.49,5.94,"Unknown","Unknown",0.18,"Unknown"
464,306.5778,14.19,6.03,"Artifact","[13]C0.5C9.5H16N3O6S1",-0.46,"glutathione disulfide C20H32N6O12S2 / 2 -> C10H16N3O6S1 + [13]C0.5C-0.5 -> [13]C0.5C9.5H16N3O6S1"
465,339.0738,13.98,6.03,"Artifact","C10H17N3O8S1",-0.49,"Peak 3096 C8H14N2O8S1 + C2H3N1 -> C10H17N3O8S1"
466,288.23,4.22,6.03,"Artifact","C16H32O4",0.21,"Caprylic acid C8H16O2 * 2 -> C16H32O4"
467,132.0979,9.83,6.07,"Artifact","[13]C1C5H13N1O2",0.63,"isoleucine C6H13N1O2 + [13]C1C-1 -> [13]C1C5H13N1O2"
468,132.0979,9.31,5.96,"Artifact","[13]C1C5H13N1O2",0.63,"leucine C6H13N1O2 + [13]C1C-1 -> [13]C1C5H13N1O2"
469,235.8983,13.85,6.01,"Artifact","[41]K1C2H4K1O6S1",0.39,"KHSO4 H1K1O4S1 + C2H3K1O2 + [41]K1K-1 -> [41]K1C2H4K1O6S1"
470,94.04182,4.21,5.96,"Putative metabolite","C6H6O1",0.48,"Benzoic acid C7H6O2 - C1O1 -> C6H6O1"
471,300.0337,2.95,5.87,"Artifact","C8H16O8S1Si1",-0.62,"Peak 4010 C8H14O5S1 + H2O3Si1 -> C8H16O8S1Si1"
472,300.0337,2.65,5.87,"Putative metabolite","C9H16O7S2",0.15,"2-Methylthio-ethanol C3H8O1S1 + C6H8O6 -> C9H16O7S1 + S1 -> C9H16O7S2"
473,282.7573,2.43,5.87,"Artifact","[13]C0.5C17.5H34O2",0.91,"Oleic acid C18H34O2 + [13]C0.5C-0.5 -> [13]C0.5C17.5H34O2"
474,146.1247,13.38,6.04,"Artifact","Ring_artifact_C5H10N2O3",0.63,"glutamine C5H10N2O3 + Ring_artifact -> Ring_artifact_C5H10N2O3"
475,505.7372,13.85,5.92,"Artifact","H5K3O16S4",-0.07,"KHSO4 H1K1O4S1 + H2O4S1 + Peak 136 -> H5K3O16S4"
476,343.2803,2.43,5.95,"Artifact","[13]C1C19H38O4",0.19,"Oleic acid C18H34O2 + [13]C1C-1 -> [13]C1C17H34O2 + C2H4O2 -> [13]C1C19H38O4"
477,244.1673,2.63,6.02,"Artifact","C13H24O4",0.65,"Ethyl 9-decenoate C12H22O2 + C1H2O2 -> C13H24O4"
478,244.1673,8.59,5.31,"Putative metabolite","C13H24O4",0.65,"Ethyl 3-hydroxy hexanoate C8H16O3 + C5H8 -> C13H24O3 + O1 -> C13H24O4"
479,244.1673,4.08,5.14,"Putative metabolite","C13H24O4",0.65,"Ethyl 3-hydroxy hexanoate C8H16O3 + C5H8 -> C13H24O3 + O1 -> C13H24O4"
480,511.4678,2.48,5.91,"Artifact","[13]C1C31H62O4",0.71,"Peak 257 C32H62O4 + [13]C1C-1 -> [13]C1C31H62O4"
481,122.0791,2.92,5.07,"Unknown","Unknown",0.74,"Unknown"
482,179.9799,14.39,5.99,"Artifact","C4H6K1Na1O4",1.03,"CH3COOK C2H3K1O2 + C2H3Na1O2"
483,213.9645,13.92,6,"Artifact","C4H8K2O5",0.41,"CH3COOK C2H3K1O2 + C2H4O2 + H1K1O1 -> C4H8K2O5"
484,259.0455,13.68,6.01,"Metabolite","C6H14N1O8P1",0.78,"D-glucosamine-1/6-phosphate C6H14N1O8P1"
485,259.0455,14.14,5.4,"Metabolite","C6H14N1O8P1",0.78,"D-glucosamine-1/6-phosphate C6H14N1O8P1"
486,330.0925,7.63,6.03,"Artifact","C10H14N6O7",-0.37,"Adenosine C10H13N5O4 + H1N1O3 -> C10H14N6O7"
487,330.0941,13.38,4.69,"Artifact","C10H19K1N4O6",0.2,"glutamine C5H10N2O3 * 2 -> C10H20N4O6 + H-1K1 -> C10H19K1N4O6"
488,89.13542,13.01,5.9,"Artifact","Ring_artifact_C3H7N1O2",1.21,"alanine C3H7N1O2 + Ring_artifact -> Ring_artifact_C3H7N1O2"
489,216.0401,6.82,4.52,"Unknown","Unknown",0.46,"Unknown"
490,130.0266,6.51,5.79,"Metabolite","C5H6O4",0.07,"itaconic acid C5H6O4"
491,581.3693,3.07,5.53,"Putative metabolite","C28H56N1O9P1",-0.05,"PS(18:0/0:0) C24H48N1O9P1 + C2H4 -> C26H52N1O9P1 + C2H4 -> C28H56N1O9P1"
492,581.3693,7.1,5.98,"Putative metabolite","C28H56N1O9P1",-0.05,"PS(18:0/0:0) C24H48N1O9P1 + C2H4 -> C26H52N1O9P1 + C2H4 -> C28H56N1O9P1"
493,581.3692,3.61,3.9,"Putative metabolite","C28H56N1O9P1",0.12,"PS(18:0/0:0) C24H48N1O9P1 + C2H4 -> C26H52N1O9P1 + C2H4 -> C28H56N1O9P1"
494,191.0616,7.1,5.99,"Metabolite","C7H13N1O3S1",0.07,"N-Acetyl-L-methionine C7H13N1O3S1"
495,130.0459,11.14,5.66,"Artifact","[13]C1C4H7N1O3",0.37,"Pyroglutamic acid C5H7N1O3 + [13]C1C-1 -> [13]C1C4H7N1O3"
496,147.0895,9.91,6.05,"Putative metabolite","C6H13N1O3",0.29,"threonine C4H9N1O3 + C2H4 -> C6H13N1O3"
497,157.9348,13.89,6.03,"Artifact","Ring_artifact_C4H7K1O4",0.59,"CH3COOK C2H3K1O2 + C2H4O2 + Ring_artifact -> Ring_artifact_C4H7K1O4"
498,213.0205,13.65,6.03,"Artifact","C5Cr1H11N3O3",0.23,"citrulline C6H13N3O3 + Cr1O3 -> C6Cr1H13N3O6 - C1O2 -> C5Cr1H13N3O4 - H2O1 -> C5Cr1H11N3O3"
499,605.0771,14.11,6,"Putative metabolite","C16H25N5O16P2",0.09,"GDP C10H15N5O11P2 + C6H10O5 -> C16H25N5O16P2"
500,216.9676,13.5,5.98,"Artifact","C4Cr1H7N1O6",1.13,"glutamate C5H9N1O4 + Cr1O3 -> C5Cr1H9N1O7 - C1H2O1 -> C4Cr1H7N1O6"
501,188.116,12.95,6.03,"Metabolite","C8H16N2O3",0.49,"Acetyllysine C8H16N2O3"
502,188.116,8.64,5.17,"Metabolite","C8H16N2O3",0.49,"Glycyl-L-leucine C8H16N2O3"
503,188.116,9.51,5.48,"Metabolite","C8H16N2O3",0.49,"Acetyllysine C8H16N2O3"
504,570.2805,7.09,5.95,"Metabolite","C25H47O12P1",0.02,"PI(16:1(9Z)/0:0) C25H47O12P1"
505,357.1108,5.01,5.95,"Artifact","C13H19N5O5S1",-0.31,"5'-Methylthioadenosine C11H15N5O3S1 + C2H4O2 -> C13H19N5O5S1"
506,357.1108,14.97,5.59,"Artifact","C13H19N5O5S1",-0.31,"5'-Methylthioadenosine C11H15N5O3S1 + C2H4O2 -> C13H19N5O5S1"
507,250.0851,2.35,5.97,"Artifact","[34]S0.5C12H17O3.5S0.5",0.38,"No edge connections."
508,250.085,3.34,4.47,"Unknown","Unknown",0.41,"Unknown"
509,363.0581,14.08,6,"Metabolite","C10H14N5O8P1",-0.28,"GMP C10H14N5O8P1"
510,555.1304,14.19,5.98,"Unknown","Unknown",0.23,"Unknown"
511,111.983,8.18,5.05,"Putative metabolite","C1H4O4S1",0.26,"Heptadecanoic acid C17H34O2 + O3S1 -> C17H34O5S1 - C16H30O1 -> C1H4O4S1"
512,297.8895,13.93,5.91,"Artifact","C4H5K3O8",0.21,"KHCO3 C1H1K1O3 + C2H3K1O2 + C1H1K1O3 -> C4H5K3O8"
513,188.9728,12.99,6,"Artifact","C3Cr1H7N1O5",0.69,"alanine C3H7N1O2 + Cr1O3 -> C3Cr1H7N1O5"
514,269.2434,2.45,5.95,"Artifact","[13]C1C16H32O2",0.69,"Peak 127 C17H32O2 + [13]C1C-1 -> [13]C1C16H32O2"
515,256.2039,2.62,5.96,"Artifact","Ring_artifact_C16H32O2",0.4,"Palmitic acid C16H32O2 + Ring_artifact -> Ring_artifact_C16H32O2"
516,523.2907,7.09,5.95,"Metabolite","C24H46N1O9P1",0.61,"PS(18:1(9Z)/0:0) C24H46N1O9P1"
517,920.5654,2.45,5.77,"Unknown","Unknown",0.17,"Unknown"
518,146.1215,4.21,5.98,"Artifact","[13]C2C6H16O2",1.64,"Caprylic acid C8H16O2 + [13]C1C-1 -> [13]C1C7H16O2 + [13]C1C-1 -> [13]C2C6H16O2"
519,146.1215,2.82,5.85,"Artifact","[13]C2C6H16O2",1.64,"Caprylic acid C8H16O2 + [13]C1C-1 -> [13]C1C7H16O2 + [13]C1C-1 -> [13]C2C6H16O2"
520,257.1991,2.62,5.91,"Artifact","Ring_artifact_[13]C1C15H32O2",0.4,"Palmitic acid C16H32O2 + [13]C1C-1 -> [13]C1C15H32O2 + Ring_artifact -> Ring_artifact_[13]C1C15H32O2"
521,257.1991,3.96,5.15,"Putative metabolite","C14H27N1O3",-0.02,"Ethyl 9-decenoate C12H22O2 + H3N1 -> C12H25N1O2 + C2H2O1 -> C14H27N1O3"
522,244.2037,4.23,5.91,"Putative metabolite","C14H28O3",0.59,"Ethyl 9-decenoate C12H22O2 + H2O1 -> C12H24O3 + C2H4 -> C14H28O3"
523,101.9409,13.01,5.96,"Unknown","Unknown",0.87,"Unknown"
524,101.9409,11.31,4.44,"Unknown","Unknown",0.87,"Unknown"
525,101.9409,8.82,3.78,"Unknown","Unknown",0.87,"Unknown"
526,324.0359,13.93,5.96,"Metabolite","C9H13N2O9P1",-0.1,"UMP C9H13N2O9P1"
527,409.9187,13.9,5.86,"Artifact","C8H14K4O9",-0.22,"CH3COOK C2H3K1O2 + C2H4O2 + Peak 173 -> C9H14K4O11 - C1O2 -> C8H14K4O9"
528,202.1205,2.31,5.47,"Metabolite","C10H18O4",0.05,"dipropyl succinate C10H18O4"
529,194.1153,4.35,5.8,"Artifact","C8H18O5",0.64,"2-Hydroxycaproic acid C6H12O3 + H2 + C2H4O2 -> C8H18O5"
530,314.1719,2.08,5.93,"Unknown","Unknown",0.34,"Unknown"
531,257.9544,13.91,6.03,"Artifact","C5H8K2O7",0.06,"CH3COOK C2H3K1O2 + C2H4O2 + C1H1K1O3 -> C5H8K2O7"
532,235.8863,13.85,6.34,"Artifact","[34]S1H3K1O8S1",0.58,"KHSO4 H1K1O4S1 + H2O4S1 + [34]S1S-1 -> [34]S1H3K1O8S1"
533,522.3346,16.77,5.98,"Artifact","C18H42N12O6",0.82,"L-Arginine C6H14N4O2 * 3 -> C18H42N12O6"
534,281.2434,2.46,5.9,"Artifact","[13]C1C17H32O2",0.66,"Linoleic acid C18H32O2 + [13]C1C-1 -> [13]C1C17H32O2"
535,328.2978,2.54,5.9,"Putative metabolite","C20H40O3",-0.17,"Oleic acid C18H34O2 + H2O1 -> C18H36O3 + C2H4 -> C20H40O3"
536,302.2244,2.47,5.9,"Putative metabolite","C20H30O2",0.6,"Retinoic Acid C20H28O2 + H2 -> C20H30O2"
537,297.9083,13.92,5.89,"Artifact","[41]K1C5H7K2O7",0.39,"KHCO3 C1H1K1O3 + C2H3K1O2 + C2H3K1O2 -> C5H7K3O7 + [41]K1K-1 -> [41]K1C5H7K2O7"
538,540.5118,2.45,5.85,"Artifact","C34H68O4",-0.07,"Heptadecanoic acid C17H34O2 * 2 -> C34H68O4"
539,185.0323,12.92,5.95,"Metabolite","C7H7N1O5",0.66,"2-Amino-3-carboxymuconic acid semialdehyde C7H7N1O5"
540,256.095,2.33,5.92,"Artifact","Ring_artifact_C16H32O2",0.4,"Palmitic acid C16H32O2 + Ring_artifact -> Ring_artifact_C16H32O2"
541,104.0667,13.49,5.97,"Artifact","[13]C1C3H9N1O2",-0.16,"glutamate C5H9N1O4 - C1O2 -> C4H9N1O2 + [13]C1C-1 -> [13]C1C3H9N1O2"
542,104.0667,12.19,5.26,"Artifact","[13]C1C3H9N1O2",-0.16,"b-Aminoisobutyric acid C4H9N1O2 + [13]C1C-1 -> [13]C1C3H9N1O2"
543,388.1047,2.56,5.72,"Artifact","C15H26K1O7P1",1.6,"alpha-Isomethyl-ionone C14H22O1 + C1H2O2 -> C15H24O3 + H2K1O4P1 -> C15H26K1O7P1"
544,239.0752,11.3,5.96,"Artifact","C6H13N3O7",0.63,"Diaminopimelic Acid C7H14N2O4 - C1H2 + H1N1O3 -> C6H13N3O7"
545,235.8888,13.85,6.03,"Artifact","[41]K1H3O8S2",-0.17,"KHSO4 H1K1O4S1 + H2O4S1 + [41]K1K-1 -> [41]K1H3O8S2"
546,309.0797,13.5,5.82,"Artifact","[34]S1C10H17N3O6",-0.32,"glutathione C10H17N3O6S1 + [34]S1S-1 -> [34]S1C10H17N3O6"
547,256.3692,2.47,6.26,"Artifact","Ring_artifact_C16H32O2",0.4,"Palmitic acid C16H32O2 + Ring_artifact -> Ring_artifact_C16H32O2"
548,297.1072,7.88,5.98,"Metabolite","C11H15N5O5",0.34,"7-methylguanosine C11H15N5O5"
549,148.0499,13.49,5.98,"Artifact","[15]N1C5H9O4",1.98,"glutamate C5H9N1O4 + [15]N1N-1 -> [15]N1C5H9O4"
550,168.0509,13.39,5.96,"Artifact","C5H9N2Na1O3",1.11,"glutamine C5H10N2O3 + H-1Na1 -> C5H9N2Na1O3"
551,168.051,14.39,4.14,"Unknown","Unknown",0.56,"Unknown"
552,284.422,2.44,6,"Artifact","Ring_artifact_C18H36O2",0.37,"Stearic acid C18H36O2 + Ring_artifact -> Ring_artifact_C18H36O2"
553,522.1441,2.51,5.6,"Unknown","Unknown",0.24,"Unknown"
554,525.1186,2.53,5.7,"Unknown","Unknown",0.24,"Unknown"
555,100.9331,13.02,5.95,"Unknown","Unknown",1.08,"Unknown"
556,254.9947,13.44,5.83,"Artifact","C6Cr1H9N3O5",0.11,"asparagine C4H8N2O3 + Cr1O3 -> C4Cr1H8N2O6 + C2H3N1 -> C6Cr1H11N3O6 - H2O1 -> C6Cr1H9N3O5"
557,254.9947,14.11,5.23,"Putative metabolite","C8H5N3O5S1",1.14,"inosine C10H12N4O5 - C2H4 -> C8H8N4O5 - H3N1 -> C8H5N3O5 + S1 -> C8H5N3O5S1"
558,254.9947,14.31,5.07,"Putative metabolite","C8H5N3O5S1",1.14,"inosine C10H12N4O5 - C2H4 -> C8H8N4O5 - H3N1 -> C8H5N3O5 + S1 -> C8H5N3O5S1"
559,204.0359,13.01,5.95,"Artifact","C4H9N2Na1O6",-0.34,"threonine C4H9N1O3 + N1Na1O3 -> C4H9N2Na1O6"
560,292.1868,2.57,5.85,"Unknown","Unknown",0.36,"Unknown"
561,292.1868,3.79,5.02,"Unknown","Unknown",0.36,"Unknown"
562,147.9732,3.21,5.68,"Artifact","H1N2Na1O6",0.21,"NaNO3 N1Na1O3 + H1N1O3"
563,387.1765,2.78,5.87,"Artifact","[13]C1C14H26N6O4S1",1.24,"Peak 585 C16H26N6O6S1 - C1O2 -> C15H26N6O4S1 + [13]C1C-1 -> [13]C1C14H26N6O4S1"
564,301.2122,2.5,5.77,"Artifact","[13]C1C19H28O2",0.28,"Retinoic Acid C20H28O2 + [13]C1C-1 -> [13]C1C19H28O2"
565,289.8668,13.88,5.92,"Artifact","C2H5K3O7S1",-0.28,"KHSO4 H1K1O4S1 + C2H3K1O2 + H1K1O1 -> C2H5K3O7S1"
566,608.0849,13.75,5.87,"Artifact","[13]C1C16H27N3O17P2",0.04,"Uridine diphosphate-N-acetylglucosamine C17H27N3O17P2 + [13]C1C-1 -> [13]C1C16H27N3O17P2"
567,302.1647,7.1,5.9,"Putative metabolite","C15H27O4P1",-0.01,"palmitoleic acid C16H30O2 + H1O3P1 -> C16H31O5P1 - H2 -> C16H29O5P1 - C1H2O1 -> C15H27O4P1"
568,267.1915,2.58,5.89,"Artifact","[13]C1C15H26O3",0.19,"alpha-Isomethyl-ionone C14H22O1 + [13]C1C-1 -> [13]C1C13H22O1 + C2H4O2 -> [13]C1C15H26O3"
569,153.0538,13.56,5.66,"Putative metabolite","C6H7N3O2",0.17,"4-Nitrophenol C6H5N1O3 + H1N1 -> C6H6N2O3 - H-1N-1O1 -> C6H7N3O2"
570,195.9537,14.13,5.94,"Artifact","C2H6K1O6P1",1.05,"KH2PO4 H2K1O4P1 + C2H4O2"
571,89.02438,13.01,5.1,"Artifact","Ring_artifact_C3H7N1O2",1.21,"alanine C3H7N1O2 + Ring_artifact -> Ring_artifact_C3H7N1O2"
572,893.5413,2.48,5.85,"Unknown","Unknown",0.18,"Unknown"
573,177.0425,5.86,5.59,"Putative metabolite","C9H7N1O3",0.53,"Indole-2-carboxylic acid C9H7N1O2 + O1 -> C9H7N1O3"
574,189.0829,11.29,5.9,"Artifact","[13]C1C6H12N2O4",0.86,"Peak 3989 C14H24N4O8 / 2 -> C7H12N2O4 + [13]C1C-1 -> [13]C1C6H12N2O4"
575,355.9504,13.88,5.85,"Artifact","[41]K1C8H13K2O8",-0.33,"CH3COOK C2H3K1O2 + C2H4O2 + [41]K1K-1 -> [41]K1C4H7O4 + C2H3K1O2 -> [41]K1C6H10K1O6 + C2H3K1O2 -> [41]K1C8H13K2O8"
576,226.0325,2.57,5.78,"Putative metabolite","C6H10O9",-0.08,"Gluconic acid C6H12O7 + C1O2 -> C7H12O9 - C1H2 -> C6H10O9"
577,101.9409,13.38,5.96,"Unknown","Unknown",0.87,"Unknown"
578,160.0369,13.38,5.92,"Metabolite","C6H8O5",1.71,"Oxoadipic acid C6H8O5"
579,538.0603,13.85,5.87,"Artifact","C14H27K1O17S1",0.56,"Lactose C12H22O11 + C2H4O2 -> C14H26O13 + H1K1O4S1 -> C14H27K1O17S1"
580,175.0479,13.38,5.91,"Artifact","C6H9N1O5",0.98,"Peak 3132 C7H11N1O6 - C1H2O1 -> C6H9N1O5"
581,372.0732,2.64,5.6,"Putative metabolite","C13H24O6S3",0.81,"Lipoic acid C8H14O2S2 + C5H8 -> C13H22O2S2 + O3S1 -> C13H22O5S3 + H2O1 -> C13H24O6S3"
582,174.0395,16.77,5.9,"Artifact","Ring_artifact_C6H14N4O2",0.55,"L-Arginine C6H14N4O2 + Ring_artifact -> Ring_artifact_C6H14N4O2"
583,224.1412,2.69,5.66,"Artifact","C13H20O3",0.2,"Peak 326 C14H22O4 - C1H2O1 -> C13H20O3"
584,141.0425,12.92,5.92,"Artifact","C6H7N1O3",0.66,"2-Amino-3-carboxymuconic acid semialdehyde C7H7N1O5 - C1O2 -> C6H7N1O3"
585,430.1627,2.78,5.85,"Putative metabolite","C16H26N6O6S1",1.75,"S-Adenosylmethionine C15H22N6O5S1 + C1H2O1 -> C16H24N6O6S1 + H2 -> C16H26N6O6S1"
586,454.0857,13.9,5.67,"Unknown","Unknown",0.26,"Unknown"
587,583.3485,3.07,5.89,"Artifact","C27H54N1O10P1",0.06,"PE(16:1(9Z)/0:0) C21H42N1O7P1 + Peak 113 -> C27H54N1O10P1"
588,583.3485,7.1,5.58,"Putative metabolite","C27H54N1O10P1",0.06,"Phosphorylcholine C5H14N1O4P1 + C6H10O5 -> C11H24N1O9P1 + C16H30O1 -> C27H54N1O10P1"
589,583.3485,3.57,4.63,"Putative metabolite","C27H54N1O10P1",0.06,"Phosphorylcholine C5H14N1O4P1 + C6H10O5 -> C11H24N1O9P1 + C16H30O1 -> C27H54N1O10P1"
590,199.082,11.2,5.92,"Artifact","C7H14N1Na1O4",0.26,"DL-Valine C5H11N1O2 + C2H3Na1O2 -> C7H14N1Na1O4"
591,199.082,9.3,4.61,"Artifact","C7H14N1Na1O4",0.26,"leucine C6H13N1O2 + C1H1Na1O2 -> C7H14N1Na1O4"
592,199.082,9.84,4.29,"Artifact","C7H14N1Na1O4",0.26,"isoleucine C6H13N1O2 + C1H1Na1O2 -> C7H14N1Na1O4"
593,88.95961,13.01,5.9,"Artifact","Ring_artifact_C3H7N1O2",1.21,"alanine C3H7N1O2 + Ring_artifact -> Ring_artifact_C3H7N1O2"
594,320.0508,14.17,5.9,"Artifact","C8H17O11P1",0.15,"glucose-1-phosphate C6H13O9P1 + C2H4O2 -> C8H17O11P1"
595,320.2179,2.49,5.78,"Unknown","Unknown",0.34,"Unknown"
596,320.218,3.71,4.67,"Unknown","Unknown",0.34,"Unknown"
597,404.0022,14.11,5.92,"Metabolite","C9H14N2O12P2",-0.01,"UDP C9H14N2O12P2"
598,215.029,9.03,5.93,"Artifact","C5H5N5O5",0.32,"Xanthine C5H4N4O2 + H1N1O3 -> C5H5N5O5"
599,180.0423,2.84,5.14,"Metabolite","C9H8O4",-0.23,"hydroxyphenylpyruvate C9H8O4"
600,349.2267,16.77,5.89,"Artifact","[13]C1C11H28N8O4",0.02,"L-Arginine C6H14N4O2 * 2 -> C12H28N8O4 + [13]C1C-1 -> [13]C1C11H28N8O4"
601,497.2753,7.09,5.86,"Metabolite","C22H44N1O9P1",0.14,"PS(16:0/0:0) C22H44N1O9P1"
602,156.0169,8.57,5.92,"Metabolite","C5H4N2O4",1.32,"Orotic acid C5H4N2O4"
603,283.1072,2.43,5.83,"Artifact","Ring_artifact_[13]C1C17H34O2",0.37,"Oleic acid C18H34O2 + [13]C1C-1 -> [13]C1C17H34O2 + Ring_artifact -> Ring_artifact_[13]C1C17H34O2"
604,124.0434,4.21,5.57,"Artifact","[13]C2C5H6O2",0.72,"Benzoic acid C7H6O2 + [13]C1C-1 -> [13]C1C6H6O2 + [13]C1C-1 -> [13]C2C5H6O2"
605,355.9315,13.9,5.81,"Artifact","C7H11K3O9",-0.2,"CH3COOK C2H3K1O2 + C2H4O2 + Peak 1704 -> C7H11K3O9"
606,372.1732,13.64,5.86,"Artifact","C12H25N6Na1O6",0.34,"citrulline C6H13N3O3 + Peak 884 -> C12H25N6Na1O6"
607,212.0895,9.9,5.9,"Artifact","C7H16O7",0.48,"D-Arabitol C5H12O5 + C2H4O2 -> C7H16O7"
608,212.0909,13.16,5.33,"Putative metabolite","C8H12N4O3",0.19,"(6R)-6-(l-erythro-1,2-dihydroxypropyl)-5,6,7,8-tetrahydro-4a-hydroxypterin C9H14N4O3 - C1H2 -> C8H12N4O3"
609,212.0909,12.44,4.91,"Putative metabolite","C8H12N4O3",0.19,"(6R)-6-(l-erythro-1,2-dihydroxypropyl)-5,6,7,8-tetrahydro-4a-hydroxypterin C9H14N4O3 - C1H2 -> C8H12N4O3"
610,387.1718,2.08,4.43,"Unknown","Unknown",0.29,"Unknown"
611,283.0916,9.71,5.89,"Metabolite","C10H13N5O5",0.24,"guanosine C10H13N5O5"
612,260.1986,4.2,5.76,"Artifact","C14H28O4",0.61,"Caprylic acid C8H16O2 + Peak 16 -> C14H28O4"
613,238.1933,2.52,5.82,"Artifact","C15H26O2",-0.08,"alpha-Isomethyl-ionone C14H22O1 + C1H4O1 -> C15H26O2"
614,143.0581,7.17,5.9,"Putative metabolite","C6H9N1O3",1,"Pyroglutamic acid C5H7N1O3 + C1H2 -> C6H9N1O3"
615,235.1652,2.53,5.66,"Artifact","[13]C1C14H22O2",0.57,"Peak 170 C15H22O2 + [13]C1C-1 -> [13]C1C14H22O2"
616,295.9219,13.85,5.81,"Unknown","Unknown",0.36,"Unknown"
617,179.0945,2.89,5.68,"Putative metabolite","C10H13N1O2",0.72,"phenylalanine C9H11N1O2 + C1H2 -> C10H13N1O2"
618,448.2006,2.77,5.79,"Unknown","Unknown",0.26,"Unknown"
619,498.1745,2.35,5.82,"Artifact","C24H34O7S2",0.19,"Peak 73 C12H18O1S2 + Peak 540 -> C24H34O7S2"
620,498.1744,3.33,4.68,"Artifact","C16H32N6O8P2",2.58,"Peak 79 C8H16N3O4P1 * 2 -> C16H32N6O8P2"
621,371.8122,13.84,5.77,"Artifact","C3H4K4O9S1",0.62,"KHSO4 H1K1O4S1 + C2H3K1O2 + C1H1K1O3 -> C3H5K3O9S1 + H-1K1 -> C3H4K4O9S1"
622,159.0894,7.09,5.82,"Metabolite","C7H13N1O3",0.9,"N-Iso valerylglycine C7H13N1O3"
623,451.9292,13.89,5.77,"Artifact","C8H16K3O12P1",-0.31,"CH3COOK C2H3K1O2 + C2H4O2 + H3O4P1 -> C4H10K1O8P1 + C2H3K1O2 -> C6H13K2O10P1 + C2H3K1O2 -> C8H16K3O12P1"
624,317.2647,2.48,5.79,"Artifact","[13]C1C17H36O4",0.05,"Palmitic acid C16H32O2 + [13]C1C-1 -> [13]C1C15H32O2 + C2H4O2 -> [13]C1C17H36O4"
625,317.2647,4.21,5.42,"Artifact","[13]C1C17H36O4",0.05,"Peak 210 C18H36O4 + [13]C1C-1 -> [13]C1C17H36O4"
626,208.1736,2.57,5.83,"Artifact","[13]C2C12H22O1",0.84,"alpha-Isomethyl-ionone C14H22O1 + [13]C1C-1 -> [13]C1C13H22O1 + [13]C1C-1 -> [13]C2C12H22O1"
627,260.0982,13.02,5.88,"Artifact","C8H17N2Na1O6",0.89,"alanine C3H7N1O2 + Peak 199 -> C8H17N2Na1O6"
628,117.0643,11.24,4.38,"Artifact","Ring_artifact_C5H11N1O2",0.77,"DL-Valine C5H11N1O2 + Ring_artifact -> Ring_artifact_C5H11N1O2"
629,447.1894,2.81,5.8,"Artifact","C16H29N7O6S1",1.35,"Peak 585 C16H26N6O6S1 + H3N1 -> C16H29N7O6S1"
630,86.07314,7.08,5.77,"Metabolite","C5H10O1",0.29,"2-Methylbutanal C5H10O1"
631,86.07313,4.2,4.87,"Metabolite","C5H10O1",0.41,"2-Methylbutanal C5H10O1"
632,137.0557,4.21,5.83,"Artifact","[13]C1C7H8O2",0.62,"Phenyl acetate C8H8O2 + [13]C1C-1 -> [13]C1C7H8O2"
633,137.0557,2.88,5.14,"Artifact","[13]C1C7H8O2",0.62,"L-(?)-3-Phenyllactic acid C9H10O3 - C1H2O1 -> C8H8O2 + [13]C1C-1 -> [13]C1C7H8O2"
634,177.0997,13.64,5.85,"Artifact","[18]O1C6H13N3O2",1.34,"citrulline C6H13N3O3 + [18]O1O-1 -> [18]O1C6H13N3O2"
635,177.1,11.23,4.63,"Artifact","C7H15N1O4",0.61,"DL-Valine C5H11N1O2 + C2H4O2 -> C7H15N1O4"
636,177.0999,9.3,4.43,"Artifact","C7H15N1O4",1.17,"leucine C6H13N1O2 + C1H2O2 -> C7H15N1O4"
637,177.1,9.84,4.16,"Artifact","C7H15N1O4",0.61,"isoleucine C6H13N1O2 + C1H2O2 -> C7H15N1O4"
638,184.0199,13.42,5.82,"Artifact","[13]C1C6H5N1O5",1.23,"quinolinate C7H5N1O4 + O1 + [13]C1C-1 -> [13]C1C6H5N1O5"
639,73.01637,13.01,5.78,"Artifact","C2H3N1O2",0.11,"HCN C1H1N1 + C1H2O2"
640,452.2733,7.1,5.75,"Artifact","[13]C1C20H42N1O7P1",-0.12,"PE(16:1(9Z)/0:0) C21H42N1O7P1 + [13]C1C-1 -> [13]C1C20H42N1O7P1"
641,452.2733,3.07,5.49,"Artifact","[13]C1C20H42N1O7P1",-0.12,"PE(16:1(9Z)/0:0) C21H42N1O7P1 + [13]C1C-1 -> [13]C1C20H42N1O7P1"
642,505.7562,13.86,5.81,"Artifact","C4H7K5O12S2",0.45,"KHSO4 H1K1O4S1 + H2O4S1 + H-2K2 -> H1K3O8S2 + C2H3K1O2 -> C2H4K4O10S2 + C2H3K1O2 -> C4H7K5O12S2"
643,313.2982,2.53,5.77,"Putative metabolite","C19H39N1O2",-0.38,"Oleic acid C18H34O2 + C1H2 -> C19H36O2 + H3N1 -> C19H39N1O2"
644,133.9306,13.01,5.87,"Artifact","Cr1H2O5",0.98,"Hydrogen peroxide H2O2 + Cr1O3"
645,133.9307,13.39,5.88,"Artifact","Cr1H2O5",0.23,"Hydrogen peroxide H2O2 + Cr1O3"
646,230.188,4.23,5.58,"Artifact","C13H26O3",0.85,"Peak 778 C14H26O5 - C1O2 -> C13H26O3"
647,230.1881,2.44,5.71,"Putative metabolite","C13H26O3",0.41,"Ethyl 3-hydroxy hexanoate C8H16O3 + C5H8 -> C13H24O3 + H2 -> C13H26O3"
648,301.0915,2.65,5.34,"Artifact","[13]C1C9H20O8S1",-0.85,"2-Hydroxyoctanoic acid C8H16O3 + O3S1 + [13]C1C-1 -> [13]C1C7H16O6S1 + C2H4O2 -> [13]C1C9H20O8S1"
649,218.0556,11.81,5.85,"Artifact","C6Cl1H15O6",0.53,"D-glucitol C6H14O6 + Cl1H1 -> C6Cl1H15O6"
650,218.0555,11.37,5.77,"Artifact","C6Cl1H15O6",0.99,"D-glucitol C6H14O6 + Cl1H1 -> C6Cl1H15O6"
651,328.1874,2.08,5.84,"Unknown","Unknown",0.33,"Unknown"
652,599.1377,2.52,5.62,"Putative metabolite","C21H26N7O12P1",0.01,"Nicotinamide riboside C11H14N2O5 + O1 -> C11H14N2O6 + C10H12N5O6P1 -> C21H26N7O12P1"
653,190.084,4.1,5.86,"Metabolite","C8H14O5",0.65,"3-hydroxy-2-isopropyl-4-methoxy-4-oxobutanoate C8H14O5"
654,116.0666,11.97,5.87,"Unknown","Unknown",0.78,"Unknown"
655,296.2712,2.42,5.74,"Artifact","C19H36O2",1.12,"Peak 752 C20H38O3 - C1H2O1 -> C19H36O2"
656,281.7537,2.45,5.73,"Unknown","Unknown",0.37,"Unknown"
657,761.0873,13.91,5.73,"Artifact","C23H30K1N7O16P2",-1.53,"NAD C21H27N7O14P2 + C2H3K1O2 -> C23H30K1N7O16P2"
658,121.9942,4.21,6,"Artifact","Ring_artifact_C7H6O2",0.74,"Benzoic acid C7H6O2 + Ring_artifact -> Ring_artifact_C7H6O2"
659,121.9942,2.93,5.07,"Unknown","Unknown",0.74,"Unknown"
660,172.0136,13.59,5.84,"Metabolite","C3H9O6P1",0.43,"sn-glycerol-3-phosphate C3H9O6P1"
661,242.0462,2.88,5.56,"Putative metabolite","C7H14O7S1",-0.73,"Quinic acid C7H12O6 + S1 -> C7H12O6S1 + H2O1 -> C7H14O7S1"
662,161.0476,7.15,5.8,"Metabolite","C9H7N1O2",0.49,"Indole-2-carboxylic acid C9H7N1O2"
663,97.05275,12.93,5.83,"Artifact","C5H7N1O1",0.14,"2-Amino-3-carboxymuconic acid semialdehyde C7H7N1O5 - C1O2 -> C6H7N1O3 - C1O2 -> C5H7N1O1"
664,343.1195,14.83,5.63,"Artifact","[13]C1C11H22O11",0.19,"Trehalose C12H22O11 + [13]C1C-1 -> [13]C1C11H22O11"
665,343.1196,13.88,5.68,"Artifact","[13]C1C11H22O11",-0.1,"Lactose C12H22O11 + [13]C1C-1 -> [13]C1C11H22O11"
666,115.0269,2.75,5.77,"Putative metabolite","C4H5N1O3",0.37,"Pyroglutamic acid C5H7N1O3 - C1H2 -> C4H5N1O3"
667,598.3118,7.09,5.76,"Metabolite","C27H51O12P1",0.02,"PI(18:1(9Z)/0:0) C27H51O12P1"
668,329.8882,13.86,5.83,"Artifact","C2H8K2O10S1Si1",-0.13,"KHSO4 H1K1O4S1 + C2H3K1O2 + H4O4Si1 -> C2H8K2O10S1Si1"
669,160.9994,13.87,5.79,"Artifact","[13]C1[41]K1C3H7O4",1.33,"CH3COOK C2H3K1O2 + C2H4O2 + [41]K1K-1 -> [41]K1C4H7O4 + [13]C1C-1 -> [13]C1[41]K1C3H7O4"
670,134.999,2.27,5.8,"Putative metabolite","C3H5N1O3S1",0.1,"L-3-Oxoalanine C3H5N1O3 + S1 -> C3H5N1O3S1"
671,134.999,2.63,5.8,"Putative metabolite","C3H5N1O3S1",0.1,"L-3-Oxoalanine C3H5N1O3 + S1 -> C3H5N1O3S1"
672,409.7772,13.85,5.8,"Artifact","[41]K1C2H4K3O10S2",0.82,"KHSO4 H1K1O4S1 + C2H4O2 + H1K1O4S1 -> C2H6K2O10S2 + H-2K2 -> C2H4K4O10S2 + [41]K1K-1 -> [41]K1C2H4K3O10S2"
673,600.3274,7.09,5.74,"Metabolite","C27H53O12P1",0.11,"PI(18:0/0:0) C27H53O12P1"
674,441.087,13.85,5.52,"Artifact","[13]C1C11H24O15S1",-0.12,"Lactose C12H22O11 + H2O4S1 -> C12H24O15S1 + [13]C1C-1 -> [13]C1C11H24O15S1"
675,254.0984,2.49,6.18,"Artifact","Ring_artifact_C16H30O2",0.4,"palmitoleic acid C16H30O2 + Ring_artifact -> Ring_artifact_C16H30O2"
676,102.0793,13.38,5.82,"Artifact","C4H10N2O1",0.13,"glutamine C5H10N2O3 - C1O2 -> C4H10N2O1"
677,203.1269,14.71,5.81,"Putative metabolite","C8H17N3O3",0.45,"citrulline C6H13N3O3 + C2H4 -> C8H17N3O3"
678,203.1269,14.24,5.55,"Putative metabolite","C8H17N3O3",0.45,"citrulline C6H13N3O3 + C2H4 -> C8H17N3O3"
679,149.051,10.08,5.84,"Metabolite","C5H11N1O2S1",0.33,"methionine C5H11N1O2S1"
680,543.6927,13.85,5.72,"Artifact","H4K4O16S4",0.63,"KHSO4 H1K1O4S1 + H1K1O4S1 + H1K1O4S1 -> H3K3O12S3 + H1K1O4S1 -> H4K4O16S4"
681,247.9784,13.51,5.82,"Artifact","[53]Cr1C5H9N1O7",0.61,"glutamate C5H9N1O4 + Cr1O3 -> C5Cr1H9N1O7 + [53]Cr1Cr-1 -> [53]Cr1C5H9N1O7"
682,134.0407,13.58,5.82,"Artifact","[13]C1C3H7N1O4",1.21,"aspartate C4H7N1O4 + [13]C1C-1 -> [13]C1C3H7N1O4"
683,134.0408,11.29,5.41,"Artifact","[13]C1C3H7N1O4",0.47,"Aminoadipic acid C6H11N1O4 - C2H4 + [13]C1C-1 -> [13]C1C3H7N1O4"
684,202.1065,13.44,5.76,"Artifact","C7H14N4O3",0.45,"citrulline C6H13N3O3 + C1H1N1 -> C7H14N4O3"
685,303.1083,13.58,5.82,"Artifact","C9H22N1O8P1",0.01,"Peak 115 C7H18N1O6P1 + C2H4O2 -> C9H22N1O8P1"
686,194.0334,14.18,4.94,"Unknown","Unknown",0.5,"Unknown"
687,208.0581,4.95,5.83,"Artifact","C7H12O7",0.97,"L-2-Hydroxyglutaric acid C5H8O5 + C2H4O2 -> C7H12O7"
688,208.0581,12.23,4.98,"Putative metabolite","C7H12O7",0.97,"Quinic acid C7H12O6 + O1 -> C7H12O7"
689,420.2909,2.43,5.68,"Artifact","C22H44O5S1",0.11,"Peak 340 C20H40O4 + Peak 1651 -> C22H44O5S1"
690,513.4837,2.47,5.6,"Artifact","[13]C1C31H64O4",0.22,"Palmitic acid C16H32O2 * 2 -> C32H64O4 + [13]C1C-1 -> [13]C1C31H64O4"
691,183.0822,11.81,5.84,"Artifact","[13]C1C5H14O6",1.05,"D-glucitol C6H14O6 + [13]C1C-1 -> [13]C1C5H14O6"
692,183.0822,11.36,5.71,"Artifact","[13]C1C5H14O6",1.05,"D-glucitol C6H14O6 + [13]C1C-1 -> [13]C1C5H14O6"
693,227.0688,2.84,5.67,"Unknown","Unknown",0.44,"Unknown"
694,303.0525,13.02,5.77,"Putative metabolite","C10H13N3O6S1",0.02,"glutathione C10H17N3O6S1 - H2 -> C10H15N3O6S1 - H2 -> C10H13N3O6S1"
695,303.0526,13.51,5.19,"Putative metabolite","C10H13N3O6S1",-0.31,"glutathione C10H17N3O6S1 - H2 -> C10H15N3O6S1 - H2 -> C10H13N3O6S1"
696,116.123,3.01,5.19,"Artifact","Ring_artifact_C6H12O2",0.78,"4-Methylvaleric acid C6H12O2 + Ring_artifact -> Ring_artifact_C6H12O2"
697,116.1229,4.23,5.75,"Artifact","Ring_artifact_C6H12O2",0.78,"isobutyl acetate C6H12O2 + Ring_artifact -> Ring_artifact_C6H12O2"
698,483.6813,13.85,5.74,"Artifact","H1K5O12S3",0.51,"KHSO4 H1K1O4S1 + H1K1O4S1 + H1K1O4S1 -> H3K3O12S3 + H-2K2 -> H1K5O12S3"
699,176.1181,16.77,5.42,"Artifact","[13]C2C4H14N4O2",1.62,"L-Arginine C6H14N4O2 + [13]C1C-1 -> [13]C1C5H14N4O2 + [13]C1C-1 -> [13]C2C4H14N4O2"
700,300.2301,2.47,5.78,"Artifact","C17H32O4",-0.14,"palmitoleic acid C16H30O2 + C1H2O2 -> C17H32O4"
701,242.5813,2.37,5.72,"Artifact","[13]C0.5C8H12.5N4O3.5P0.5",-1.78,"Peak 1646 C17H25N8O7P1 / 2 -> C8.5H12.5N4O3.5P0.5 + [13]C0.5C-0.5 -> [13]C0.5C8H12.5N4O3.5P0.5"
702,242.5812,3.38,4.36,"Unknown","Unknown",0.42,"Unknown"
703,431.8335,13.88,5.76,"Artifact","C5H8K4O11S1",0.14,"KHSO4 H1K1O4S1 + C2H3K1O2 + Peak 1704 -> C5H8K4O11S1"
704,453.9085,13.89,5.73,"Artifact","C9H14K4O11",-0.13,"CH3COOK C2H3K1O2 + C2H4O2 + Peak 173 -> C9H14K4O11"
705,448.0712,2.62,5.53,"Artifact","C14H24O12S2",-0.63,"Peak 96 C7H12O6S1 * 2 -> C14H24O12S2"
706,313.9398,13.89,5.74,"Artifact","[41]K1C6H11K2O7",-0.26,"CH3COOK C2H3K1O2 + C2H4O2 + [41]K1K-1 -> [41]K1C4H7O4 + C2H3K1O2 -> [41]K1C6H10K1O6 + H1K1O1 -> [41]K1C6H11K2O7"
707,446.0603,14.01,5.72,"Metabolite","C11H20N4O11P2",0.18,"CDP-Ethanolamine C11H20N4O11P2"
708,509.4523,2.48,5.65,"Artifact","[13]C1C31H60O4",0.42,"palmitoleic acid C16H30O2 * 2 -> C32H60O4 + [13]C1C-1 -> [13]C1C31H60O4"
709,177.0829,11.3,5.75,"Artifact","[13]C1C5H12N2O4",0.91,"Diaminopimelic Acid C7H14N2O4 - C1H2 + [13]C1C-1 -> [13]C1C5H12N2O4"
710,177.0829,12.2,3.89,"Unknown","Unknown",0.54,"Unknown"
711,201.0612,13,5.78,"Artifact","C6H12N1Na1O5",0.58,"threonine C4H9N1O3 + C2H3Na1O2 -> C6H12N1Na1O5"
712,387.8438,13.88,5.77,"Artifact","C4H8K4O9S1",-0.18,"KHSO4 H1K1O4S1 + C2H3K1O2 + C2H3K1O2 -> C4H7K3O8S1 + H1K1O1 -> C4H8K4O9S1"
713,487.1649,12.99,5.75,"Unknown","Unknown",0.25,"Unknown"
714,197.9235,13.84,5.77,"Artifact","C1H3K1O7S1",0.78,"KHCO3 C1H1K1O3 + H2O4S1"
715,614.1474,14.18,5.78,"Artifact","[34]S1C20H32N6O12S1",0.58,"glutathione disulfide C20H32N6O12S2 + [34]S1S-1 -> [34]S1C20H32N6O12S1"
716,390.1516,13.63,5.71,"Artifact","C11H27N4O9P1",-0.09,"citrulline C6H13N3O3 + Peak 145 -> C11H27N4O9P1"
717,248.1007,11.27,5.78,"Artifact","C9H16N2O6",0.55,"Peak 3989 C14H24N4O8 / 2 -> C7H12N2O4 + C2H4O2 -> C9H16N2O6"
718,194.031,14.18,5.82,"Artifact","[18]O1C6H8O6",1.28,"citrate/isocitrate C6H8O7 + [18]O1O-1 -> [18]O1C6H8O6"
719,286.2508,2.34,5.77,"Putative metabolite","C17H34O3",-0.02,"Palmitic acid C16H32O2 + C1H2O1 -> C17H34O3"
720,286.2508,2.65,5.77,"Putative metabolite","C17H34O3",-0.02,"Palmitic acid C16H32O2 + C1H2O1 -> C17H34O3"
721,286.2507,4.2,5.36,"Artifact","C17H34O3",0.33,"Peak 210 C18H36O4 - C1H2O1 -> C17H34O3"
722,256.9785,13.89,5.74,"Artifact","[13]C1C5H10K2O6",0.03,"CH3COOK C2H3K1O2 + C2H4O2 + C2H3K1O2 -> C6H10K2O6 + [13]C1C-1 -> [13]C1C5H10K2O6"
723,117.9282,13,5.76,"Unknown","Unknown",0.77,"Unknown"
724,117.9281,11.33,4.33,"Unknown","Unknown",0.77,"Unknown"
725,117.9281,13.4,5.75,"Artifact","Ring_artifact_C4H6O4",0.77,"Succinic acid C4H6O4 + Ring_artifact -> Ring_artifact_C4H6O4"
726,820.3186,2.53,5.72,"Unknown","Unknown",0.18,"Unknown"
727,99.95637,1.99,5.8,"Unknown","Unknown",1.09,"Unknown"
728,464.2265,2.08,4.6,"Unknown","Unknown",0.26,"Unknown"
729,176.0876,12.23,5.79,"Artifact","[13]C1C6H13N1O4",1.21,"Diaminopimelic Acid C7H14N2O4 - H1N1 + [13]C1C-1 -> [13]C1C6H13N1O4"
730,112.0272,7.59,5.84,"Metabolite","C4H4N2O2",0.69,"Uracil C4H4N2O2"
731,112.0272,8.56,5.82,"Metabolite","C4H4N2O2",0.69,"Uracil C4H4N2O2"
732,142.0994,4.23,5.74,"Metabolite","C8H14O2",-0.14,"Butyl 2-methyl-2-propenoate C8H14O2"
733,142.0994,2.82,5.43,"Artifact","C8H14O2",-0.14,"2-Hydroxyoctanoic acid C8H16O3 - H2O1 -> C8H14O2"
734,176.1157,16.79,5.8,"Artifact","[18]O1C6H14N4O1",1.26,"L-Arginine C6H14N4O2 + [18]O1O-1 -> [18]O1C6H14N4O1"
735,407.009,13.5,5.67,"Artifact","C10Cr1H17N3O9S1",0.14,"glutathione C10H17N3O6S1 + Cr1O3 -> C10Cr1H17N3O9S1"
736,431.8521,13.88,5.77,"Artifact","[41]K1C6H10K3O10S1",0.73,"KHSO4 H1K1O4S1 + C2H3K1O2 + C2H3K1O2 -> C4H7K3O8S1 + C2H3K1O2 -> C6H10K4O10S1 + [41]K1K-1 -> [41]K1C6H10K3O10S1"
737,315.1043,13.45,5.68,"Artifact","C10H18N3Na1O7",-0.18,"creatine C4H9N3O2 + C6H10O5 + H-1Na1 -> C10H18N3Na1O7"
738,409.7671,13.85,5.66,"Artifact","[41]K1H3K2O12S3",1.96,"KHSO4 H1K1O4S1 + H1K1O4S1 + H1K1O4S1 -> H3K3O12S3 + [41]K1K-1 -> [41]K1H3K2O12S3"
739,175.0225,13.64,5.79,"Artifact","Ring_artifact_C6H13N3O3",0.54,"citrulline C6H13N3O3 + Ring_artifact -> Ring_artifact_C6H13N3O3"
740,453.2855,7.09,5.71,"Artifact","C21H44N1O7P1",0.09,"PA(18:1(9Z)/0:0) C21H41O7P1 + H3N1 -> C21H44N1O7P1"
741,453.2855,3.07,5.49,"Artifact","C21H44N1O7P1",0.09,"PA(18:1(9Z)/0:0) C21H41O7P1 + H3N1 -> C21H44N1O7P1"
742,453.2855,3.64,3.95,"Metabolite","C21H44N1O7P1",0.09,"PE(16:0/0:0) C21H44N1O7P1"
743,567.0585,13.93,5.75,"Artifact","[13]C1C14H24N2O17P2",-0.22,"UDP-D-glucose C15H24N2O17P2 + [13]C1C-1 -> [13]C1C14H24N2O17P2"
744,103.027,9.99,5.74,"Artifact","C3H5N1O3",-0.55,"CH3CN C2H3N1 + C1H2O3"
745,323.0518,14.02,5.74,"Metabolite","C9H14N3O8P1",0.16,"CMP C9H14N3O8P1"
746,269.0841,8.67,5.78,"Artifact","[13]C1C9H12N4O5",0.09,"inosine C10H12N4O5 + [13]C1C-1 -> [13]C1C9H12N4O5"
747,201.0636,7.6,4.39,"Putative metabolite","C8H11N1O5",0.61,"N-Acetyl-L-glutamate 5-semialdehyde C7H11N1O4 + C1O1 -> C8H11N1O5"
748,304.0907,7.59,5.76,"Artifact","C11H16N2O8",-0.11,"uridine C9H12N2O6 + C2H4O2 -> C11H16N2O8"
749,517.2115,13.89,5.47,"Unknown","Unknown",0.24,"Unknown"
750,175.1685,13.64,5.79,"Artifact","Ring_artifact_C6H13N3O3",0.54,"citrulline C6H13N3O3 + Ring_artifact -> Ring_artifact_C6H13N3O3"
751,169.0374,2.61,5.59,"Metabolite","C7H7N1O4",0.64,"2-Furoylglycine C7H7N1O4"
752,326.2822,2.44,5.7,"Artifact","C20H38O3",-0.32,"Stearic acid C18H36O2 + C2H4O2 -> C20H40O4 - H2O1 -> C20H38O3"
753,144.2969,4.2,5.54,"Unknown","Unknown",0.64,"Unknown"
754,144.297,2.81,5.33,"Unknown","Unknown",0.64,"Unknown"
755,256.6736,2.47,5.54,"Unknown","Unknown",0.4,"Unknown"
756,650.1079,14.16,5.73,"Artifact","C20H31K1N6O12S2",-0.09,"glutathione disulfide C20H32N6O12S2 + H-1K1 -> C20H31K1N6O12S2"
757,194.0789,4.5,5.77,"Putative metabolite","C7H14O6",0.71,"L-arabinitol C5H12O5 + C2H2O1 -> C7H14O6"
758,488.3167,2.44,5.68,"Unknown","Unknown",0.25,"Unknown"
759,275.1117,13.65,5.74,"Artifact","C10H17N3O6",0.13,"Cytidine C9H13N3O5 + C1H4O1 -> C10H17N3O6"
760,190.1204,4.21,5.66,"Artifact","C9H18O4",0.57,"Caprylic acid C8H16O2 + C1H2O2 -> C9H18O4"
761,449.1815,2.79,5.66,"Unknown","Unknown",0.26,"Unknown"
762,196.0935,16.77,5.76,"Artifact","C6H13N4Na1O2",0.61,"L-Arginine C6H14N4O2 + H-1Na1 -> C6H13N4Na1O2"
763,196.0945,7.49,5.63,"Artifact","C7H16O6",0.96,"3-Hydroxyisovaleric acid C5H10O3 + H2O1 + C2H4O2 -> C7H16O6"
764,196.0945,8.06,5.1,"Artifact","C7H16O6",0.96,"3-Hydroxyisovaleric acid C5H10O3 + H2O1 + C2H4O2 -> C7H16O6"
765,160.0846,13.27,5.49,"Artifact","C6H12N2O3",1.2,"Peak 237 C5H11N1O3 + C1H1N1 -> C6H12N2O3"
766,160.0846,11.31,5.76,"Artifact","C6H12N2O3",1.2,"Peak 236 C5H11N1O3 + C1H1N1 -> C6H12N2O3"
767,160.0846,13.66,5.5,"Metabolite","C6H12N2O3",1.2,"Ala-Ala C6H12N2O3"
768,160.0846,12.85,5.44,"Artifact","C6H12N2O3",1.2,"threonine C4H9N1O3 + C2H3N1 -> C6H12N2O3"
769,333.1813,2.06,5.66,"Unknown","Unknown",0.33,"Unknown"
770,97.8658,13.86,5.64,"Unknown","Unknown",1.11,"Unknown"
771,278.0143,7.05,5.74,"Putative metabolite","C6H16O6P2S1",-0.07,"Diisopropyl sulfide C6H14S1 + H1O3P1 -> C6H15O3P1S1 + H1O3P1 -> C6H16O6P2S1"
772,285.2302,2.54,5.67,"Artifact","Ring_artifact_[13]C1C17H36O2",0.37,"Stearic acid C18H36O2 + [13]C1C-1 -> [13]C1C17H36O2 + Ring_artifact -> Ring_artifact_[13]C1C17H36O2"
773,285.2304,3.8,4.69,"Putative metabolite","C16H31N1O3",-0.02,"palmitoleic acid C16H30O2 + O1 -> C16H30O3 + H1N1 -> C16H31N1O3"
774,673.1567,2.51,5.46,"Unknown","Unknown",0.2,"Unknown"
775,338.3185,2.38,5.62,"Putative metabolite","C22H42O2",-0.06,"Heptadecanoic acid C17H34O2 + C5H8 -> C22H42O2"
776,399.1309,13.03,5.7,"Artifact","C13H25N3O9S1",0.63,"Peak 1829 C11H21N1O6S1 + H1N1O3 -> C11H22N2O9S1 + C2H3N1 -> C13H25N3O9S1"
777,507.735,13.85,5.67,"Artifact","C3H5K5O13S2",1.36,"KHSO4 H1K1O4S1 + H2O4S1 + H-2K2 -> H1K3O8S2 + Peak 1704 -> C3H5K5O13S2"
778,274.178,4.23,5.64,"Putative metabolite","C14H26O5",0.09,"Dodecanoylcarnitine C19H37N1O4 - C5H8 -> C14H29N1O4 - H3N1O-1 -> C14H26O5"
779,273.1002,2.6,5.71,"Putative metabolite","C15H15N1O4",-0.34,"3-Carboxy-2,3,4,9-tetrahydro-1H-pyrido[3,4-b]indole-1-propanoic acid C15H16N2O4 - H1N1 -> C15H15N1O4"
780,178.0456,7.13,4.93,"Unknown","Unknown",0.54,"Unknown"
781,220.1826,2.59,5.53,"Artifact","C15H24O1",0.52,"Peak 2821 C16H26O2 - C1H2O1 -> C15H24O1"
782,301.2002,7.1,5.67,"Putative metabolite","C14H27N3O4",-0.14,"citrulline C6H13N3O3 + C2H4 -> C8H17N3O3 + C1H2O1 -> C9H19N3O4 + C5H8 -> C14H27N3O4"
783,404.1417,13.88,5.59,"Artifact","[18]O1C14H26O12",-0.28,"Lactose C12H22O11 + C2H4O2 -> C14H26O13 + [18]O1O-1 -> [18]O1C14H26O12"
784,404.1419,14.83,5.02,"Artifact","[18]O1C14H26O12",-0.78,"Trehalose C12H22O11 + C2H4O2 -> C14H26O13 + [18]O1O-1 -> [18]O1C14H26O12"
785,554.3412,7.09,5.66,"Artifact","[13]C1C25H52N1O9P1",0.22,"Peak 588 C27H54N1O10P1 - C1H2O1 -> C26H52N1O9P1 + [13]C1C-1 -> [13]C1C25H52N1O9P1"
786,161.0322,13.45,5.65,"Artifact","C5H7N1O5",1.38,"malate C4H6O5 + C1H1N1 -> C5H7N1O5"
787,480.3045,7.09,5.66,"Artifact","[13]C1C22H46N1O7P1",0.09,"Peak 3587 C21H43O7P1 + C2H3N1 -> C23H46N1O7P1 + [13]C1C-1 -> [13]C1C22H46N1O7P1"
788,275.1117,11.66,4.74,"Putative metabolite","C10H17N3O6",0.13,"glutathione C10H17N3O6S1 - S1 -> C10H17N3O6"
789,124.041,4.21,5.82,"Artifact","[18]O1C7H6O1",0.2,"Benzoic acid C7H6O2 + [18]O1O-1 -> [18]O1C7H6O1"
790,264.0778,13.46,5.65,"Artifact","C9H16N2O5S1",0.73,"Peak 1894 C7H13N1O5S1 + C2H3N1 -> C9H16N2O5S1"
791,129.0401,13.01,5.7,"Artifact","C3H8N1Na1O3",0.68,"alanine C3H7N1O2 + H1Na1O1 -> C3H8N1Na1O3"
792,715.5153,4.24,5.69,"Metabolite","C39H74N1O8P1",-0.13,"PE(16:1(9Z)/18:1(9Z)) C39H74N1O8P1"
793,715.5154,3.04,5.57,"Metabolite","C39H74N1O8P1",-0.27,"PE(16:1(9Z)/18:1(9Z)) C39H74N1O8P1"
794,174.1446,16.77,4.9,"Artifact","Ring_artifact_C6H14N4O2",0.55,"L-Arginine C6H14N4O2 + Ring_artifact -> Ring_artifact_C6H14N4O2"
795,193.9647,13.94,5.75,"Artifact","C2H7K1O6Si1",1.01,"H4SiO4 H4O4Si1 + C2H3K1O2"
796,384.1215,13.4,5.68,"Metabolite","C14H20N6O5S1",0.23,"S-adenosyl-L-homoCysteine C14H20N6O5S1"
797,89.05593,13.02,5.78,"Artifact","Ring_artifact_C3H7N1O2",1.21,"alanine C3H7N1O2 + Ring_artifact -> Ring_artifact_C3H7N1O2"
798,467.7811,13.85,5.6,"Artifact","H6K2O16S4",0.39,"KHSO4 H1K1O4S1 + H2O4S1 + H1K1O4S1 -> H4K2O12S3 + H2O4S1 -> H6K2O16S4"
799,174.1003,11.3,5.71,"Metabolite","C7H14N2O3",0.82,"N-Acetylornithine C7H14N2O3"
800,174.1004,13.6,5.47,"Metabolite","C7H14N2O3",0.24,"N-acetyl-L-ornithine C7H14N2O3"
801,174.1003,11.9,5.22,"Metabolite","C7H14N2O3",0.82,"N-Acetylornithine C7H14N2O3"
802,174.1003,13.09,4.75,"Metabolite","C7H14N2O3",0.82,"N-Acetylornithine C7H14N2O3"
803,225.0389,2.58,5.51,"Artifact","[13]C1C6H12O6S1",-0.38,"Peak 96 C7H12O6S1 + [13]C1C-1 -> [13]C1C6H12O6S1"
804,664.1126,13.92,5.71,"Artifact","[13]C1C20H27N7O14P2",-0.19,"NAD C21H27N7O14P2 + [13]C1C-1 -> [13]C1C20H27N7O14P2"
805,252.2091,2.5,5.69,"Artifact","C16H28O2",-0.67,"Peak 2821 C16H26O2 - C1H2O1 -> C15H24O1 + C1H4O1 -> C16H28O2"
806,529.2931,7.1,5.61,"Unknown","Unknown",0.24,"Unknown"
807,209.0646,13.38,5.72,"Artifact","C5H11N3O6",0.89,"glutamine C5H10N2O3 + H1N1O3 -> C5H11N3O6"
808,281.6412,2.44,5.57,"Unknown","Unknown",0.37,"Unknown"
809,218.9834,13.02,5.71,"Artifact","C4Cr1H9N1O6",0.43,"threonine C4H9N1O3 + Cr1O3 -> C4Cr1H9N1O6"
810,241.2123,2.5,5.54,"Artifact","[13]C1C14H28O2",-0.06,"Peak 334 C15H28O2 + [13]C1C-1 -> [13]C1C14H28O2"
811,428.329,2.75,5.67,"Putative metabolite","C28H44O3",0.11,"4beta-methylzymosterol-4alpha-carboxylic acid C29H46O3 - C1H2 -> C28H44O3"
812,272.0886,16.77,5.66,"Artifact","C8H17K1N4O4",0.32,"L-Arginine C6H14N4O2 + C2H3K1O2 -> C8H17K1N4O4"
813,203.0905,11.34,5.65,"Artifact","C7H13N3O4",0.52,"Diaminopimelic Acid C7H14N2O4 - C1H2 + C1H1N1 -> C7H13N3O4"
814,203.0905,13.08,5.07,"Artifact","C7H13N3O4",0.52,"glutamate C5H9N1O4 + H1N1 + C2H3N1 -> C7H13N3O4"
815,203.0906,11.86,4.61,"Artifact","C7H13N3O4",0.03,"Dihydrouracil C4H6N2O2 + H2 + C1H2O2 -> C5H10N2O4 + C2H3N1 -> C7H13N3O4"
816,203.0905,12.77,5.07,"Artifact","C7H13N3O4",0.52,"Peak 2653 C7H10N2O4 + H3N1 -> C7H13N3O4"
817,491.8642,13.9,5.6,"Artifact","C7H13K4O13P1",0.01,"CH3COOK C2H3K1O2 + C2H4O2 + Peak 1397 -> C7H13K4O13P1"
818,303.0733,7.63,5.69,"Artifact","C10Cl1H14N5O4",0.37,"Adenosine C10H13N5O4 + Cl1H1 -> C10Cl1H14N5O4"
819,207.0895,3.04,5.46,"Metabolite","C11H13N1O3",0.21,"N-(3-Phenylpropionyl)glycine C11H13N1O3"
820,207.0894,5.78,5.64,"Metabolite","C11H13N1O3",0.69,"N-Acetyl-D-phenylalanine C11H13N1O3"
821,207.0894,4.23,5.62,"Metabolite","C11H13N1O3",0.69,"N-Acetyl-D-phenylalanine C11H13N1O3"
822,227.0824,13.01,5.68,"Artifact","C7H17N1O5S1",1.51,"Peak 2121 C8H19N1O6S1 - C1H2O1 -> C7H17N1O5S1"
823,316.0652,2.71,5.42,"Artifact","C10H12N4O8",0.99,"Peak 926 C11H12N4O10 - C1O2 -> C10H12N4O8"
824,176.0584,5.91,5.72,"Putative metabolite","C9H8N2O2",1.01,"tryptophan C11H12N2O2 - C2H4 -> C9H8N2O2"
825,480.3043,3.07,5.52,"Artifact","[13]C1C22H46N1O7P1",0.51,"PE(18:1(9Z)/0:0) C23H46N1O7P1 + [13]C1C-1 -> [13]C1C22H46N1O7P1"
826,332.1809,13.25,4.52,"Artifact","C20H28O2S1",0.3,"Peak 2401 C21H30O3S1 - C1H2O1 -> C20H28O2S1"
827,335.8456,13.92,5.66,"Artifact","C4H4K4O8",-0.46,"KHCO3 C1H1K1O3 + C2H3K1O2 + C1H1K1O3 -> C4H5K3O8 + H-1K1 -> C4H4K4O8"
828,189.1,13.03,4.76,"Putative metabolite","C8H15N1O4",0.57,"O-Acetyl-L-homoserine C6H11N1O4 + C2H4 -> C8H15N1O4"
829,351.8767,13.91,5.59,"Artifact","C5H8K4O8",0.13,"KHCO3 C1H1K1O3 + C2H3K1O2 + C2H3K1O2 -> C5H7K3O7 + H1K1O1 -> C5H8K4O8"
830,541.0607,13.91,5.61,"Metabolite","C15H21N5O13P2",0.76,"Cyclic-ADP-ribose C15H21N5O13P2"
831,322.1487,13.59,5.69,"Artifact","C11H22N4O7",0.46,"glutamate C5H9N1O4 + Peak 15 -> C11H22N4O7"
832,370.2053,16.77,5.7,"Artifact","C12H27N8Na1O4",-0.01,"L-Arginine C6H14N4O2 + Peak 762 -> C12H27N8Na1O4"
833,183.0642,11.29,5.62,"Artifact","C7H9N3O3",0.89,"Urocanic acid C6H6N2O2 + H2O1 + C1H1N1 -> C7H9N3O3"
834,138.0316,2.4,5.69,"Metabolite","C7H6O3",0.68,"4-Hydroxybenzoic acid C7H6O3"
835,191.9725,7.19,5.66,"Artifact","C3Cr1H8O6",0.5,"Glycerol C3H8O3 + Cr1O3 -> C3Cr1H8O6"
836,254.0967,3.43,4.11,"Unknown","Unknown",0.4,"Unknown"
837,223.0707,14.16,5.69,"Artifact","[13]C1C6H14N2O4S1",0.37,"cystathionine C7H14N2O4S1 + [13]C1C-1 -> [13]C1C6H14N2O4S1"
838,128.024,7.02,5.71,"Artifact","C3Cl1H9O3",0.17,"Glycerol C3H8O3 + Cl1H1 -> C3Cl1H9O3"
839,483.9684,14.37,5.65,"Metabolite","C9H15N2O15P3",0.26,"UTP C9H15N2O15P3"
840,334.0666,14,5.67,"Metabolite","C9H19O11P1",-0.31,"1-(sn-glycero-3-phospho)-1D-myo-inositol C9H19O11P1"
841,118.0879,4.24,5.55,"Artifact","[18]O1C6H12O1",0.64,"isobutyl acetate C6H12O2 + [18]O1O-1 -> [18]O1C6H12O1"
842,288.0594,11.31,5.65,"Putative metabolite","C10H12N2O8",-0.12,"uridine C9H12N2O6 + C1O2 -> C10H12N2O8"
843,176.0431,13.63,5.68,"Metabolite","C5H8N2O5",1.26,"N-carbamoyl-L-aspartate C5H8N2O5"
844,154.0726,7.2,5.89,"Artifact","[18]O1C5H12O4",0.77,"L-arabinitol C5H12O5 + [18]O1O-1 -> [18]O1C5H12O4"
845,201.1364,4.23,5.61,"Metabolite","C10H19N1O3",0.46,"N-Octanoylglycine C10H19N1O3"
846,201.1365,2.91,5.18,"Metabolite","C10H19N1O3",-0.03,"N-Octanoylglycine C10H19N1O3"
847,201.1364,3.81,5.51,"Metabolite","C10H19N1O3",0.46,"N-Octanoylglycine C10H19N1O3"
848,133.0855,13.59,5.49,"Artifact","Ring_artifact_C4H7N1O4",0.69,"aspartate C4H7N1O4 + Ring_artifact -> Ring_artifact_C4H7N1O4"
849,319.1278,13.58,5.67,"Artifact","[18]O1C10H24N1O7P1",1.25,"Glycerophosphocholine C8H20N1O6P1 + C2H4O2 -> C10H24N1O8P1 + [18]O1O-1 -> [18]O1C10H24N1O7P1"
850,554.3412,3.07,5.09,"Artifact","[13]C1C25H52N1O9P1",0.22,"Peak 2965 C25H50N1O7P1 + C1H2O2 -> C26H52N1O9P1 + [13]C1C-1 -> [13]C1C25H52N1O9P1"
851,196.9476,13.85,5.66,"Artifact","[13]C1C1H5K1O6S1",0.74,"KHSO4 H1K1O4S1 + C2H4O2 + [13]C1C-1 -> [13]C1C1H5K1O6S1"
852,306.2559,2.43,5.56,"Putative metabolite","C20H34O2",-0.06,"3-Hexenyl butanoate C10H18O2 + C5H8 -> C15H26O2 + C5H8 -> C20H34O2"
853,129.0619,13.39,5.65,"Artifact","[13]C1C4H8N2O2",0.04,"glutamine C5H10N2O3 + [13]C1C-1 -> [13]C1C4H10N2O3 - H2O1 -> [13]C1C4H8N2O2"
854,469.7891,13.88,5.56,"Artifact","C5H7K5O11S1",0.73,"KHSO4 H1K1O4S1 + C2H3K1O2 + Peak 545 -> C5H7K5O11S1"
855,270.0961,13.59,5.62,"Putative metabolite","C10H14N4O5",1.11,"inosine C10H12N4O5 + H2 -> C10H14N4O5"
856,447.7231,13.85,5.59,"Artifact","[41]K1H2K3O12S3",1.53,"KHSO4 H1K1O4S1 + H1K1O4S1 + H-1K1 -> H1K3O8S2 + H1K1O4S1 -> H2K4O12S3 + [41]K1K-1 -> [41]K1H2K3O12S3"
857,235.0716,2.39,5.61,"Unknown","Unknown",0.43,"Unknown"
858,217.9517,13.31,5.64,"Artifact","C4Cr1H6O7",0.73,"Succinic acid C4H6O4 + Cr1O3 -> C4Cr1H6O7"
859,282.8703,2.44,5.56,"Unknown","Unknown",0.37,"Unknown"
860,258.0852,5.29,5.68,"Metabolite","C10H14N2O6",-0.05,"Ribothymidine C10H14N2O6"
861,258.0852,7.96,4.38,"Metabolite","C10H14N2O6",-0.05,"Ribothymidine C10H14N2O6"
862,302.0848,2.65,5.48,"Artifact","C9H18O11",0.37,"Peak 183 C7H14O9 + C2H4O2 -> C9H18O11"
863,576.0168,13.86,5.63,"Artifact","C14H26K2O17S1",-0.55,"Lactose C12H22O11 + H1K1O4S1 -> C12H23K1O15S1 + C2H3K1O2 -> C14H26K2O17S1"
864,244.0347,7.06,5.61,"Metabolite","C6H13O8P1",0.43,"2-deoxy-D-glucose 6-phosphate C6H13O8P1"
865,408.2278,7.1,5.64,"Metabolite","C19H37O7P1",-0.27,"1-palmitoylglycerone 3-phosphate C19H37O7P1"
866,262.0799,13.39,5.63,"Artifact","C9H14N2O7",0.77,"Peak 1993 C8H12N2O4 + C1H2O3 -> C9H14N2O7"
867,262.0799,14.02,4.87,"Putative metabolite","C9H14N2O7",0.77,"L-gamma-Glutamyl-L-alanine C8H14N2O5 + C1O2 -> C9H14N2O7"
868,246.0851,7.85,5.63,"Putative metabolite","C9H14N2O6",0.35,"L-gamma-Glutamyl-L-alanine C8H14N2O5 + C1O1 -> C9H14N2O6"
869,246.0838,9.06,5.05,"Artifact","[34]S1C10H16N2O3",0.65,"biotin C10H16N2O3S1 + [34]S1S-1 -> [34]S1C10H16N2O3"
870,342.2031,2.07,5.61,"Unknown","Unknown",0.32,"Unknown"
871,348.0664,13.73,5.65,"Artifact","[13]C1C9H14N5O7P1",0.11,"dGMP C10H14N5O7P1 + [13]C1C-1 -> [13]C1C9H14N5O7P1"
872,299.2903,2.41,5.61,"Artifact","[13]C1C18H38O2",0.79,"Peak 295 C19H38O2 + [13]C1C-1 -> [13]C1C18H38O2"
873,140.0303,13.42,5.56,"Artifact","[13]C1C5H5N1O3",-0.02,"4-Nitrophenol C6H5N1O3 + [13]C1C-1 -> [13]C1C5H5N1O3"
874,210.1619,2.7,5.61,"Metabolite","C13H22O2",0.38,"3-Oxo-7,8-dihydro-alpha-ionol C13H22O2"
875,210.1619,4.17,5.17,"Metabolite","C13H22O2",0.38,"3-Oxo-7,8-dihydro-alpha-ionol C13H22O2"
876,433.2018,13.61,5.58,"Artifact","[13]C1C13H33N4O9P1",0.16,"citrulline C6H13N3O3 + Peak 1326 -> C14H33N4O9P1 + [13]C1C-1 -> [13]C1C13H33N4O9P1"
877,254.6531,2.48,5.5,"Unknown","Unknown",0.4,"Unknown"
878,354.1792,2.57,5.54,"Putative metabolite","C17H26N2O6",-0.32,"Nicotinic acid C6H5N1O2 + C6H10O5 -> C12H15N1O7 + C5H8 -> C17H23N1O7 + H3N1O-1 -> C17H26N2O6"
879,178.0952,13,5.63,"Artifact","C6H14N2O4",0.88,"alanine C3H7N1O2 * 2 -> C6H14N2O4"
880,312.1046,2.96,5.09,"Unknown","Unknown",0.34,"Unknown"
881,312.1047,14.19,4.42,"Artifact","C10H17N4Na1O6",-0.39,"Argininosuccinic acid C10H18N4O6 + H-1Na1 -> C10H17N4Na1O6"
882,390.1406,13.58,5.61,"Artifact","C12H27N2O10P1",-0.69,"Peak 3049 C11H26N1O10P1 + C1H1N1 -> C12H27N2O10P1"
883,280.1018,11.31,5.61,"Artifact","C8H16N4O7",0.35,"Peak 167 C8H15N3O4 + H1N1O3 -> C8H16N4O7"
884,197.0775,13.65,5.57,"Artifact","C6H12N3Na1O3",0.69,"citrulline C6H13N3O3 + H-1Na1 -> C6H12N3Na1O3"
885,197.0775,14.38,4.08,"Unknown","Unknown",0.49,"Unknown"
886,192.111,6.17,5.67,"Putative metabolite","C7H16N2O4",0.04,"N-Acetylornithine C7H14N2O3 + H2O1 -> C7H16N2O4"
887,120.0307,13.31,5.64,"Artifact","[18]O1C4H6O3",1.29,"Succinic acid C4H6O4 + [18]O1O-1 -> [18]O1C4H6O3"
888,244.0581,13.37,4.63,"Putative metabolite","C10H12O7",0.83,"Chorismate C10H10O6 + H2O1 -> C10H12O7"
889,281.757,2.44,5.4,"Unknown","Unknown",0.37,"Unknown"
890,332.8809,13.87,5.57,"Artifact","[13]C1C3H7K3O8S1",-0.79,"KHSO4 H1K1O4S1 + C2H3K1O2 + C2H3K1O2 -> C4H7K3O8S1 + [13]C1C-1 -> [13]C1C3H7K3O8S1"
891,428.3288,4.22,5.58,"Putative metabolite","C28H44O3",0.57,"4beta-methylzymosterol-4alpha-carboxylic acid C29H46O3 - C1H2 -> C28H44O3"
892,231.0309,13.65,5.6,"Artifact","C5Cr1H13N3O4",0.92,"citrulline C6H13N3O3 + Cr1O3 -> C6Cr1H13N3O6 - C1O2 -> C5Cr1H13N3O4"
893,231.0295,14.32,4.27,"Artifact","C8H10N1O5P1",0.69,"pyridoxamine-5-phosphate C8H13N2O5P1 - H3N1 -> C8H10N1O5P1"
894,240.0012,13.93,5.58,"Artifact","C6H10K1Na1O6",0.06,"CH3COOK C2H3K1O2 + C2H4O2 + C2H3Na1O2 -> C6H10K1Na1O6"
895,240.0012,14.41,5.35,"Artifact","C6H10K1Na1O6",0.06,"CH3COOK C2H3K1O2 + C2H3Na1O2 + C2H4O2 -> C6H10K1Na1O6"
896,332.079,13.49,5.6,"Artifact","C11H16N4O6S1",0.17,"Peak 403 C10H15N3O6S1 + C1H1N1 -> C11H16N4O6S1"
897,297.0808,9.47,5.65,"Artifact","C8H15N3O9",0.1,"Peak 1606 C8H14N2O6 + H1N1O3 -> C8H15N3O9"
898,331.0687,13.51,4.52,"Metabolite","C10H14N5O6P1",-1.6,"dAMP C10H14N5O6P1"
899,308.2716,2.41,5.59,"Artifact","C20H36O2",-0.23,"Peak 752 C20H38O3 - H2O1 -> C20H36O2"
900,529.0772,2.74,5.29,"Artifact","C16H20N7O10P1Si1",1.23,"nicotinamide C6H6N2O1 + C10H12N5O6P1 + H2O3Si1 -> C16H20N7O10P1Si1"
901,209.0718,13,5.57,"Artifact","C6H15N1O5Si1",0.71,"alanine C3H7N1O2 + C3H8O3Si1 -> C6H15N1O5Si1"
902,228.1725,2.77,5.58,"Putative metabolite","C13H24O3",0.2,"Ethyl 3-hydroxy hexanoate C8H16O3 + C5H8 -> C13H24O3"
903,317.1989,2.52,5.51,"Unknown","Unknown",0.34,"Unknown"
904,317.199,3.74,4.45,"Unknown","Unknown",0.34,"Unknown"
905,243.0671,2.61,5.2,"Artifact","[13]C1C6H14O9",0.15,"Peak 183 C7H14O9 + [13]C1C-1 -> [13]C1C6H14O9"
906,243.0663,5.93,4.05,"Artifact","C11Cl1H14N1O3",-0.33,"N-Acetyl-D-phenylalanine C11H13N1O3 + Cl1H1 -> C11Cl1H14N1O3"
907,164.0473,12.42,5.66,"Metabolite","C9H8O3",0.27,"trans-4-Coumaric acid C9H8O3"
908,267.1187,2.78,5.54,"Artifact","[13]C1C13H18O5",0.29,"3-Hydroxybenzoic acid C7H6O3 + C5H8 + C2H4O2 -> C14H18O5 + [13]C1C-1 -> [13]C1C13H18O5"
909,214.0929,16.25,5.64,"Artifact","C7H15N2Na1O4",0.24,"ornithine C5H12N2O2 + C2H3Na1O2 -> C7H15N2Na1O4"
910,330.1652,13.72,5.56,"Putative metabolite","C20H26O2S1",0.46,"Retinoic Acid C20H28O2 + S1 -> C20H28O2S1 - H2 -> C20H26O2S1"
911,88.93987,13.01,5.4,"Unknown","Unknown",1.21,"Unknown"
912,282.3245,2.44,5.5,"Artifact","Ring_artifact_C18H34O2",0.37,"Oleic acid C18H34O2 + Ring_artifact -> Ring_artifact_C18H34O2"
913,331.0764,8.67,5.64,"Artifact","C10H13N5O8",0.04,"inosine C10H12N4O5 + H1N1O3 -> C10H13N5O8"
914,331.075,11.42,3.9,"Putative metabolite","C9H17N1O12",0.23,"Trehalose C12H22O11 + C2H2O1 -> C14H24O12 - C5H8 -> C9H16O12 + H1N1 -> C9H17N1O12"
915,395.8854,13.9,5.52,"Artifact","[41]K1C7H10K3O9",0.07,"KHCO3 C1H1K1O3 + C2H3K1O2 + C2H3K1O2 -> C5H7K3O7 + C2H3K1O2 -> C7H10K4O9 + [41]K1K-1 -> [41]K1C7H10K3O9"
916,316.0892,2.52,5.27,"Unknown","Unknown",0.34,"Unknown"
917,113.0306,5.33,5.64,"Unknown","Unknown",0.8,"Unknown"
918,113.0306,8.52,4.48,"Artifact","[13]C1C3H4N2O2",0.04,"Uracil C4H4N2O2 + [13]C1C-1 -> [13]C1C3H4N2O2"
919,113.0306,7.59,4.47,"Artifact","[13]C1C3H4N2O2",0.04,"Uracil C4H4N2O2 + [13]C1C-1 -> [13]C1C3H4N2O2"
920,214.0953,13.42,4.31,"Artifact","C9H14N2O4",0.27,"Glycyl-L-proline C7H12N2O3 + C2H4O2 -> C9H16N2O5 - H2O1 -> C9H14N2O4"
921,214.0938,9.91,3.92,"Artifact","[18]O1C7H16O6",0.23,"D-Arabitol C5H12O5 + C2H4O2 -> C7H16O7 + [18]O1O-1 -> [18]O1C7H16O6"
922,272.0443,13.39,4.51,"Artifact","C8H13N2Na1O5S1",-0.05,"Gamma-Glutamylcysteine C8H14N2O5S1 + H-1Na1 -> C8H13N2Na1O5S1"
923,147.2406,13.51,5.49,"Unknown","Unknown",0.63,"Unknown"
924,238.157,2.37,5.53,"Putative metabolite","C14H22O3",-0.44,"3-Oxo-7,8-dihydro-alpha-ionol C13H22O2 + C1O1 -> C14H22O3"
925,238.1569,2.68,5.53,"Putative metabolite","C14H22O3",-0.02,"3-Oxo-7,8-dihydro-alpha-ionol C13H22O2 + C1O1 -> C14H22O3"
926,360.055,2.66,5.66,"Artifact","C11H20O9S2",-0.35,"Peak 472 C9H16O7S2 + C2H4O2 -> C11H20O9S2"
927,260.0233,14.15,5.54,"Artifact","C7H13K1N2O4S1",0.04,"cystathionine C7H14N2O4S1 + H-1K1 -> C7H13K1N2O4S1"
928,318.2326,2.43,5.48,"Unknown","Unknown",0.34,"Unknown"
929,227.0726,2.83,5.45,"Artifact","[13]C1C6H14O8",-1.66,"L-2-Hydroxyglutaric acid C5H8O5 + H2O1 + C2H4O2 -> C7H14O8 + [13]C1C-1 -> [13]C1C6H14O8"
930,416.314,2.67,5.56,"Artifact","C23H44O6",-0.51,"Stearic acid C18H36O2 + C6H10O5 - C1H2O1 -> C23H44O6"
931,282.0432,7.59,5.62,"Artifact","[37]Cl1C9H13N2O6",0.23,"uridine C9H12N2O6 + Cl1H1 -> C9Cl1H13N2O6 + [37]Cl1Cl-1 -> [37]Cl1C9H13N2O6"
932,381.04,2.93,5.41,"Putative metabolite","C9H19N1O11S2",-0.13,"serine C3H7N1O3 + C6H10O5 -> C9H17N1O8 + H2 -> C9H19N1O8 + O3S1 -> C9H19N1O11S1 + S1 -> C9H19N1O11S2"
933,175.9541,14.22,5.59,"Artifact","H5O7P1Si1",0.66,"H2SiO3 H2O3Si1 + H3O4P1"
934,687.484,4.24,5.56,"Metabolite","C37H70N1O8P1",-0.14,"PE(16:1(9Z)/16:1(9Z)) C37H70N1O8P1"
935,687.4841,3.04,5.52,"Metabolite","C37H70N1O8P1",-0.28,"PE(16:1(9Z)/16:1(9Z)) C37H70N1O8P1"
936,122.0789,4.22,6,"Artifact","Ring_artifact_C7H6O2",0.74,"Benzoic acid C7H6O2 + Ring_artifact -> Ring_artifact_C7H6O2"
937,172.121,4.24,5.47,"Putative metabolite","C8H16N2O2",1.03,"N-Acetyl-L-leucine C8H15N1O3 - H-1N-1O1 -> C8H16N2O2"
938,172.1211,3.18,4.71,"Putative metabolite","C8H16N2O2",0.45,"N-Acetyl-L-leucine C8H15N1O3 - H-1N-1O1 -> C8H16N2O2"
939,282.3028,2.43,5.5,"Artifact","Ring_artifact_C18H34O2",0.37,"Oleic acid C18H34O2 + Ring_artifact -> Ring_artifact_C18H34O2"
940,307.0739,14.19,5.59,"Artifact","[34]S0.5C10H16N3O6S0.5",-0.07,"glutathione disulfide C20H32N6O12S2 / 2 -> C10H16N3O6S1 + [34]S0.5S-0.5 -> [34]S0.5C10H16N3O6S0.5"
941,791.5314,3.07,5.55,"Artifact","C41H78N1O11P1",-0.19,"PS(16:1(9Z)/18:1(9Z)) C40H74N1O10P1 + C1H4O1 -> C41H78N1O11P1"
942,791.5312,4.41,5.57,"Putative metabolite","C41H78N1O11P1",0.06,"PS(18:0/0:0) C24H48N1O9P1 + C16H30O1 -> C40H78N1O10P1 + C1O1 -> C41H78N1O11P1"
943,451.0999,2.56,5.44,"Unknown","Unknown",0.26,"Unknown"
944,250.0905,3.36,4,"Unknown","Unknown",0.41,"Unknown"
945,228.0661,2.84,5.49,"Artifact","C6H16O7Si1",1.88,"2-Hydroxycaproic acid C6H12O3 + H4O4Si1 -> C6H16O7Si1"
946,179.0417,7.15,5.6,"Artifact","[34]S1C6H11N1O3",0.34,"N-Formyl-L-methionine C6H11N1O3S1 + [34]S1S-1 -> [34]S1C6H11N1O3"
947,325.2616,2.44,5.53,"Putative metabolite","C19H35N1O3",0.29,"Dodecanoylcarnitine C19H37N1O4 - H2O1 -> C19H35N1O3"
948,234.8899,13.84,5.48,"Artifact","[41]K0.5H3K0.5O8S2",-0.85,"KHSO4 H1K1O4S1 + H2O4S1 + [41]K0.5K-0.5 -> [41]K0.5H3K0.5O8S2"
949,297.0894,5,5.56,"Metabolite","C11H15N5O3S1",0.54,"5'-Methylthioadenosine C11H15N5O3S1"
950,317.0819,2.57,5.35,"Unknown","Unknown",0.34,"Unknown"
951,240.1028,4.2,5.5,"Artifact","C8H20O6Si1",0.48,"Caprylic acid C8H16O2 + H4O4Si1 -> C8H20O6Si1"
952,240.1029,2.82,5.41,"Artifact","Ring_artifact_C8H16O6S1",0.42,"2-Hydroxyoctanoic acid C8H16O3 + O3S1 + Ring_artifact -> Ring_artifact_C8H16O6S1"
953,242.1882,2.68,5.55,"Artifact","C14H26O3",-0.02,"3-Oxo-7,8-dihydro-alpha-ionol C13H22O2 + C1H4O1 -> C14H26O3"
954,921.5718,2.45,5.47,"Unknown","Unknown",0.17,"Unknown"
955,309.0809,7.85,5.56,"Artifact","C9H15N3O9",-0.23,"Peak 868 C9H14N2O6 + H1N1O3 -> C9H15N3O9"
956,462.3013,2.47,5.34,"Artifact","C23H46O7Si1",-0.04,"Oleic acid C18H34O2 + C2H4O2 -> C20H38O4 + C3H8O3Si1 -> C23H46O7Si1"
957,258.2194,4.22,5.39,"Artifact","C15H30O3",0.37,"2-Methylbutanal C5H10O1 * 3 -> C15H30O3"
958,258.2195,2.75,5.56,"Putative metabolite","C15H30O3",-0.02,"Palmitic acid C16H32O2 + C1O2 -> C17H32O4 - C2H2O1 -> C15H30O3"
959,314.1018,3.06,5.09,"Unknown","Unknown",0.34,"Unknown"
960,574.2266,13.58,5.5,"Artifact","C18H44N2O14P2",0.31,"Peak 34 C10H24N1O8P1 + Peak 1326 -> C18H44N2O14P2"
961,137.0417,7.67,5.59,"Artifact","[13]C1C4H4N4O1",1.21,"hypoxanthine C5H4N4O1 + [13]C1C-1 -> [13]C1C4H4N4O1"
962,137.0418,8.67,3.98,"Unknown","Unknown",0.67,"Unknown"
963,218.1153,7.1,5.33,"Artifact","C10H18O5",0.57,"Peak 1717 C11H20O6 - C1H2O1 -> C10H18O5"
964,208.0193,2.33,5.49,"Putative metabolite","C10H8O3S1",0.55,"Hydroxyindoleacetic acid C10H9N1O3 + H2S1 -> C10H11N1O3S1 - H3N1 -> C10H8O3S1"
965,267.0966,7.62,5.57,"Metabolite","C10H13N5O4",0.58,"Adenosine C10H13N5O4"
966,267.0966,8.65,4.22,"Metabolite","C10H13N5O4",0.58,"adenosine C10H13N5O4"
967,366.2382,2.45,5.58,"Artifact","C19H35Na1O5",0.05,"Oleic acid C18H34O2 + C1H1Na1O3 -> C19H35Na1O5"
968,245.1737,13.44,5.56,"Putative metabolite","C11H23N3O3",0.99,"citrulline C6H13N3O3 + C5H8 -> C11H21N3O3 + H2 -> C11H23N3O3"
969,245.1737,13.75,5.56,"Putative metabolite","C11H23N3O3",0.99,"citrulline C6H13N3O3 + C5H8 -> C11H21N3O3 + H2 -> C11H23N3O3"
970,351.216,2.48,5.44,"Artifact","[13]C1C15H34O6Si1",-0.51,"palmitoleic acid C16H30O2 + [13]C1C-1 -> [13]C1C15H30O2 + H4O4Si1 -> [13]C1C15H34O6Si1"
971,351.2152,2.09,5.6,"Unknown","Unknown",0.31,"Unknown"
972,555.3538,7.09,5.48,"Artifact","C26H54N1O9P1",-0.33,"Peak 3191 C27H56N1O10P1 - C1H2O1 -> C26H54N1O9P1"
973,149.0146,11.26,5.51,"Putative metabolite","C4H7N1O3S1",0.43,"N-Formyl-L-methionine C6H11N1O3S1 - C2H4 -> C4H7N1O3S1"
974,149.0146,10.38,4.22,"Putative metabolite","C4H7N1O3S1",0.43,"N-Formyl-L-methionine C6H11N1O3S1 - C2H4 -> C4H7N1O3S1"
975,390.084,2.63,5.34,"Artifact","C14Ca1H22O10",-0.29,"Butyl 2-methyl-2-propenoate C8H14O2 + C2Ca1H2O2 -> C10Ca1H16O4 + Peak 240 -> C14Ca1H22O10"
976,426.1307,13.02,5.58,"Artifact","C15H26N2O10S1",0.27,"Peak 2909 C13H23N1O10S1 + C2H3N1 -> C15H26N2O10S1"
977,157.0738,12.24,5.58,"Metabolite","C7H11N1O3",0.59,"N-acetyl-D-proline C7H11N1O3"
978,235.8955,13.85,5.52,"Artifact","[34]S1C2H4K2O6",2.41,"KHSO4 H1K1O4S1 + C2H3K1O2 + [34]S1S-1 -> [34]S1C2H4K2O6"
979,253.7957,2.47,5.36,"Unknown","Unknown",0.4,"Unknown"
980,338.2082,2.5,4.96,"Unknown","Unknown",0.32,"Unknown"
981,228.115,2.73,5.51,"Putative metabolite","C15H16O2",0.13,"Menadione C11H8O2 + C2H4 -> C13H12O2 + C2H4 -> C15H16O2"
982,90.04461,13.02,6.37,"Artifact","[15]N1C3H7O2",1.15,"alanine C3H7N1O2 + [15]N1N-1 -> [15]N1C3H7O2"
983,280.0114,7.05,5.57,"Artifact","C6Cl1H14O8P1",0.29,"2-deoxy-D-glucose 6-phosphate C6H13O8P1 + Cl1H1 -> C6Cl1H14O8P1"
984,250.0945,3.97,3.73,"Unknown","Unknown",0.41,"Unknown"
985,405.1592,13.55,5.49,"Artifact","[13]C1C12H29N2O10P1",0.34,"Peak 263 C13H29N2O10P1 + [13]C1C-1 -> [13]C1C12H29N2O10P1"
986,157.7886,13.87,5.36,"Unknown","Unknown",0.59,"Unknown"
987,598.0913,13.88,5.58,"Artifact","C16H32K1O19P1",-0.09,"Lactose C12H22O11 + C2H4O2 -> C14H26O13 + C2H3K1O2 -> C16H29K1O15 + H3O4P1 -> C16H32K1O19P1"
988,133.0819,4.2,5.62,"Artifact","[13]C1C5H12O3",0.74,"ethyl 3-hydroxybutanoate C6H12O3 + [13]C1C-1 -> [13]C1C5H12O3"
989,133.0819,2.94,4.75,"Artifact","[13]C1C5H12O3",0.74,"2-Hydroxycaproic acid C6H12O3 + [13]C1C-1 -> [13]C1C5H12O3"
990,143.9326,4.2,5.52,"Unknown","Unknown",0.64,"Unknown"
991,245.021,13.49,5.55,"Artifact","C7Ca1H11N1O6",0.93,"glutamate C5H9N1O4 + C2Ca1H2O2 -> C7Ca1H11N1O6"
992,455.0587,2.8,5.31,"Artifact","C11H17N5O13Si1",1.13,"Peak 44 C11H14N4O7 + H1N1O3 -> C11H15N5O10 + H2O3Si1 -> C11H17N5O13Si1"
993,382.2105,2.49,5.43,"Unknown","Unknown",0.3,"Unknown"
994,382.2105,3.74,4.05,"Unknown","Unknown",0.3,"Unknown"
995,333.8567,13.84,5.52,"Artifact","C3H5K3O9S1",-0.45,"KHSO4 H1K1O4S1 + C2H3K1O2 + C1H1K1O3 -> C3H5K3O9S1"
996,445.0399,13.77,5.46,"Artifact","C12H17K1N5O9P1",0.44,"dGMP C10H14N5O7P1 + C2H3K1O2 -> C12H17K1N5O9P1"
997,247.0367,13.01,5.56,"Artifact","C7Ca1H13N1O6",0.72,"alanine C3H7N1O2 + C2H4O2 -> C5H11N1O4 + C2Ca1H2O2 -> C7Ca1H13N1O6"
998,90.0537,13.01,5.58,"Artifact","[2]H1C3H6N1O2",2.83,"alanine C3H7N1O2 + [2]H1H-1 -> [2]H1C3H6N1O2"
999,282.2036,2.43,5.56,"Artifact","Ring_artifact_C18H34O2",0.37,"Oleic acid C18H34O2 + Ring_artifact -> Ring_artifact_C18H34O2"
1000,208.0371,11.85,5.54,"Putative metabolite","C10H8O5",0.35,"hydroxyphenylpyruvate C9H8O4 + C1O1 -> C10H8O5"
1001,96.9596,13.84,5.21,"Unknown","Unknown",1.12,"Unknown"
1002,96.95956,7.22,5.57,"Unknown","Unknown",1.12,"Unknown"
1003,89.03983,13.03,5.66,"Artifact","Ring_artifact_C3H7N1O2",1.21,"alanine C3H7N1O2 + Ring_artifact -> Ring_artifact_C3H7N1O2"
1004,228.9678,13.49,5.54,"Artifact","C5Cr1H7N1O6",0.19,"glutamate C5H9N1O4 - H2O1 -> C5H7N1O3 + Cr1O3 -> C5Cr1H7N1O6"
1005,228.9678,10.85,4.88,"Putative metabolite","C7H3N1O6S1",1.34,"quinolinate C7H5N1O4 + O3S1 -> C7H5N1O7S1 - H2O1 -> C7H3N1O6S1"
1006,228.9678,11.14,4.88,"Artifact","C5Cr1H7N1O6",0.19,"Pyroglutamic acid C5H7N1O3 + Cr1O3 -> C5Cr1H7N1O6"
1007,251.0753,11.29,5.54,"Artifact","C7H13N3O7",0.2,"Peak 3989 C14H24N4O8 / 2 -> C7H12N2O4 + H1N1O3 -> C7H13N3O7"
1008,490.3324,2.43,5.45,"Putative metabolite","C26H50O6S1",0.84,"Diethylsulfide C4H10S1 + C6H10O5 -> C10H20O5S1 + C16H30O1 -> C26H50O6S1"
1009,335.2098,2.68,5.48,"Artifact","C19H29N1O4",-0.42,"N-Octanoylglycine C10H19N1O3 + C1H2 + Peak 1480 -> C19H29N1O4"
1010,335.2097,4.2,5.31,"Artifact","C19H29N1O4",-0.12,"N-Octanoylglycine C10H19N1O3 + C1H2 + Peak 1479 -> C19H29N1O4"
1011,122.0228,4.21,5.04,"Artifact","Ring_artifact_C7H6O2",0.74,"Benzoic acid C7H6O2 + Ring_artifact -> Ring_artifact_C7H6O2"
1012,133.0568,13.4,5.54,"Artifact","[13]C1C3H8N2O3",0.35,"asparagine C4H8N2O3 + [13]C1C-1 -> [13]C1C3H8N2O3"
1013,133.056,11.25,4.35,"Artifact","Ring_artifact_C4H7N1O4",0.69,"Aminoadipic acid C6H11N1O4 - C2H4 + Ring_artifact -> Ring_artifact_C4H7N1O4"
1014,89.07063,13.01,5.02,"Artifact","Ring_artifact_C3H7N1O2",1.21,"alanine C3H7N1O2 + Ring_artifact -> Ring_artifact_C3H7N1O2"
1015,213.0226,7.12,5.52,"Artifact","C6Cl1H12N1O3S1",0.2,"N-Formyl-L-methionine C6H11N1O3S1 + Cl1H1 -> C6Cl1H12N1O3S1"
1016,213.0229,6.12,4.17,"Unknown","Unknown",0.46,"Unknown"
1017,127.0633,7.2,5.57,"Putative metabolite","C6H9N1O2",0.22,"N-acetyl-D-proline C7H11N1O3 - C1H2O1 -> C6H9N1O2"
1018,217.9262,13.85,5.55,"Artifact","C2H4K1Na1O6S1",0.62,"KHSO4 H1K1O4S1 + C2H3Na1O2"
1019,303.0801,13.27,5.47,"Putative metabolite","C8H17N1O11",0.2,"Trehalose C12H22O11 - C2H4 -> C10H18O11 - C2H4 -> C8H14O11 + H3N1 -> C8H17N1O11"
1020,303.0801,11.92,5.55,"Artifact","C8H17N1O11",0.2,"Peak 4640 C7H15N1O9 + C1H2O2 -> C8H17N1O11"
1021,303.0801,12.79,5.53,"Putative metabolite","C8H17N1O11",0.2,"Trehalose C12H22O11 - C2H4 -> C10H18O11 - C2H4 -> C8H14O11 + H3N1 -> C8H17N1O11"
1022,301.0875,2.65,5.65,"Unknown","Unknown",0.35,"Unknown"
1023,208.0847,8.95,5.57,"Metabolite","C10H12N2O3",0.44,"L-Kynurenine C10H12N2O3"
1024,133.0561,7.19,4.65,"Artifact","C5H11N1O1S1",0.26,"N-Formyl-L-methionine C6H11N1O3S1 - C1O2 -> C5H11N1O1S1"
1025,244.1866,5.27,5.02,"Unknown","Unknown",0.41,"Unknown"
1026,254.1378,11.26,5.52,"Putative metabolite","C11H18N4O3",0.36,"(6R)-6-(l-erythro-1,2-dihydroxypropyl)-5,6,7,8-tetrahydro-4a-hydroxypterin C9H14N4O3 + C2H4 -> C11H18N4O3"
1027,255.8064,2.47,5.39,"Unknown","Unknown",0.4,"Unknown"
1028,282.0042,11.82,5.55,"Artifact","C6Cr1H14O9",0.32,"D-glucitol C6H14O6 + Cr1O3 -> C6Cr1H14O9"
1029,282.0042,11.36,5.48,"Artifact","C6Cr1H14O9",0.32,"D-glucitol C6H14O6 + Cr1O3 -> C6Cr1H14O9"
1030,247.9816,13.51,5.48,"Artifact","[13]C1C4Cr1H9N1O7",0.66,"glutamate C5H9N1O4 + [13]C1C-1 -> [13]C1C4H9N1O4 + Cr1O3 -> [13]C1C4Cr1H9N1O7"
1031,375.2192,4.22,5.44,"Unknown","Unknown",0.3,"Unknown"
1032,345.296,4.1,4.21,"Artifact","[13]C1C19H40O4",0.04,"2-Methylbutanal C5H10O1 * 4 -> C20H40O4 + [13]C1C-1 -> [13]C1C19H40O4"
1033,181.9287,13.85,5.51,"Artifact","C1H3K1O6S1",0.22,"KHSO4 H1K1O4S1 + C1H2O2"
1034,204.0745,13.72,5.53,"Artifact","C7H12N2O5",0.6,"erythro-4-hydroxy-L-glutamic acid C5H9N1O5 + C2H3N1 -> C7H12N2O5"
1035,204.0746,11.3,5.34,"Putative metabolite","C7H12N2O5",0.11,"N-Acetyl-glutamine C7H12N2O4 + O1 -> C7H12N2O5"
1036,293.0235,13.1,5.48,"Artifact","C4H15N1O10Si2",-0.18,"threonine C4H9N1O3 + H4O4Si1 -> C4H13N1O7Si1 + H2O3Si1 -> C4H15N1O10Si2"
1037,264.0512,6.41,5.54,"Artifact","C9Cl1H13N2O5",0.38,"deoxyuridine C9H12N2O5 + Cl1H1 -> C9Cl1H13N2O5"
1038,222.0891,2.59,5.53,"Putative metabolite","C12H14O4",0.49,"Ferulic acid C10H10O4 + C2H4 -> C12H14O4"
1039,315.1167,11.29,5.47,"Artifact","C10H21N1O10",-0.49,"Peak 4479 C9H20O10 + C1H1N1 -> C10H21N1O10"
1040,71.44633,2.43,5.49,"Unknown","Unknown",1.49,"Unknown"
1041,255.0993,2.49,5.51,"Artifact","Ring_artifact_[13]C1C15H30O2",0.4,"palmitoleic acid C16H30O2 + [13]C1C-1 -> [13]C1C15H30O2 + Ring_artifact -> Ring_artifact_[13]C1C15H30O2"
1042,581.6484,13.85,5.4,"Artifact","H3K5O16S4",0.91,"KHSO4 H1K1O4S1 + H2O4S1 + H-2K2 -> H1K3O8S2 + Peak 136 -> H3K5O16S4"
1043,405.7903,13.85,5.5,"Artifact","H5K3O12S2Si1",-0.03,"KHSO4 H1K1O4S1 + H2O4S1 + Peak 3105 -> H5K3O12S2Si1"
1044,305.2438,2.49,5.35,"Artifact","[13]C1C19H32O2",-0.7,"Peak 400 C20H32O2 + [13]C1C-1 -> [13]C1C19H32O2"
1045,143.933,2.82,5.29,"Unknown","Unknown",0.64,"Unknown"
1046,329.0657,13.49,5.46,"Artifact","C10H16N3Na1O6S1",0.15,"glutathione C10H17N3O6S1 + H-1Na1 -> C10H16N3Na1O6S1"
1047,315.9034,13.86,5.51,"Artifact","C4H7K2Na1O8S1",-0.17,"KHSO4 H1K1O4S1 + C2H3K1O2 + C2H3Na1O2 -> C4H7K2Na1O8S1"
1048,122.1783,4.21,5.31,"Unknown","Unknown",0.74,"Unknown"
1049,147.0354,7.11,6.08,"Artifact","C5H9N1O2S1",-0.01,"N-Formyl-L-methionine C6H11N1O3S1 - C1H2O1 -> C5H9N1O2S1"
1050,147.0356,13.5,5.33,"Artifact","Ring_artifact_C5H9N1O4",0.63,"glutamate C5H9N1O4 + Ring_artifact -> Ring_artifact_C5H9N1O4"
1051,147.0353,8.74,5.26,"Putative metabolite","C5H9N1O2S1",0.67,"N-Formyl-L-methionine C6H11N1O3S1 - C1H2O1 -> C5H9N1O2S1"
1052,372.324,2.56,5.49,"Artifact","C22H44O4",-0.11,"Peak 930 C23H44O6 - C1O2 -> C22H44O4"
1053,372.324,3.87,4.51,"Putative metabolite","C22H44O4",-0.11,"isobutyl acetate C6H12O2 + H2O1 -> C6H14O3 + C16H30O1 -> C22H44O4"
1054,216.1472,7.16,5.53,"Artifact","C10H20N2O3",0.89,"Aminolevulinic acid C5H9N1O3 + C5H8 + H3N1 -> C10H20N2O3"
1055,216.1553,4.2,5.45,"Artifact","[13]C1C10H21N1O3",0.92,"N-Octanoylglycine C10H19N1O3 + C1H2 + [13]C1C-1 -> [13]C1C10H21N1O3"
1056,216.1554,2.81,5.25,"Artifact","[13]C1C10H21N1O3",0.46,"N-Octanoylglycine C10H19N1O3 + C1H2 + [13]C1C-1 -> [13]C1C10H21N1O3"
1057,161.1131,4.22,5.44,"Artifact","[13]C1C7H16O3",1.24,"Ethyl 3-hydroxy hexanoate C8H16O3 + [13]C1C-1 -> [13]C1C7H16O3"
1058,161.1132,7.11,4.6,"Unknown","Unknown",0.58,"Unknown"
1059,161.1132,3.81,5.44,"Unknown","Unknown",0.58,"Unknown"
1060,185.978,13.51,5.45,"Artifact","[53]Cr1C4H7N1O4",0.84,"Peak 2152 C4H7N1O1 + Cr1O3 -> C4Cr1H7N1O4 + [53]Cr1Cr-1 -> [53]Cr1C4H7N1O4"
1061,255.8979,13.92,5.44,"Artifact","[41]K1C3H5K2O6",-0.19,"KHCO3 C1H1K1O3 + C2H3K1O2 + H1K1O1 -> C3H5K3O6 + [41]K1K-1 -> [41]K1C3H5K2O6"
1062,283.4085,2.44,5.83,"Artifact","Ring_artifact_[13]C1C17H34O2",0.37,"Oleic acid C18H34O2 + [13]C1C-1 -> [13]C1C17H34O2 + Ring_artifact -> Ring_artifact_[13]C1C17H34O2"
1063,293.1416,13.37,5.52,"Artifact","[13]C1C9H20N4O6",0.13,"glutamine C5H10N2O3 * 2 -> C10H20N4O6 + [13]C1C-1 -> [13]C1C9H20N4O6"
1064,304.1523,7.09,4.88,"Putative metabolite","C14H24O7",-0.32,"Butyl 2-methyl-2-propenoate C8H14O2 + C6H10O5 -> C14H24O7"
1065,304.1523,7.44,4.88,"Putative metabolite","C14H24O7",-0.32,"Butyl 2-methyl-2-propenoate C8H14O2 + C6H10O5 -> C14H24O7"
1066,189.0425,6.59,5.53,"Metabolite","C10H7N1O3",0.49,"Kynurenic acid C10H7N1O3"
1067,218.1265,14.43,5.53,"Putative metabolite","C9H18N2O4",0.72,"Acetyllysine C8H16N2O3 + C1H2O1 -> C9H18N2O4"
1068,218.1265,8.89,5.38,"Putative metabolite","C9H18N2O4",0.72,"Acetyllysine C8H16N2O3 + C1H2O1 -> C9H18N2O4"
1069,218.1265,9.26,5.39,"Artifact","C9H18N2O4",0.72,"leucine C6H13N1O2 + C1H2O2 -> C7H15N1O4 + C2H3N1 -> C9H18N2O4"
1070,329.0779,13.01,5.47,"Putative metabolite","C10H19N1O9S1",0.46,"pantothenate C9H17N1O5 + O3S1 -> C9H17N1O8S1 + C1H2O1 -> C10H19N1O9S1"
1071,270.0995,16.79,5.49,"Artifact","C6H18N4O6Si1",0.23,"L-Arginine C6H14N4O2 + H4O4Si1 -> C6H18N4O6Si1"
1072,89.05965,13,5.57,"Artifact","Ring_artifact_C3H7N1O2",1.21,"alanine C3H7N1O2 + Ring_artifact -> Ring_artifact_C3H7N1O2"
1073,582.3728,7.1,5.45,"Unknown","Unknown",0.22,"Unknown"
1074,299.0538,2.63,5.23,"Unknown","Unknown",0.35,"Unknown"
1075,158.0689,9.18,4.95,"Artifact","C6H10N2O3",1.53,"N-Acetylglycine C4H7N1O3 + C2H3N1 -> C6H10N2O3"
1076,158.2071,13.9,5.36,"Unknown","Unknown",0.59,"Unknown"
1077,496.2631,7.1,5.43,"Artifact","[13]C1C21H42N1O9P1",-0.05,"Peak 391 C22H42N1O9P1 + [13]C1C-1 -> [13]C1C21H42N1O9P1"
1078,166.0682,7.75,5.51,"Artifact","[13]C1C5H7N5O1",1.29,"7-Methylguanine C6H7N5O1 + [13]C1C-1 -> [13]C1C5H7N5O1"
1079,163.0561,13.05,5.51,"Artifact","[13]C1C5H10O5",0.48,"2-Hydroxyhexanedioic Acid C6H10O5 + [13]C1C-1 -> [13]C1C5H10O5"
1080,248.0795,2.39,5.45,"Putative metabolite","C12H12N2O4",0.83,"tryptophan C11H12N2O2 + C1O2 -> C12H12N2O4"
1081,248.0794,3.44,4.27,"Putative metabolite","C12H12N2O4",1.24,"tryptophan C11H12N2O2 + C1O2 -> C12H12N2O4"
1082,244.9838,13.5,5.47,"Artifact","C8H4K1N3O4",0.36,"hypoxanthine C5H4N4O1 + C1O1 + C2H3K1O2 -> C8H7K1N4O4 - H3N1 -> C8H4K1N3O4"
1083,501.1177,13.85,5.52,"Artifact","[13]C1C15H29K1O15",0.01,"Lactose C12H22O11 + C2H4O2 -> C14H26O13 + [13]C1C-1 -> [13]C1C13H26O13 + C2H3K1O2 -> [13]C1C15H29K1O15"
1084,501.1178,14.83,3.82,"Artifact","[13]C1C15H29K1O15",-0.19,"Trehalose C12H22O11 + C2H4O2 -> C14H26O13 + [13]C1C-1 -> [13]C1C13H26O13 + C2H3K1O2 -> [13]C1C15H29K1O15"
1085,182.0578,12.42,5.54,"Metabolite","C9H10O4",0.6,"3-(4-hydroxyphenyl)lactic acid C9H10O4"
1086,323.0981,13.68,5.47,"Artifact","[13]C1C9H18N4O6S1",-0.12,"Peak 230 C10H18N4O6S1 + [13]C1C-1 -> [13]C1C9H18N4O6S1"
1087,117.9861,13.31,5.52,"Artifact","Ring_artifact_C4H6O4",0.77,"Succinic acid C4H6O4 + Ring_artifact -> Ring_artifact_C4H6O4"
1088,117.9856,13.9,5.07,"Artifact","[41]K1C2H5O3",0.81,"CH3OH C1H4O1 + C1H1K1O2 + [41]K1K-1 -> [41]K1C2H5O3"
1089,308.1333,13.61,5.47,"Artifact","C10H20N4O7",-0.33,"citrulline C6H13N3O3 + Peak 67 -> C10H20N4O7"
1090,330.2407,8.03,4.89,"Putative metabolite","C18H34O5",-0.23,"Palmitic acid C16H32O2 + C1O2 -> C17H32O4 + C1H2O1 -> C18H34O5"
1091,366.1467,2.35,5.5,"Unknown","Unknown",0.3,"Unknown"
1092,366.1447,11.29,4.73,"Artifact","B1C12H23N2O10",-0.34,"Peak 1718 C12H23N1O10 + H3N1 -> C12H26N2O10 + B1H-3 -> B1C12H23N2O10"
1093,237.9951,13.53,5.47,"Unknown","Unknown",0.42,"Unknown"
1094,581.6589,13.86,5.46,"Artifact","C2H4K6O14S3",-0.59,"KHSO4 H1K1O4S1 + C2H3K1O2 + Peak 114 -> C2H5K5O14S3 + H-1K1 -> C2H4K6O14S3"
1095,579.017,13.9,5.35,"Artifact","C15H20K1N5O13P2",-0.02,"Cyclic-ADP-ribose C15H21N5O13P2 + H-1K1 -> C15H20K1N5O13P2"
1096,388.1473,13.7,5.38,"Artifact","C12H25K1N6O6",-0.09,"citrulline C6H13N3O3 + Peak 1363 -> C12H25K1N6O6"
1097,329.2646,2.44,5.36,"Artifact","[13]C1C18H36O4",0.35,"Oleic acid C18H34O2 + [13]C1C-1 -> [13]C1C17H34O2 + C1H2O2 -> [13]C1C18H36O4"
1098,522.0896,2.56,5.18,"Artifact","C19H27N2O9P1S2",-0.08,"Peak 240 C5H10O1S2 + Peak 581 -> C19H27N2O9P1S2"
1099,403.1719,13.56,5.45,"Artifact","C13H30N3O9P1",0.16,"Peak 1816 C11H27N2O9P1 + C2H3N1 -> C13H30N3O9P1"
1100,485.6791,13.85,5.37,"Artifact","[41]K1H1K4O12S3",1.17,"KHSO4 H1K1O4S1 + H1K1O4S1 + H1K1O4S1 -> H3K3O12S3 + H-2K2 -> H1K5O12S3 + [41]K1K-1 -> [41]K1H1K4O12S3"
1101,223.0844,7.46,5.5,"Metabolite","C11H13N1O4",0.26,"N-Acetyltyrosine C11H13N1O4"
1102,259.1894,12.99,5.48,"Putative metabolite","C12H25N3O3",0.74,"Diaminopimelic Acid C7H14N2O4 + C5H8 -> C12H22N2O4 + H3N1O-1 -> C12H25N3O3"
1103,259.1894,11.87,4.69,"Putative metabolite","C12H25N3O3",0.74,"Diaminopimelic Acid C7H14N2O4 + C5H8 -> C12H22N2O4 + H3N1O-1 -> C12H25N3O3"
1104,259.1894,13.37,5.48,"Putative metabolite","C12H25N3O3",0.74,"Diaminopimelic Acid C7H14N2O4 + C5H8 -> C12H22N2O4 + H3N1O-1 -> C12H25N3O3"
1105,262.0759,2.7,5.48,"Unknown","Unknown",0.39,"Unknown"
1106,482.1711,13.37,5.5,"Artifact","C15H28N6Na2O9",0.39,"glutamine C5H10N2O3 + Peak 550 -> C10H19N4Na1O6 + Peak 550 -> C15H28N6Na2O9"
1107,283.7634,2.45,5.42,"Unknown","Unknown",0.37,"Unknown"
1108,134.0942,4.35,5.31,"Putative metabolite","C6H14O3",0.7,"isobutyl acetate C6H12O2 + H2O1 -> C6H14O3"
1109,556.3207,3.07,5.44,"Artifact","[13]C1C24H50N1O10P1",-0.2,"PS(18:1(9Z)/0:0) C24H46N1O9P1 + C1H4O1 -> C25H50N1O10P1 + [13]C1C-1 -> [13]C1C24H50N1O10P1"
1110,188.0319,13.07,5.23,"Metabolite","C7H8O6",1,"(2E)-2-(methoxycarbonylmethyl)but-2-enedioic acid C7H8O6"
1111,188.032,13.92,5.44,"Metabolite","C7H8O6",0.47,"(2E)-2-(methoxycarbonylmethyl)but-2-enedioic acid C7H8O6"
1112,176.1047,8.5,5.01,"Putative metabolite","C8H16O4",0.9,"Ethyl 3-hydroxy hexanoate C8H16O3 + O1 -> C8H16O4"
1113,246.1214,13.02,5.46,"Putative metabolite","C10H18N2O5",0.7,"L-gamma-Glutamyl-L-alanine C8H14N2O5 + C2H4 -> C10H18N2O5"
1114,246.1215,12.65,5.46,"Putative metabolite","C10H18N2O5",0.29,"L-gamma-Glutamyl-L-alanine C8H14N2O5 + C2H4 -> C10H18N2O5"
1115,230.0901,13.72,4.76,"Artifact","C9H14N2O5",0.75,"Fumaric acid C4H4O4 + Peak 2666 -> C9H14N2O5"
1116,315.1177,13.37,4.43,"Artifact","[15]N1C10H19N3Na1O6",-1.38,"glutamine C5H10N2O3 + Peak 550 -> C10H19N4Na1O6 + [15]N1N-1 -> [15]N1C10H19N3Na1O6"
1117,97.97686,14.21,7.11,"Artifact","H3O4P1",0.36,"H3PO4 H3O4P1"
1118,443.0244,14.27,5.45,"Metabolite","C10H15N5O11P2",-0.16,"GDP C10H15N5O11P2"
1119,156.983,13.03,5.47,"Artifact","C3Cr1H7N1O3",0.64,"threonine C4H9N1O3 + Cr1O3 -> C4Cr1H9N1O6 - C1O2 -> C3Cr1H9N1O4 - H2O1 -> C3Cr1H7N1O3"
1120,230.0877,13.01,5.45,"Artifact","C7H15N2Na1O5",0.72,"alanine C3H7N1O2 + Peak 1815 -> C7H15N2Na1O5"
1121,613.9623,13.85,5.41,"Artifact","C12H24K2O19S2",0.71,"Lactose C12H22O11 + H1K1O4S1 -> C12H23K1O15S1 + H1K1O4S1 -> C12H24K2O19S2"
1122,478.0394,13.85,5.36,"Artifact","C12H23K1O15S1",0.15,"Lactose C12H22O11 + H1K1O4S1 -> C12H23K1O15S1"
1123,89.15517,13.03,5.4,"Unknown","Unknown",1.21,"Unknown"
1124,163.0479,13.63,5.45,"Metabolite","C5H9N1O5",1.06,"erythro-4-hydroxy-L-glutamic acid C5H9N1O5"
1125,163.0467,7.61,4.96,"Artifact","[34]S1C6H11N1O2",0.89,"Peak 303 C6H11N1O2S1 + [34]S1S-1 -> [34]S1C6H11N1O2"
1126,163.0493,8.3,4.95,"Putative metabolite","C6H5N5O1",0.67,"7-Methylguanine C6H7N5O1 - H2 -> C6H5N5O1"
1127,163.0479,16.28,4.88,"Metabolite","C5H9N1O5",1.06,"erythro-4-hydroxy-L-glutamic acid C5H9N1O5"
1128,174.9935,13.02,5.46,"Artifact","C3Cr1H9N1O4",0.94,"threonine C4H9N1O3 + Cr1O3 -> C4Cr1H9N1O6 - C1O2 -> C3Cr1H9N1O4"
1129,354.9555,13.89,5.42,"Artifact","[13]C1C7H13K3O8",0.05,"CH3COOK C2H3K1O2 + C2H4O2 + C2H3K1O2 -> C6H10K2O6 + C2H3K1O2 -> C8H13K3O8 + [13]C1C-1 -> [13]C1C7H13K3O8"
1130,154.003,9.73,5.5,"Putative metabolite","C3H7O5P1",0.71,"D-Lactaldehyde C3H6O2 + H1O3P1 -> C3H7O5P1"
1131,136.0257,13.54,5.5,"Artifact","[18]O1C4H6O4",0.51,"malate C4H6O5 + [18]O1O-1 -> [18]O1C4H6O4"
1132,161.1153,7.62,3.94,"Artifact","Ring_artifact_C6H11N1O2S1",0.58,"Peak 303 C6H11N1O2S1 + Ring_artifact -> Ring_artifact_C6H11N1O2S1"
1133,300.1563,2.1,5.47,"Unknown","Unknown",0.35,"Unknown"
1134,137.9213,13.84,5.44,"Artifact","[41]K1H1O4S1",0.58,"KHSO4 H1K1O4S1 + [41]K1K-1 -> [41]K1H1O4S1"
1135,197.9485,13.86,5.45,"Artifact","[18]O1C2H5K1O5S1",0.69,"KHSO4 H1K1O4S1 + C2H4O2 + [18]O1O-1 -> [18]O1C2H5K1O5S1"
1136,187.0246,13.86,5.45,"Artifact","C5H10K1N1O4",0.48,"aspartate C4H7N1O4 + C2H3K1O2 -> C6H10K1N1O6 - C1O2 -> C5H10K1N1O4"
1137,187.0245,13.01,5.04,"Artifact","C5H10K1N1O4",1.01,"alanine C3H7N1O2 + C2H3K1O2 -> C5H10K1N1O4"
1138,360.1322,13.13,4.59,"Putative metabolite","C18H20N2O6",-0.18,"3-Carboxy-2,3,4,9-tetrahydro-1H-pyrido[3,4-b]indole-1-propanoic acid C15H16N2O4 + C1O2 -> C16H16N2O6 + C2H4 -> C18H20N2O6"
1139,360.1323,12.54,4.38,"Putative metabolite","C18H20N2O6",-0.45,"3-Carboxy-2,3,4,9-tetrahydro-1H-pyrido[3,4-b]indole-1-propanoic acid C15H16N2O4 + C1O2 -> C16H16N2O6 + C2H4 -> C18H20N2O6"
1140,282.2069,2.44,5.71,"Artifact","Ring_artifact_C18H34O2",0.37,"Oleic acid C18H34O2 + Ring_artifact -> Ring_artifact_C18H34O2"
1141,219.0935,13.59,5.41,"Artifact","[13]C1C7H14N2O5",0.58,"L-gamma-Glutamyl-L-alanine C8H14N2O5 + [13]C1C-1 -> [13]C1C7H14N2O5"
1142,471.7685,13.88,5.43,"Artifact","C4H5K5O12S1",0.44,"KHSO4 H1K1O4S1 + C2H3K1O2 + Peak 392 -> C4H5K5O12S1"
1143,412.2134,2.67,5.28,"Artifact","C20Ca1H36O6",0.92,"glycolate C2H4O3 + C16H30O1 + C2Ca1H2O2 -> C20Ca1H36O6"
1144,89.03839,13.02,5.71,"Artifact","Ring_artifact_C3H7N1O2",1.21,"alanine C3H7N1O2 + Ring_artifact -> Ring_artifact_C3H7N1O2"
1145,148.0524,4.08,5.13,"Metabolite","C9H8O2",0.2,"Cinnamic acid C9H8O2"
1146,148.0524,8.86,5.48,"Artifact","C9H8O2",0.2,"phenylalanine C9H11N1O2 - H3N1 -> C9H8O2"
1147,493.8435,13.91,5.41,"Artifact","C8H11K5O12",0.17,"KHCO3 C1H1K1O3 + C2H3K1O2 + C2H3K1O2 -> C5H7K3O7 + Peak 1704 -> C8H11K5O12"
1148,600.1379,2.51,5.22,"Unknown","Unknown",0.22,"Unknown"
1149,134.094,13.64,5.44,"Artifact","Ring_artifact_C4H6O5",0.68,"malate C4H6O5 + Ring_artifact -> Ring_artifact_C4H6O5"
1150,312.2939,2.41,5.35,"Artifact","[13]C2C18H38O2",-0.03,"Peak 77 C20H38O2 + [13]C1C-1 -> [13]C1C19H38O2 + [13]C1C-1 -> [13]C2C18H38O2"
1151,150.0427,4.2,4.86,"Putative metabolite","C7H6N2O2",1.52,"N-Acetylserotonin C12H14N2O2 - C5H8 -> C7H6N2O2"
1152,150.0421,13.73,5.49,"Unknown","Unknown",0.62,"Unknown"
1153,231.1551,2.6,5.42,"Artifact","[13]C1C11H22O4",0.28,"Peak 275 C12H22O4 + [13]C1C-1 -> [13]C1C11H22O4"
1154,231.155,3.9,4.48,"Unknown","Unknown",0.43,"Unknown"
1155,369.8233,13.84,5.37,"Artifact","C2H5K3O10S2",0.63,"KHSO4 H1K1O4S1 + C2H3K1O2 + H1K1O4S1 -> C2H5K3O10S2"
1156,374.1764,2.08,5.4,"Putative metabolite","C18H30O6S1",-0.24,"Linoleic acid C18H32O2 + C2H2O1 -> C20H34O3 + O3S1 -> C20H34O6S1 - C2H4 -> C18H30O6S1"
1157,245.1626,7.1,5.24,"Artifact","C12H23N1O4",0.44,"Butyrylcarnitine C11H21N1O4 - H2O1 -> C11H19N1O3 + C1H4O1 -> C12H23N1O4"
1158,245.1625,4.22,5.37,"Artifact","C12H23N1O4",0.85,"Caprylic acid C8H16O2 + C2H4O2 -> C10H20O4 + C2H3N1 -> C12H23N1O4"
1159,245.1626,2.89,4.81,"Artifact","C12H23N1O4",0.44,"Caprylic acid C8H16O2 + C2H4O2 -> C10H20O4 + C2H3N1 -> C12H23N1O4"
1160,289.2334,4.22,5.27,"Artifact","[13]C1C15H32O4",0.05,"Caprylic acid C8H16O2 * 2 -> C16H32O4 + [13]C1C-1 -> [13]C1C15H32O4"
1161,377.0814,2.6,5.28,"Artifact","C11H23N1O9S2",0.06,"Peak 472 C9H16O7S2 + C2H4O2 -> C11H20O9S2 + H3N1 -> C11H23N1O9S2"
1162,545.6903,13.85,5.41,"Artifact","C3H4K6O13S2",2.33,"KHSO4 H1K1O4S1 + C2H3K1O2 + Peak 1643 -> C3H5K5O13S2 + H-1K1 -> C3H4K6O13S2"
1163,138.045,7.66,3.74,"Artifact","[13]C2C3H4N4O1",1.6,"hypoxanthine C5H4N4O1 + [13]C1C-1 -> [13]C1C4H4N4O1 + [13]C1C-1 -> [13]C2C3H4N4O1"
1164,357.9107,13.91,5.36,"Artifact","C6H9K3O10",-0.02,"CH3COOK C2H3K1O2 + C2H4O2 + C1H1K1O3 -> C5H8K2O7 + C1H1K1O3 -> C6H9K3O10"
1165,284.2351,2.55,5.44,"Artifact","Ring_artifact_[13]C2C16H34O2",0.37,"Oleic acid C18H34O2 + [13]C1C-1 -> [13]C1C17H34O2 + [13]C1C-1 -> [13]C2C16H34O2 + Ring_artifact -> Ring_artifact_[13]C2C16H34O2"
1166,328.1151,7.61,4.56,"Artifact","[15]N1C12H17N4O6",-0.61,"Adenosine C10H13N5O4 + C2H4O2 -> C12H17N5O6 + [15]N1N-1 -> [15]N1C12H17N4O6"
1167,231.0592,13,5.44,"Artifact","C9H19N1Ni1S1",-0.16,"Peak 2431 C9H19N1O1S1 + C2H2Ni1O2 -> C11H21N1Ni1O3S1 - C1O2 -> C10H21N1Ni1O1S1 - C1H2O1 -> C9H19N1Ni1S1"
1168,291.942,13.93,5.41,"Artifact","C4H10K2O8Si1",-0.32,"H4SiO4 H4O4Si1 + C2H3K1O2 + C2H3K1O2 -> C4H10K2O8Si1"
1169,308.0685,7.6,5.47,"Artifact","[13]C1C8H13N3O9",0.11,"uridine C9H12N2O6 + H1N1O3 -> C9H13N3O9 + [13]C1C-1 -> [13]C1C8H13N3O9"
1170,224.0632,14.17,5.45,"Artifact","[34]S1C7H14N2O4",0.11,"cystathionine C7H14N2O4S1 + [34]S1S-1 -> [34]S1C7H14N2O4"
1171,392.2052,7.09,4.52,"Unknown","Unknown",0.29,"Unknown"
1172,278.1225,13.39,5.44,"Artifact","C9H18N4O6",0.48,"N-Acetyl-L-arginine C8H16N4O3 + C1H2O3 -> C9H18N4O6"
1173,161.9753,13.91,5.44,"Artifact","[41]K1C3H5O5",1.38,"KHCO3 C1H1K1O3 + C2H4O2 + [41]K1K-1 -> [41]K1C3H5O5"
1174,153.9338,13.85,5.42,"Artifact","H3K1O5S1",0.17,"KOH H1K1O1 + H2O4S1"
1175,281.174,7.09,5.41,"Putative metabolite","C14H23N3O3",-0.21,"Cytidine C9H13N3O5 + C1H2 -> C10H15N3O5 - C1O2 -> C9H15N3O3 + C5H8 -> C14H23N3O3"
1176,154.003,13.6,4.78,"Artifact","C3H7O5P1",0.71,"sn-glycerol-3-phosphate C3H9O6P1 - H2O1 -> C3H7O5P1"
1177,220.1058,11.29,5.45,"Artifact","C8H16N2O5",0.55,"N-Acetylornithine C7H14N2O3 + C1H2O2 -> C8H16N2O5"
1178,255.1551,2.7,5.42,"Artifact","[13]C1C13H22O4",0.25,"Peak 326 C14H22O4 + [13]C1C-1 -> [13]C1C13H22O4"
1179,255.1551,4.17,4.93,"Artifact","[13]C1C13H22O4",0.25,"Peak 327 C14H22O4 + [13]C1C-1 -> [13]C1C13H22O4"
1180,234.1327,16.77,5.46,"Artifact","C8H18N4O4",0.45,"L-Arginine C6H14N4O2 + C2H4O2 -> C8H18N4O4"
1181,159.0506,13.02,5.4,"Artifact","C4H10N1Na1O4",0.96,"threonine C4H9N1O3 + H1Na1O1 -> C4H10N1Na1O4"
1182,233.9466,13.53,5.36,"Artifact","C4Cr1H6O8",0.75,"malate C4H6O5 + Cr1O3 -> C4Cr1H6O8"
1183,221.0324,7.07,5.42,"Putative metabolite","C10H7N1O5",0.1,"Xanthurenic acid C10H7N1O4 + O1 -> C10H7N1O5"
1184,138.0271,2.93,5.24,"Unknown","Unknown",0.67,"Unknown"
1185,245.0911,13.59,4.81,"Artifact","[18]O1C7H18N1O5P1",1.3,"Peak 115 C7H18N1O6P1 + [18]O1O-1 -> [18]O1C7H18N1O5P1"
1186,245.0914,9.07,5.46,"Artifact","[13]C1C9H16N2O3S1",0.48,"biotin C10H16N2O3S1 + [13]C1C-1 -> [13]C1C9H16N2O3S1"
1187,245.0912,14.35,4.54,"Artifact","[18]O1C7H18N1O5P1",0.9,"Phosphorylcholine C5H14N1O4P1 + C2H4O2 -> C7H18N1O6P1 + [18]O1O-1 -> [18]O1C7H18N1O5P1"
1188,556.3208,7.1,5.26,"Artifact","[13]C1C24H50N1O10P1",-0.38,"PS(18:1(9Z)/0:0) C24H46N1O9P1 + C1H4O1 -> C25H50N1O10P1 + [13]C1C-1 -> [13]C1C24H50N1O10P1"
1189,89.05496,13,5.55,"Artifact","Ring_artifact_C3H7N1O2",1.21,"alanine C3H7N1O2 + Ring_artifact -> Ring_artifact_C3H7N1O2"
1190,280.0993,4.87,5.46,"Putative metabolite","C12H16N4O2S1",0.34,"Thiamine C12H16N4O1S1 + O1 -> C12H16N4O2S1"
1191,607.2939,13.62,5.37,"Artifact","C20H46N7O12P1",0.5,"citrulline C6H13N3O3 + Peak 226 -> C20H46N7O12P1"
1192,121.0624,13.01,5.44,"Artifact","[18]O1C4H9N1O2",0.73,"threonine C4H9N1O3 + [18]O1O-1 -> [18]O1C4H9N1O2"
1193,375.2191,2.87,4.97,"Unknown","Unknown",0.3,"Unknown"
1194,294.0362,13.01,5.37,"Artifact","C8H16N2Ni1O6",-0.07,"alanine C3H7N1O2 * 2 -> C6H14N2O4 + C2H2Ni1O2 -> C8H16N2Ni1O6"
1195,258.162,2.65,5.28,"Unknown","Unknown",0.4,"Unknown"
1196,258.162,3.8,4.23,"Unknown","Unknown",0.4,"Unknown"
1197,582.356,16.77,5.44,"Artifact","C20H46N12O8",0.27,"L-Arginine C6H14N4O2 + Peak 454 -> C20H46N12O8"
1198,149.0595,13.5,5.43,"Artifact","[13]C2C3H9N1O4",2.46,"glutamate C5H9N1O4 + [13]C1C-1 -> [13]C1C4H9N1O4 + [13]C1C-1 -> [13]C2C3H9N1O4"
1199,295.1268,11.96,5.45,"Putative metabolite","C11H21N1O8",-0.28,"Ornithine C5H12N2O2 + H-1N-1O1 -> C5H11N1O3 + C6H10O5 -> C11H21N1O8"
1200,294.9249,13.86,5.34,"Artifact","[13]C1C3H8K2O8S1",-0.49,"CH3COOK C2H3K1O2 + C2H4O2 + [13]C1C-1 -> [13]C1C3H7K1O4 + H1K1O4S1 -> [13]C1C3H8K2O8S1"
1201,488.1853,13.88,5.15,"Putative metabolite","C17H32N2O14",0.11,"N-Acetylneuraminic acid C11H19N1O9 + H3N1 -> C11H22N2O9 + C6H10O5 -> C17H32N2O14"
1202,259.2487,2.47,5.6,"Unknown","Unknown",0.4,"Unknown"
1203,438.2567,2.44,5.31,"Putative metabolite","C21H43O5P1S1",0.41,"PA(18:1(9Z)/0:0) C21H41O7P1 + H2S1 -> C21H43O7P1S1 - C1O2 -> C20H43O5P1S1 - H2O1 -> C20H41O4P1S1 + C1H2O1 -> C21H43O5P1S1"
1204,141.0901,13.62,5.46,"Metabolite","C6H11N3O1",0.79,"L-histidinol C6H11N3O1"
1205,177.0717,11.96,5.27,"Artifact","[13]C1C6H12O5",0.72,"2-Isopropylmalic acid C7H12O5 + [13]C1C-1 -> [13]C1C6H12O5"
1206,177.0717,13.01,5.43,"Unknown","Unknown",0.54,"Unknown"
1207,231.133,14.5,5.39,"Putative metabolite","C8H17N5O3",0.6,"N-Acetyl-L-arginine C8H16N4O3 + H1N1 -> C8H17N5O3"
1208,215.0641,9.9,5.47,"Artifact","C5H13N1O8",0.08,"D-Arabitol C5H12O5 + H1N1O3 -> C5H13N1O8"
1209,619.6048,13.85,5.28,"Artifact","H2K6O16S4",0.01,"KHSO4 H1K1O4S1 + H1K1O4S1 + H-1K1 -> H1K3O8S2 + Peak 136 -> H3K5O16S4 + H-1K1 -> H2K6O16S4"
1210,311.019,13.81,5.39,"Artifact","C6H14K1N3O7S1",-0.15,"citrulline C6H13N3O3 + H1K1O4S1 -> C6H14K1N3O7S1"
1211,114.9335,13.02,5.41,"Unknown","Unknown",0.78,"Unknown"
1212,114.9335,11.96,4.28,"Unknown","Unknown",0.78,"Unknown"
1213,114.9335,13.4,5.48,"Unknown","Unknown",0.78,"Unknown"
1214,213.0977,9.82,5.44,"Artifact","C8H16N1Na1O4",0.01,"isoleucine C6H13N1O2 + C2H3Na1O2 -> C8H16N1Na1O4"
1215,213.0977,9.34,5.27,"Artifact","C8H16N1Na1O4",0.01,"leucine C6H13N1O2 + C2H3Na1O2 -> C8H16N1Na1O4"
1216,317.0916,13.5,5.34,"Artifact","Ring_artifact_C10H24N1O8P1",0.34,"Glycerophosphocholine C8H20N1O6P1 + C2H4O2 -> C10H24N1O8P1 + Ring_artifact -> Ring_artifact_C10H24N1O8P1"
1217,174.072,10.34,4.92,"Artifact","[13]C1C6H11N1O4",0.93,"N-Acetyl-L-glutamate 5-semialdehyde C7H11N1O4 + [13]C1C-1 -> [13]C1C6H11N1O4"
1218,174.072,11.27,5.43,"Artifact","[13]C1C6H11N1O4",0.93,"N-Acetyl-L-glutamate 5-semialdehyde C7H11N1O4 + [13]C1C-1 -> [13]C1C6H11N1O4"
1219,174.072,9.38,4.48,"Unknown","Unknown",0.55,"Unknown"
1220,108.0436,1.87,4.81,"Putative metabolite","C4H4N4",-0.04,"hypoxanthine C5H4N4O1 - C1O1 -> C4H4N4"
1221,216.0592,13.61,5.39,"Artifact","[13]C1C4H14N1O6P1",0.13,"Peak 440 C4H12N1O4P1 + C1H2O2 -> C5H14N1O6P1 + [13]C1C-1 -> [13]C1C4H14N1O6P1"
1222,220.0694,13.62,5.41,"Artifact","C7H12N2O6",0.62,"citrulline C6H13N3O3 - H3N1 -> C6H10N2O3 + C1H2O3 -> C7H12N2O6"
1223,248.1776,2.59,5.27,"Artifact","C16H24O2",0.12,"alpha-Isomethyl-ionone C14H22O1 + C2H4O2 -> C16H26O3 - H2O1 -> C16H24O2"
1224,557.3238,7.09,5.32,"Artifact","C25H51N1O10S1",-0.78,"Peak 3399 C24H47N1O9S1 + C1H4O1 -> C25H51N1O10S1"
1225,244.2313,2.48,5.3,"Artifact","[13]C2C13H30O2",-0.04,"Peak 61 C15H30O2 + [13]C1C-1 -> [13]C1C14H30O2 + [13]C1C-1 -> [13]C2C13H30O2"
1226,551.8852,13.9,5.32,"Artifact","C9H17K4O15P1",0.24,"CH3COOK C2H3K1O2 + C2H4O2 + Peak 381 -> C9H17K4O15P1"
1227,300.1045,13.39,5.41,"Artifact","C9H17N4Na1O6",0.26,"N-Acetyl-L-arginine C8H16N4O3 + C1H1Na1O3 -> C9H17N4Na1O6"
1228,283.0274,13.91,5.12,"Artifact","C7.5H12N1O8.5P1",0.39,"UDP-D-glucose C15H24N2O17P2 / 2 -> C7.5H12N1O8.5P1"
1229,237.1072,16.78,5.42,"Artifact","C6H15N5O5",0.5,"L-Arginine C6H14N4O2 + H1N1O3 -> C6H15N5O5"
1230,276.0633,13,5.35,"Artifact","C8Ca1H16N2O6",0.46,"alanine C3H7N1O2 * 2 -> C6H14N2O4 + C2Ca1H2O2 -> C8Ca1H16N2O6"
1231,276.0612,11.92,4.53,"Unknown","Unknown",0.38,"Unknown"
1232,716.5187,4.23,5.37,"Artifact","[13]C1C38H74N1O8P1",-0.2,"PE(16:1(9Z)/18:1(9Z)) C39H74N1O8P1 + [13]C1C-1 -> [13]C1C38H74N1O8P1"
1233,716.5188,3.04,5.21,"Artifact","[13]C1C38H74N1O8P1",-0.34,"PE(16:1(9Z)/18:1(9Z)) C39H74N1O8P1 + [13]C1C-1 -> [13]C1C38H74N1O8P1"
1234,453.0794,2.64,5.19,"Artifact","C14Ca1H23N1O13",0.29,"Tartaric acid C4H6O6 + Peak 1337 -> C14Ca1H23N1O13"
1235,571.284,7.09,5.38,"Artifact","[13]C1C24H47O12P1",-0.23,"PI(16:1(9Z)/0:0) C25H47O12P1 + [13]C1C-1 -> [13]C1C24H47O12P1"
1236,432.2336,2.07,4.1,"Unknown","Unknown",0.27,"Unknown"
1237,320.0342,13.33,5.4,"Artifact","C5H16N2O10Si2",0.46,"glutamine C5H10N2O3 + H4O4Si1 -> C5H14N2O7Si1 + H2O3Si1 -> C5H16N2O10Si2"
1238,320.035,14.16,4.35,"Artifact","C7H16N2O8S2",-0.6,"cystathionine C7H14N2O4S1 + H2O4S1 -> C7H16N2O8S2"
1239,302.2733,2.63,5.42,"Artifact","[13]C2C16H36O3",-0.48,"Stearic acid C18H36O2 + O1 + [13]C1C-1 -> [13]C1C17H36O3 + [13]C1C-1 -> [13]C2C16H36O3"
1240,634.1341,14.19,5.39,"Artifact","C20H31N6Na1O12S2",-0.3,"glutathione disulfide C20H32N6O12S2 + H-1Na1 -> C20H31N6Na1O12S2"
1241,146.2548,13.39,5.21,"Unknown","Unknown",0.63,"Unknown"
1242,237.1811,2.52,5.33,"Artifact","[13]C1C14H24O2",-0.49,"Peak 415 C15H24O2 + [13]C1C-1 -> [13]C1C14H24O2"
1243,367.844,13.86,5.37,"Artifact","C2H7K3O10S1Si1",0.11,"KHSO4 H1K1O4S1 + C2H3K1O2 + H1K1O1 -> C2H5K3O7S1 + H2O3Si1 -> C2H7K3O10S1Si1"
1244,507.7535,13.86,5.4,"Artifact","[41]K1C4H7K4O12S2",2.06,"KHSO4 H1K1O4S1 + C2H4O2 + H1K1O4S1 -> C2H6K2O10S2 + H-2K2 -> C2H4K4O10S2 + C2H3K1O2 -> C4H7K5O12S2 + [41]K1K-1 -> [41]K1C4H7K4O12S2"
1245,576.0063,13.85,5.33,"Artifact","C12H25K1O19S2",0.96,"Lactose C12H22O11 + H2O4S1 -> C12H24O15S1 + H1K1O4S1 -> C12H25K1O19S2"
1246,215.0461,13.02,5.4,"Artifact","C4H13N1O7Si1",0.13,"threonine C4H9N1O3 + H4O4Si1 -> C4H13N1O7Si1"
1247,303.228,2.47,5.23,"Artifact","[13]C1C19H30O2",-0.21,"Retinoic Acid C20H28O2 + H2 + [13]C1C-1 -> [13]C1C19H30O2"
1248,293.8286,13.85,5.38,"Artifact","H1K2Na1O8S2",-0.45,"KHSO4 H1K1O4S1 + H1K1O4S1 + H-1Na1 -> H1K2Na1O8S2"
1249,263.1029,2.32,5.29,"Unknown","Unknown",0.39,"Unknown"
1250,263.1004,13,4.65,"Putative metabolite","C10H17N1O7",0.39,"pantothenate C9H17N1O5 + C1O2 -> C10H17N1O7"
1251,304.0424,13.75,5.3,"Artifact","[13]C0.5C8H13.5N1.5O8.5P1",0.2,"Uridine diphosphate-N-acetylglucosamine C17H27N3O17P2 / 2 -> C8.5H13.5N1.5O8.5P1 + [13]C0.5C-0.5 -> [13]C0.5C8H13.5N1.5O8.5P1"
1252,584.3354,16.78,5.42,"Artifact","C19H44N12O9",0.04,"L-Arginine C6H14N4O2 * 3 -> C18H42N12O6 + C1H2O3 -> C19H44N12O9"
1253,381.2628,2.43,5.31,"Artifact","[13]C1C17H40O6Si1",-0.08,"Stearic acid C18H36O2 + [13]C1C-1 -> [13]C1C17H36O2 + H4O4Si1 -> [13]C1C17H40O6Si1"
1254,145.9806,13.9,5.38,"Artifact","[41]K1C3H5O4",0.07,"CH3COOK C2H3K1O2 + C1H2O2 + [41]K1K-1 -> [41]K1C3H5O4"
1255,305.199,2.52,5.39,"Unknown","Unknown",0.35,"Unknown"
1256,305.1991,3.7,4.42,"Unknown","Unknown",0.35,"Unknown"
1257,302.1226,13.51,5.38,"Artifact","C11H18N4O6",0.11,"Peak 855 C10H14N4O5 + C1H4O1 -> C11H18N4O6"
1258,174.3538,16.79,5.24,"Unknown","Unknown",0.55,"Unknown"
1259,281.0568,13.37,5.38,"Artifact","C9H15N1O7S1",0.44,"Peak 1312 C7H12O7S1 + C2H3N1 -> C9H15N1O7S1"
1260,345.0474,11.3,5.37,"Metabolite","C10H12N5O7P1",0.1,"3',5'-cyclic GMP C10H12N5O7P1"
1261,234.085,13.52,5.31,"Artifact","C8H14N2O6",0.8,"N-acetyl-glutamate C7H11N1O5 + C1O1 + H3N1 -> C8H14N2O6"
1262,271.2146,2.57,5.38,"Artifact","C15H29N1O3",0.53,"Peak 647 C13H26O3 + C2H3N1 -> C15H29N1O3"
1263,271.2147,2.96,5.41,"Putative metabolite","C15H29N1O3",0.16,"Palmitic acid C16H32O2 + C1O1 -> C17H32O3 - C2H4 -> C15H28O3 + H1N1 -> C15H29N1O3"
1264,485.8206,13.88,5.32,"Artifact","C6H11K5O11S1",0.29,"KHSO4 H1K1O4S1 + C2H3K1O2 + Peak 173 -> C7H11K5O13S1 - C1O2 -> C6H11K5O11S1"
1265,605.0144,13.91,5.38,"Artifact","[13]C1C14H23K1N2O17P2",-0.24,"UDP-D-glucose C15H24N2O17P2 + H-1K1 -> C15H23K1N2O17P2 + [13]C1C-1 -> [13]C1C14H23K1N2O17P2"
1266,388.1921,2.08,5.36,"Putative metabolite","C19H32O6S1",-0.36,"Linoleic acid C18H32O2 + C2H2O1 -> C20H34O3 + O3S1 -> C20H34O6S1 - C1H2 -> C19H32O6S1"
1267,584.352,3.07,5.35,"Artifact","[13]C1C26H54N1O10P1",-0.19,"Peak 587 C27H54N1O10P1 + [13]C1C-1 -> [13]C1C26H54N1O10P1"
1268,89.0691,13.02,4.57,"Artifact","Ring_artifact_C3H7N1O2",1.21,"alanine C3H7N1O2 + Ring_artifact -> Ring_artifact_C3H7N1O2"
1269,162.072,10.76,5.31,"Artifact","[13]C1C5H11N1O4",1,"O-Acetyl-L-homoserine C6H11N1O4 + [13]C1C-1 -> [13]C1C5H11N1O4"
1270,257.1132,2.47,5.51,"Artifact","Ring_artifact_[13]C1C15H32O2",0.4,"Palmitic acid C16H32O2 + [13]C1C-1 -> [13]C1C15H32O2 + Ring_artifact -> Ring_artifact_[13]C1C15H32O2"
1271,696.4469,16.77,5.41,"Artifact","C24H56N16O8",-0.28,"L-Arginine C6H14N4O2 * 4 -> C24H56N16O8"
1272,440.0931,13.89,5.32,"Artifact","C14H25K1O13",0.28,"Lactose C12H22O11 + C2H3K1O2 -> C14H25K1O13"
1273,440.0931,14.82,5.04,"Artifact","C14H25K1O13",0.28,"Trehalose C12H22O11 + C2H3K1O2 -> C14H25K1O13"
1274,290.1307,13.46,5.4,"Artifact","[13]C1C10H19N3O6",0.14,"Peak 267 C11H19N3O6 + [13]C1C-1 -> [13]C1C10H19N3O6"
1275,275.1481,14.13,5.42,"Putative metabolite","C11H21N3O5",0.08,"Saccharopine C11H20N2O6 - H-1N-1O1 -> C11H21N3O5"
1276,144.0969,4.2,5.36,"Artifact","Ring_artifact_C8H16O2",0.64,"Caprylic acid C8H16O2 + Ring_artifact -> Ring_artifact_C8H16O2"
1277,133.0528,2.8,5.38,"Metabolite","C8H7N1O1",-0.27,"Benzaldehyde-cyanohydrin C8H7N1O1"
1278,132.0615,9.04,5.42,"Artifact","[13]C1C4H9N1O3",0.74,"5-Aminolevulinic acid C5H9N1O3 + [13]C1C-1 -> [13]C1C4H9N1O3"
1279,132.0615,12.69,4.11,"Artifact","[13]C1C4H9N1O3",0.74,"hydroxyproline C5H9N1O3 + [13]C1C-1 -> [13]C1C4H9N1O3"
1280,530.2878,2.81,5.33,"Unknown","Unknown",0.24,"Unknown"
1281,257.3739,2.47,5.47,"Artifact","Ring_artifact_[13]C1C15H32O2",0.4,"Palmitic acid C16H32O2 + [13]C1C-1 -> [13]C1C15H32O2 + Ring_artifact -> Ring_artifact_[13]C1C15H32O2"
1282,239.8665,13.93,5.4,"Artifact","[41]K1C2H1K2O6",0.22,"KHCO3 C1H1K1O3 + C1H2O3 + H-2K2 -> C2H1K3O6 + [41]K1K-1 -> [41]K1C2H1K2O6"
1283,197.0663,12.24,5.4,"Artifact","C7H12N1Na1O4",0.52,"Diaminopimelic Acid C7H14N2O4 - H1N1 + H-1Na1 -> C7H12N1Na1O4"
1284,197.0663,11.96,5.4,"Unknown","Unknown",0.49,"Unknown"
1285,328.1985,2.08,5.36,"Unknown","Unknown",0.33,"Unknown"
1286,464.9851,13.98,5.36,"Artifact","C10H14K1N5O10P2",0.42,"dGDP C10H15N5O10P2 + H-1K1 -> C10H14K1N5O10P2"
1287,218.0147,11.28,5.39,"Artifact","C4H7N2Na1O7",1.81,"Aminoadipic acid C6H11N1O4 - C2H4 + N1Na1O3 -> C4H7N2Na1O7"
1288,328.0938,13.01,5.37,"Artifact","C10H20N2O8S1",0.72,"Peak 1829 C11H21N1O6S1 + H1N1O3 -> C11H22N2O9S1 - C1H2O1 -> C10H20N2O8S1"
1289,144.1318,4.2,5.34,"Artifact","Ring_artifact_C8H16O2",0.64,"Caprylic acid C8H16O2 + Ring_artifact -> Ring_artifact_C8H16O2"
1290,147.0531,4.1,5.51,"Metabolite","C5H9N1O4",0.39,"L-Glutamic acid C5H9N1O4"
1291,355.0687,13.95,5.4,"Putative metabolite","C10H17N3O9S1",-0.42,"glutathione C10H17N3O6S1 + O3S1 -> C10H17N3O9S2 - S1 -> C10H17N3O9S1"
1292,117.0385,11.22,5.36,"Artifact","Ring_artifact_C5H11N1O2",0.77,"DL-Valine C5H11N1O2 + Ring_artifact -> Ring_artifact_C5H11N1O2"
1293,147.0531,2.83,5.36,"Metabolite","C5H9N1O4",0.39,"L-Glutamic acid C5H9N1O4"
1294,256.5969,2.34,5.28,"Unknown","Unknown",0.4,"Unknown"
1295,377.0296,13.97,5.34,"Artifact","C10H16K1N3O8S1",-0.22,"Peak 3096 C8H14N2O8S1 + C2H3N1 -> C10H17N3O8S1 + H-1K1 -> C10H16K1N3O8S1"
1296,164.1201,2.63,5.17,"Putative metabolite","C11H16O1",0.09,"phenylalanine C9H11N1O2 + C1H2 -> C10H13N1O2 - C1O2 -> C9H13N1 + H-1N-1O1 -> C9H12O1 + C2H4 -> C11H16O1"
1297,557.3331,3.07,5.34,"Putative metabolite","C25H52N1O10P1",-0.39,"PS(18:0/0:0) C24H48N1O9P1 + C1H2O1 -> C25H50N1O10P1 + H2 -> C25H52N1O10P1"
1298,701.9856,13.92,5.22,"Artifact","C15H26K1N2O21P3",3.13,"UDP-D-glucose C15H24N2O17P2 + H2K1O4P1 -> C15H26K1N2O21P3"
1299,109.029,2.92,5.2,"Unknown","Unknown",0.82,"Unknown"
1300,458.3761,2.36,5.35,"Putative metabolite","C30H50O3",-0.23,"Obtusifoliol C30H50O2 + O1 -> C30H50O3"
1301,524.2941,7.09,5.35,"Artifact","[13]C1C23H46N1O9P1",0.52,"PS(18:1(9Z)/0:0) C24H46N1O9P1 + [13]C1C-1 -> [13]C1C23H46N1O9P1"
1302,203.0405,13.02,5.37,"Artifact","C5H10N1Na1O6",0.4,"threonine C4H9N1O3 + C1H1Na1O3 -> C5H10N1Na1O6"
1303,498.189,13.88,5.2,"Artifact","[13]C1C17H31N3O13",0.09,"Peak 397 C18H31N3O13 + [13]C1C-1 -> [13]C1C17H31N3O13"
1304,498.1891,14.81,4.29,"Artifact","[13]C1C17H31N3O13",-0.11,"Peak 398 C18H31N3O13 + [13]C1C-1 -> [13]C1C17H31N3O13"
1305,411.9168,13.9,5.31,"Artifact","C6H16K3O9P1S1",-1.01,"CH3COOK C2H3K1O2 + Peak 706 -> C6H16K3O9P1S1"
1306,136.0735,8.07,4.88,"Putative metabolite","C5H12O4",0.43,"L-arabinitol C5H12O5 - O1 -> C5H12O4"
1307,136.0735,7.51,5.38,"Putative metabolite","C5H12O4",0.43,"L-arabinitol C5H12O5 - O1 -> C5H12O4"
1308,418.218,2.06,5.37,"Unknown","Unknown",0.28,"Unknown"
1309,215.1602,2.82,5.21,"Artifact","[13]C1C11H22O3",0.23,"Peak 343 C12H22O3 + [13]C1C-1 -> [13]C1C11H22O3"
1310,206.0901,11.8,5.4,"Putative metabolite","C7H14N2O5",0.83,"N-Acetyl-glutamine C7H12N2O4 + H2O1 -> C7H14N2O5"
1311,178.084,7.17,5.36,"Artifact","C7H14O5",0.69,"(S)-2-Aceto-2-hydroxybutanoic acid C6H10O4 + C1H4O1 -> C7H14O5"
1312,240.0303,13.47,5.36,"Putative metabolite","C7H12O7S1",0.31,"Methylisocitric acid C7H10O7 + H2S1 -> C7H12O7S1"
1313,282.1666,2.05,5.34,"Unknown","Unknown",0.37,"Unknown"
1314,310.1604,2.13,5.34,"Unknown","Unknown",0.34,"Unknown"
1315,190.067,13.27,5.38,"Artifact","[13]C1C6H11N1O5",0.41,"N-acetyl-L-glutamic acid C7H11N1O5 + [13]C1C-1 -> [13]C1C6H11N1O5"
1316,88.02903,1.9,3.98,"Unknown","Unknown",1.22,"Unknown"
1317,148.0564,9.99,5.33,"Artifact","[13]C1C4H9N1O4",0.76,"O-acetyl-L-serine C5H9N1O4 + [13]C1C-1 -> [13]C1C4H9N1O4"
1318,148.0564,11.25,4.42,"Unknown","Unknown",0.63,"Unknown"
1319,288.0858,4.34,5.37,"Putative metabolite","C13H12N4O4",0.19,"5'-Methylthioadenosine C11H15N5O3S1 - H2S1 -> C11H13N5O3 + C2H2O1 -> C13H15N5O4 - H3N1 -> C13H12N4O4"
1320,273.8435,13.85,5.83,"Artifact","[41]K1H2K1O8S2",4.17,"KHSO4 H1K1O4S1 + H1K1O4S1 + [41]K1K-1 -> [41]K1H2K1O8S2"
1321,256.1961,2.48,5.3,"Artifact","Ring_artifact_C16H32O2",0.4,"Palmitic acid C16H32O2 + Ring_artifact -> Ring_artifact_C16H32O2"
1322,614.1584,14.19,5.33,"Artifact","[13]C2C18H32N6O12S2",0.44,"glutathione disulfide C20H32N6O12S2 + [13]C1C-1 -> [13]C1C19H32N6O12S2 + [13]C1C-1 -> [13]C2C18H32N6O12S2"
1323,301.0332,2.95,5.14,"Unknown","Unknown",0.35,"Unknown"
1324,301.0332,2.69,5.14,"Unknown","Unknown",0.35,"Unknown"
1325,250.5869,2.36,5.36,"Unknown","Unknown",0.41,"Unknown"
1326,257.1026,13.58,5.24,"Metabolite","C8H20N1O6P1",0.87,"Glycerophosphocholine C8H20N1O6P1"
1327,819.5624,4.38,5.38,"Artifact","C43H82N1O11P1",0.18,"ethyl 3-hydroxybutanoate C6H12O3 + Peak 934 -> C43H82N1O11P1"
1328,121.8952,4.21,5.31,"Unknown","Unknown",0.74,"Unknown"
1329,192.1102,14.19,5.35,"Artifact","Ring_artifact_C6H8O7",0.5,"citrate/isocitrate C6H8O7 + Ring_artifact -> Ring_artifact_C6H8O7"
1330,192.1109,16.24,4.19,"Artifact","C7H16N2O4",0.56,"ornithine C5H12N2O2 + C2H4O2 -> C7H16N2O4"
1331,243.0718,10.58,5.39,"Artifact","C8H14N1Na1O6",0.34,"O-Acetyl-L-homoserine C6H11N1O4 + C2H3Na1O2 -> C8H14N1Na1O6"
1332,351.1886,13.64,5.31,"Artifact","[15]N1C12H26N5O6",-0.52,"citrulline C6H13N3O3 * 2 -> C12H26N6O6 + [15]N1N-1 -> [15]N1C12H26N5O6"
1333,370.1283,11.86,5.36,"Artifact","B1C12H23O12",-0.12,"Peak 1817 C12H26O12 + B1H-3 -> B1C12H23O12"
1334,311.0286,13.77,5.29,"Artifact","C6H15K1N3O7P1",-0.42,"citrulline C6H13N3O3 + H2K1O4P1 -> C6H15K1N3O7P1"
1335,91.05424,13.01,5.31,"Artifact","[13]C2C1H7N1O2",1.63,"alanine C3H7N1O2 + [13]C1C-1 -> [13]C1C2H7N1O2 + [13]C1C-1 -> [13]C2C1H7N1O2"
1336,303.0621,13.02,5.31,"Artifact","C8H17N1O9S1",1,"threonine C4H9N1O3 + Peak 3658 -> C8H17N1O9S1"
1337,303.0622,2.67,5.27,"Artifact","C8H17N1O9S1",0.67,"2-Hydroxyoctanoic acid C8H16O3 + O3S1 + H1N1O3 -> C8H17N1O9S1"
1338,482.4334,2.51,5.22,"Artifact","C30H58O4",0.23,"Stearic acid C18H36O2 + Peak 363 -> C30H58O4"
1339,191.943,14.19,5.38,"Artifact","Ring_artifact_C6H8O7",0.5,"citrate/isocitrate C6H8O7 + Ring_artifact -> Ring_artifact_C6H8O7"
1340,191.9432,16.35,4.01,"Unknown","Unknown",0.5,"Unknown"
1341,307.1784,4.21,5.32,"Unknown","Unknown",0.35,"Unknown"
1342,233.0663,8.81,5.39,"Artifact","C10H12N1Na1O4",0.44,"phenylalanine C9H11N1O2 + C1H1Na1O2 -> C10H12N1Na1O4"
1343,168.0274,2.65,5.27,"Unknown","Unknown",0.56,"Unknown"
1344,168.0273,3.07,5.3,"Unknown","Unknown",0.56,"Unknown"
1345,294.1581,7.09,5.31,"Putative metabolite","C15H22N2O4",-0.49,"Porphobilinogen C10H14N2O4 + C5H8 -> C15H22N2O4"
1346,130.0211,7.03,5.29,"Artifact","[37]Cl1C3H9O3",-0.22,"Glycerol C3H8O3 + Cl1H1 -> C3Cl1H9O3 + [37]Cl1Cl-1 -> [37]Cl1C3H9O3"
1347,657.5608,13.84,5.26,"Artifact","H1K7O16S4",-0.17,"KHSO4 H1K1O4S1 + H2O4S1 + H-2K2 -> H1K3O8S2 + Peak 136 -> H3K5O16S4 + H-2K2 -> H1K7O16S4"
1348,410.3187,2.44,4.87,"Putative metabolite","C28H42O2",-0.53,"4beta-methylzymosterol-4alpha-carboxylic acid C29H46O3 - C1H2 -> C28H44O3 - H2O1 -> C28H42O2"
1349,390.1018,2.56,4.92,"Putative metabolite","C13H26O9S2",0.06,"2-Heptanone C7H14O1 + O3S1 -> C7H14O4S1 + H2S1 -> C7H16O4S2 + C6H10O5 -> C13H26O9S2"
1350,374.1069,2.6,5.18,"Artifact","C13H18N4O9",1.28,"Peak 44 C11H14N4O7 + C2H4O2 -> C13H18N4O9"
1351,147.0612,7.15,5.33,"Artifact","[13]C1C5H10O4",0.43,"(S)-2-Aceto-2-hydroxybutanoic acid C6H10O4 + [13]C1C-1 -> [13]C1C5H10O4"
1352,507.8953,13.9,5.2,"Artifact","C6H17K3O15P2",0.17,"CH3COOK C2H3K1O2 + C2H4O2 + Peak 381 -> C7H17K3O17P2 - C1O2 -> C6H17K3O15P2"
1353,173.03,13,5.34,"Artifact","C4H8N1Na1O5",0.1,"alanine C3H7N1O2 + C1H1Na1O3 -> C4H8N1Na1O5"
1354,307.1785,2.78,5.18,"Unknown","Unknown",0.35,"Unknown"
1355,378.0929,13.88,5.05,"Artifact","C12Cl1H23O11",-0.03,"Lactose C12H22O11 + Cl1H1 -> C12Cl1H23O11"
1356,378.0929,14.82,4.63,"Artifact","C12Cl1H23O11",-0.03,"Trehalose C12H22O11 + Cl1H1 -> C12Cl1H23O11"
1357,151.0242,10.35,4.53,"Artifact","C5H6N1Na1O3",2.24,"Pyroglutamic acid C5H7N1O3 + H-1Na1 -> C5H6N1Na1O3"
1358,442.0795,13.85,5,"Artifact","[34]S1C12H24O15",-0.26,"Lactose C12H22O11 + H2O4S1 -> C12H24O15S1 + [34]S1S-1 -> [34]S1C12H24O15"
1359,143.8917,4.2,5.13,"Unknown","Unknown",0.64,"Unknown"
1360,286.0725,2.68,5.17,"Artifact","C9H18O8S1",-0.91,"2-Hydroxyoctanoic acid C8H16O3 + O3S1 + C1H2O2 -> C9H18O8S1"
1361,144.9776,13.9,5.3,"Artifact","C2H4K1N1O4",0.96,"Nitrite H1N1O2 + C2H3K1O2"
1362,296.9136,13.91,5.28,"Artifact","[13]C1C4H7K3O7",0.18,"KHCO3 C1H1K1O3 + C2H3K1O2 + C2H3K1O2 -> C5H7K3O7 + [13]C1C-1 -> [13]C1C4H7K3O7"
1363,213.0515,13.74,5.32,"Artifact","C6H12K1N3O3",0.34,"citrulline C6H13N3O3 + H-1K1 -> C6H12K1N3O3"
1364,324.176,2.11,5.33,"Unknown","Unknown",0.33,"Unknown"
1365,236.083,14.29,5.34,"Putative metabolite","C8H16N2O4S1",0.33,"cystathionine C7H14N2O4S1 + C1H2 -> C8H16N2O4S1"
1366,297.2747,2.43,5.2,"Artifact","[13]C1C18H36O2",0.62,"Peak 655 C19H36O2 + [13]C1C-1 -> [13]C1C18H36O2"
1367,287.0882,13.67,5.3,"Artifact","C7H18N3O7P1",0.13,"citrulline C6H13N3O3 + Peak 446 -> C7H18N3O7P1"
1368,229.1677,6.55,5.35,"Putative metabolite","C12H23N1O3",0.41,"N-Octanoylglycine C10H19N1O3 + C2H4 -> C12H23N1O3"
1369,229.1676,2.75,5.31,"Putative metabolite","C12H23N1O3",0.84,"N-Octanoylglycine C10H19N1O3 + C2H4 -> C12H23N1O3"
1370,460.2856,2.49,5.13,"Putative metabolite","C24H44O6S1",0.56,"3-hydroxy-2-isopropyl-4-methoxy-4-oxobutanoate C8H14O5 + S1 -> C8H14O5S1 + C16H30O1 -> C24H44O6S1"
1371,651.9184,13.85,5.24,"Artifact","C12H23K3O19S2",0.33,"Lactose C12H22O11 + H2O4S1 -> C12H24O15S1 + H1K1O4S1 -> C12H25K1O19S2 + H-2K2 -> C12H23K3O19S2"
1372,153.0366,9.01,5.36,"Artifact","[13]C1C4H4N4O2",1.18,"Xanthine C5H4N4O2 + [13]C1C-1 -> [13]C1C4H4N4O2"
1373,148.0736,7.11,6.48,"Metabolite","C6H12O4",-0.28,"(R)-2,3-Dihydroxy-3-methylvalerate C6H12O4"
1374,248.0401,13.04,4.35,"Artifact","[13]C1C6Ca1H13N1O6",0.54,"alanine C3H7N1O2 + C2H4O2 -> C5H11N1O4 + C2Ca1H2O2 -> C7Ca1H13N1O6 + [13]C1C-1 -> [13]C1C6Ca1H13N1O6"
1375,223.0514,8.79,5.35,"Putative metabolite","C7H13N1O5S1",0.19,"cystathionine C7H14N2O4S1 + H-1N-1O1 -> C7H13N1O5S1"
1376,223.0432,13.03,5.33,"Artifact","C6H11N1Na2O5",0.28,"threonine C4H9N1O3 + C2H3Na1O2 -> C6H12N1Na1O5 + H-1Na1 -> C6H11N1Na2O5"
1377,83.96139,2.41,5.21,"Artifact","C1H1K1O2",-0.34,"HCOOK C1H1K1O2"
1378,172.0371,10.34,4.77,"Metabolite","C7H8O5",0.43,"3-Dehydroshikimic acid C7H8O5"
1379,172.0371,11.26,4.44,"Metabolite","C7H8O5",0.43,"3-Dehydroshikimic acid C7H8O5"
1380,172.0371,10.89,4.42,"Metabolite","C7H8O5",0.43,"3-Dehydroshikimic acid C7H8O5"
1381,529.8105,13.86,5.32,"Artifact","C7H11K5O13S1",0.13,"KHSO4 H1K1O4S1 + C2H3K1O2 + Peak 173 -> C7H11K5O13S1"
1382,247.1531,14.08,5.29,"Putative metabolite","C10H21N3O4",0.43,"L-gamma-Glutamyl-L-alanine C8H14N2O5 + C2H4 -> C10H18N2O5 + H3N1O-1 -> C10H21N3O4"
1383,247.1531,14.34,5.29,"Putative metabolite","C10H21N3O4",0.43,"L-gamma-Glutamyl-L-alanine C8H14N2O5 + C2H4 -> C10H18N2O5 + H3N1O-1 -> C10H21N3O4"
1384,244.0533,7.07,5.36,"Putative metabolite","C7H17O5P1S1",0.54,"Diisopropyl sulfide C6H14S1 + H1O3P1 -> C6H15O3P1S1 + H2O1 -> C6H17O4P1S1 + C1O1 -> C7H17O5P1S1"
1385,113.9623,7.25,5.38,"Unknown","Unknown",0.79,"Unknown"
1386,526.1189,2.54,5.16,"Unknown","Unknown",0.24,"Unknown"
1387,403.0182,14.18,5.33,"Metabolite","C9H15N3O11P2",-0.05,"CDP C9H15N3O11P2"
1388,320.1407,4.23,5.24,"Putative metabolite","C13H24N2O5S1",-0.34,"cystathionine C7H14N2O4S1 + C5H8 -> C12H22N2O4S1 + C1H2O1 -> C13H24N2O5S1"
1389,320.1407,3.09,4.3,"Putative metabolite","C13H24N2O5S1",-0.34,"cystathionine C7H14N2O4S1 + C5H8 -> C12H22N2O4S1 + C1H2O1 -> C13H24N2O5S1"
1390,320.1405,3.62,4.25,"Putative metabolite","C13H24N2O5S1",0.29,"cystathionine C7H14N2O4S1 + C5H8 -> C12H22N2O4S1 + C1H2O1 -> C13H24N2O5S1"
1391,232.1421,4.24,5.17,"Artifact","C10H20N2O4",0.89,"Peak 937 C8H16N2O2 + C2H4O2 -> C10H20N2O4"
1392,232.1422,3.01,4.41,"Putative metabolite","C10H20N2O4",0.46,"Saccharopine C11H20N2O6 - C1O2 -> C10H20N2O4"
1393,245.207,4.23,5.08,"Artifact","[13]C1C13H28O3",0.81,"Peak 522 C14H28O3 + [13]C1C-1 -> [13]C1C13H28O3"
1394,256.2992,2.48,5.12,"Artifact","Ring_artifact_C16H32O2",0.4,"Palmitic acid C16H32O2 + Ring_artifact -> Ring_artifact_C16H32O2"
1395,120.0551,13.02,5.24,"Artifact","[15]N1C4H9O3",1.48,"threonine C4H9N1O3 + [15]N1N-1 -> [15]N1C4H9O3"
1396,299.8688,13.93,5.25,"Artifact","C3H3K3O9",0.09,"KHCO3 C1H1K1O3 + C1H2O3 + H-2K2 -> C2H1K3O6 + C1H2O3 -> C3H3K3O9"
1397,333.8654,13.84,5.29,"Artifact","[41]K1C2H6K1O10S2",1.11,"KHSO4 H1K1O4S1 + C2H4O2 + H1K1O4S1 -> C2H6K2O10S2 + [41]K1K-1 -> [41]K1C2H6K1O10S2"
1398,140.9828,13.9,5.3,"Metabolite","C1H4N1O5P1",-0.65,"Carbamoylphosphate C1H4N1O5P1"
1399,176.0319,12.95,5.3,"Metabolite","C6H8O6",1.07,"L-Xylo-hexulonolactone C6H8O6"
1400,176.0346,7.17,4.44,"Unknown","Unknown",0.54,"Unknown"
1401,282.0521,14,5.32,"Putative metabolite","C8H14N2O7S1",0.25,"N-Acetyl-glutamine C7H12N2O4 + C1H2 -> C8H14N2O4 + O3S1 -> C8H14N2O7S1"
1402,147.0341,13.5,5.37,"Artifact","Ring_artifact_C5H9N1O4",0.63,"glutamate C5H9N1O4 + Ring_artifact -> Ring_artifact_C5H9N1O4"
1403,243.0776,7.58,5.24,"Artifact","C7H17N1O6S1",0.24,"Peak 3834 C5H13N1O4S1 + C2H4O2 -> C7H17N1O6S1"
1404,243.0775,2.37,5.25,"Putative metabolite","C7H17N1O6S1",0.65,"Quinic acid C7H12O6 + H3N1 -> C7H15N1O6 + H2S1 -> C7H17N1O6S1"
1405,243.0774,4.23,5.16,"Putative metabolite","C7H17N1O6S1",1.06,"Quinic acid C7H12O6 + H3N1 -> C7H15N1O6 + H2S1 -> C7H17N1O6S1"
1406,243.0774,3.39,4,"Putative metabolite","C7H17N1O6S1",1.06,"Quinic acid C7H12O6 + H3N1 -> C7H15N1O6 + H2S1 -> C7H17N1O6S1"
1407,236.0861,17.12,4.5,"Unknown","Unknown",0.43,"Unknown"
1408,236.086,16.69,4.54,"Artifact","C6H14N4Na2O3",0.55,"L-Arginine C6H14N4O2 + H-1Na1 -> C6H13N4Na1O2 + H1Na1O1 -> C6H14N4Na2O3"
1409,397.8647,13.91,5.21,"Unknown","Unknown",0.29,"Unknown"
1410,406.1152,13.88,5.06,"Artifact","[13]C1C11H23N1O14",0.02,"Lactose C12H22O11 + H1N1O3 -> C12H23N1O14 + [13]C1C-1 -> [13]C1C11H23N1O14"
1411,406.1152,14.82,5.3,"Artifact","[13]C1C11H23N1O14",0.02,"Trehalose C12H22O11 + H1N1O3 -> C12H23N1O14 + [13]C1C-1 -> [13]C1C11H23N1O14"
1412,159.0352,4.22,5.24,"Putative metabolite","C6H9N1O2S1",1.25,"N-Formyl-L-methionine C6H11N1O3S1 - H2O1 -> C6H9N1O2S1"
1413,159.0352,7.11,4.41,"Artifact","C6H9N1O2S1",1.25,"N-Formyl-L-methionine C6H11N1O3S1 - H2O1 -> C6H9N1O2S1"
1414,159.0353,4.86,4.78,"Putative metabolite","C6H9N1O2S1",0.62,"N-Formyl-L-methionine C6H11N1O3S1 - H2O1 -> C6H9N1O2S1"
1415,246.0779,11.81,5.34,"Artifact","[13]C1C5H15N1O9",0.55,"D-glucitol C6H14O6 + H1N1O3 -> C6H15N1O9 + [13]C1C-1 -> [13]C1C5H15N1O9"
1416,246.0779,11.37,5.28,"Artifact","[13]C1C5H15N1O9",0.55,"D-glucitol C6H14O6 + H1N1O3 -> C6H15N1O9 + [13]C1C-1 -> [13]C1C5H15N1O9"
1417,177.1021,13.63,5.3,"Artifact","[13]C2C4H13N3O3",1.7,"citrulline C6H13N3O3 + [13]C1C-1 -> [13]C1C5H13N3O3 + [13]C1C-1 -> [13]C2C4H13N3O3"
1418,319.0837,13.27,5.22,"Putative metabolite","C11H17N3O6S1",0.33,"S-Formylglutathione C11H17N3O7S1 - O1 -> C11H17N3O6S1"
1419,206.0723,2.57,5.45,"Artifact","Ring_artifact_C14H22O1",0.48,"alpha-Isomethyl-ionone C14H22O1 + Ring_artifact -> Ring_artifact_C14H22O1"
1420,333.6831,2.06,5.22,"Unknown","Unknown",0.33,"Unknown"
1421,317.8615,13.85,5.32,"Artifact","C3H5K3O8S1",0.42,"KHSO4 H1K1O4S1 + C2H3K1O2 + C1H1K1O2 -> C3H5K3O8S1"
1422,260.0858,13,5.27,"Unknown","Unknown",0.39,"Unknown"
1423,223.0432,10.56,4.51,"Artifact","C6H11N1Na2O5",0.28,"O-Acetyl-L-homoserine C6H11N1O4 + H-1Na1 -> C6H10N1Na1O4 + H1Na1O1 -> C6H11N1Na2O5"
1424,179.0509,13.37,5.24,"Unknown","Unknown",0.53,"Unknown"
1425,254.2834,2.48,5.16,"Artifact","Ring_artifact_C16H30O2",0.4,"palmitoleic acid C16H30O2 + Ring_artifact -> Ring_artifact_C16H30O2"
1426,248.0482,7.15,5.31,"Artifact","C6Cl1H17O6Si1",0.37,"Glycerol C3H8O3 + Cl1H1 -> C3Cl1H9O3 + C3H8O3Si1 -> C6Cl1H17O6Si1"
1427,282.1858,2.43,5.48,"Artifact","Ring_artifact_C18H34O2",0.37,"Oleic acid C18H34O2 + Ring_artifact -> Ring_artifact_C18H34O2"
1428,123.032,13.44,5.23,"Artifact","C6H5N1O2",0.23,"quinolinate C7H5N1O4 - C1O2 -> C6H5N1O2"
1429,229.0436,13.5,5.3,"Artifact","C6H10N2Na1O6",0.24,"glutamine C5H10N2O3 + C1H1Na1O3 -> C6H11N2Na1O6 - H1 -> C6H10N2Na1O6"
1430,471.7872,13.88,5.13,"Artifact","[41]K1C5H7K4O11S1",0.76,"KHSO4 H1K1O4S1 + C2H3K1O2 + Peak 545 -> C5H7K5O11S1 + [41]K1K-1 -> [41]K1C5H7K4O11S1"
1431,116.2149,4.26,4.94,"Unknown","Unknown",0.78,"Unknown"
1432,89.0344,13,5.29,"Artifact","Ring_artifact_C3H7N1O2",1.21,"alanine C3H7N1O2 + Ring_artifact -> Ring_artifact_C3H7N1O2"
1433,96.04045,13.42,5.27,"Artifact","[13]C1C4H5N1O1",0.19,"2-hydroxypyridine C5H5N1O1 + [13]C1C-1 -> [13]C1C4H5N1O1"
1434,203.0793,7.22,5.3,"Artifact","C8H13N1O5",0.36,"Peak 614 C6H9N1O3 + C2H4O2 -> C8H13N1O5"
1435,88.04177,3.01,4.46,"Artifact","Ring_artifact_C3H4O3",1.22,"Pyruvic acid C3H4O3 + Ring_artifact -> Ring_artifact_C3H4O3"
1436,210.0487,13.52,5.23,"Artifact","C5H10N2O7",0.48,"glutamate C5H9N1O4 + H1N1O3 -> C5H10N2O7"
1437,367.8346,13.83,5.27,"Artifact","H6K2O12S2Si1",-0.52,"KHSO4 H1K1O4S1 + H1K1O4S1 + H4O4Si1 -> H6K2O12S2Si1"
1438,205.0261,13.02,5.28,"Unknown","Unknown",0.48,"Unknown"
1439,282.0803,13.01,5.29,"Artifact","C8H16N2Na2O6",0.27,"threonine C4H9N1O3 + Peak 1815 -> C8H17N2Na1O6 + H-1Na1 -> C8H16N2Na2O6"
1440,425.2546,7.1,5.18,"Artifact","C19H40N1O7P1",-0.85,"1-palmitoylglycerone 3-phosphate C19H37O7P1 + H3N1 -> C19H40N1O7P1"
1441,279.9363,13.93,5.33,"Artifact","C5H7K2Na1O7",0.22,"KHCO3 C1H1K1O3 + C2H3K1O2 + C2H3Na1O2 -> C5H7K2Na1O7"
1442,337.8436,13.92,5.1,"Artifact","[41]K1C4H4K3O8",-0.11,"KHCO3 C1H1K1O3 + C2H3K1O2 + C1H1K1O3 -> C4H5K3O8 + H-1K1 -> C4H4K4O8 + [41]K1K-1 -> [41]K1C4H4K3O8"
1443,189.1445,2.74,5.26,"Unknown","Unknown",0.51,"Unknown"
1444,199.1653,2.61,5.3,"Artifact","[13]C1C11H22O2",0.17,"Ethyl 9-decenoate C12H22O2 + [13]C1C-1 -> [13]C1C11H22O2"
1445,199.1653,2.18,5.09,"Artifact","[13]C1C11H22O2",0.17,"Ethyl 9-decenoate C12H22O2 + [13]C1C-1 -> [13]C1C11H22O2"
1446,199.1653,3.93,4.22,"Unknown","Unknown",0.49,"Unknown"
1447,148.0754,13.38,5.31,"Artifact","Ring_artifact_[13]C1C4H9N1O4",0.63,"glutamate C5H9N1O4 + [13]C1C-1 -> [13]C1C4H9N1O4 + Ring_artifact -> Ring_artifact_[13]C1C4H9N1O4"
1448,101.9534,2,5.32,"Unknown","Unknown",0.87,"Unknown"
1449,191.0582,8.95,5.32,"Artifact","C10H9N1O3",0.23,"L-Kynurenine C10H12N2O3 - H3N1 -> C10H9N1O3"
1450,118.0904,3.02,4.63,"Artifact","[13]C2C4H12O2",0.33,"4-Methylvaleric acid C6H12O2 + [13]C1C-1 -> [13]C1C5H12O2 + [13]C1C-1 -> [13]C2C4H12O2"
1451,118.0904,4.23,5.21,"Artifact","[13]C2C4H12O2",0.33,"isobutyl acetate C6H12O2 + [13]C1C-1 -> [13]C1C5H12O2 + [13]C1C-1 -> [13]C2C4H12O2"
1452,333.0849,13.64,5.23,"Artifact","C10Ca1H19N3O7",-0.03,"citrulline C6H13N3O3 + C2Ca1H2O2 -> C8Ca1H15N3O5 + C2H4O2 -> C10Ca1H19N3O7"
1453,453.9271,13.88,5.16,"Artifact","C8H18K3O10P1S1",-0.33,"CH3COOK C2H3K1O2 + Peak 575 -> C8H18K3O10P1S1"
1454,158.0161,13.91,5.05,"Artifact","Ring_artifact_C4H7K1O4",0.59,"CH3COOK C2H3K1O2 + C2H4O2 + Ring_artifact -> Ring_artifact_C4H7K1O4"
1455,145.8833,13.39,5.25,"Unknown","Unknown",0.64,"Unknown"
1456,244.0604,2.59,4.93,"Unknown","Unknown",0.41,"Unknown"
1457,172.3844,2.66,5.22,"Unknown","Unknown",0.55,"Unknown"
1458,624.4968,2.5,5.2,"Putative metabolite","C37H68O7",-0.47,"D-Xylulose C5H10O5 + C16H30O1 -> C21H40O6 + C16H30O1 -> C37H70O7 - H2 -> C37H68O7"
1459,217.1757,2.62,5.23,"Artifact","[13]C1C11H24O3",0.92,"Undecanoic acid C11H22O2 + C1H2O1 + [13]C1C-1 -> [13]C1C11H24O3"
1460,217.1757,2.96,5.23,"Unknown","Unknown",0.46,"Unknown"
1461,191.8896,13.85,5.16,"Artifact","H2K2O5S1",0.56,"KOH H1K1O1 + H1K1O4S1"
1462,196.9437,13.86,5.21,"Artifact","C2Ca1H6O5P1S0.5",1.07,"No edge connections."
1463,262.1051,11.29,4.46,"Putative metabolite","C11H18O7",0.58,"2-Methylbutanal C5H10O1 + C6H8O6 -> C11H18O7"
1464,388.2827,2.7,5.29,"Artifact","C21H40O6",-0.54,"Caprylic acid C8H16O2 + Peak 477 -> C21H40O6"
1465,422.0827,14.39,5.31,"Metabolite","C12H23O14P1",-0.37,"trehalose-6-Phosphate C12H23O14P1"
1466,455.8878,13.89,5.2,"Artifact","C8H12K4O12",-0.21,"CH3COOK C2H3K1O2 + C2H4O2 + Peak 512 -> C8H12K4O12"
1467,523.3385,16.77,5.27,"Artifact","[13]C1C17H42N12O6",-0.23,"L-Arginine C6H14N4O2 * 3 -> C18H42N12O6 + [13]C1C-1 -> [13]C1C17H42N12O6"
1468,160.9464,13.01,4.94,"Artifact","[53]Cr1C2H4O5",0.76,"CrO3 Cr1O3 + C2H4O2 + [53]Cr1Cr-1 -> [53]Cr1C2H4O5"
1469,449.1688,2.78,5.19,"Artifact","C15H27N7O7S1",1.04,"Peak 585 C16H26N6O6S1 - C1O2 -> C15H26N6O4S1 + H1N1O3 -> C15H27N7O7S1"
1470,283.1644,15.25,5.31,"Putative metabolite","C12H21N5O3",0.14,"1-Methyladenosine C11H17N5O4 + C2H4 -> C13H21N5O4 - C1O1 -> C12H21N5O3"
1471,283.1644,14.75,4.95,"Putative metabolite","C12H21N5O3",0.14,"1-Methyladenosine C11H17N5O4 + C2H4 -> C13H21N5O4 - C1O1 -> C12H21N5O3"
1472,156.0898,4.23,5.1,"Putative metabolite","C7H12N2O2",0.5,"gamma-amino-gamma-cyanobutanoic acid C5H8N2O2 + C2H4 -> C7H12N2O2"
1473,144.0973,2.83,5.24,"Artifact","Ring_artifact_C8H16O2",0.64,"Caprylic acid C8H16O2 + Ring_artifact -> Ring_artifact_C8H16O2"
1474,314.3014,2.53,5.1,"Artifact","Ring_artifact_C11H14N4O7",0.34,"Peak 44 C11H14N4O7 + Ring_artifact -> Ring_artifact_C11H14N4O7"
1475,110.999,8.77,5.29,"Putative metabolite","C1H5N1O3S1",0.12,"N-Formyl-L-methionine C6H11N1O3S1 + H2 -> C6H13N1O3S1 - C5H8 -> C1H5N1O3S1"
1476,199.1208,7.1,5.21,"Putative metabolite","C10H17N1O3",0.22,"5-Aminolevulinic acid C5H9N1O3 + C5H8 -> C10H17N1O3"
1477,149.0769,7.1,5.28,"Artifact","[13]C1C5H12O4",0.09,"(R)-2,3-Dihydroxy-3-methylvalerate C6H12O4 + [13]C1C-1 -> [13]C1C5H12O4"
1478,507.9991,14.22,5.26,"Artifact","[13]C1C9H16N5O13P3",0,"ATP C10H16N5O13P3 + [13]C1C-1 -> [13]C1C9H16N5O13P3"
1479,120.0574,4.14,4.97,"Metabolite","C8H8O1",0.96,"Phenylacetaldehyde C8H8O1"
1480,120.0574,2.76,5.32,"Artifact","C8H8O1",0.96,"L-(?)-3-Phenyllactic acid C9H10O3 - Library_MS2_fragment -> C8H8O1"
1481,120.0573,10.76,4.4,"Metabolite","C8H8O1",1.79,"Phenylacetaldehyde C8H8O1"
1482,120.0574,8.87,4.02,"Metabolite","C8H8O1",0.96,"Phenylacetaldehyde C8H8O1"
1483,210.0925,2.09,5.3,"Putative metabolite","C8H18O4S1",0.38,"Diethylsulfide C4H10S1 + C6H10O5 -> C10H20O5S1 - C2H2O1 -> C8H18O4S1"
1484,89.05778,13.02,5.39,"Artifact","Ring_artifact_C3H7N1O2",1.21,"alanine C3H7N1O2 + Ring_artifact -> Ring_artifact_C3H7N1O2"
1485,230.0513,13.38,5.22,"Artifact","C6H11N2Na1O6",0.79,"glutamine C5H10N2O3 + C1H1Na1O3 -> C6H11N2Na1O6"
1486,284.0855,10.05,5.27,"Artifact","C8H16N2O9",0.28,"Peak 2593 C6H12N2O7 + C2H4O2 -> C8H16N2O9"
1487,299.8876,13.92,5.2,"Artifact","[41]K1C4H5K2O8",0.27,"KHCO3 C1H1K1O3 + C2H3K1O2 + C1H1K1O3 -> C4H5K3O8 + [41]K1K-1 -> [41]K1C4H5K2O8"
1488,220.0527,11.81,5.32,"Artifact","[37]Cl1C6H15O6",0.3,"D-glucitol C6H14O6 + Cl1H1 -> C6Cl1H15O6 + [37]Cl1Cl-1 -> [37]Cl1C6H15O6"
1489,220.0527,11.37,5.23,"Artifact","[37]Cl1C6H15O6",0.3,"D-glucitol C6H14O6 + Cl1H1 -> C6Cl1H15O6 + [37]Cl1Cl-1 -> [37]Cl1C6H15O6"
1490,646.0409,13.77,5.22,"Artifact","[13]C1C16H26K1N3O17P2",-0.15,"Uridine diphosphate-N-acetylglucosamine C17H27N3O17P2 + H-1K1 -> C17H26K1N3O17P2 + [13]C1C-1 -> [13]C1C16H26K1N3O17P2"
1491,294.4932,14.23,5.22,"Unknown","Unknown",0.36,"Unknown"
1492,469.2648,14.75,5.29,"Unknown","Unknown",0.26,"Unknown"
1493,319.138,11.3,5.23,"Putative metabolite","C12H21N3O7",-0.16,"L-Arginine C6H14N4O2 - H3N1 -> C6H11N3O2 + C6H10O5 -> C12H21N3O7"
1494,524.2942,3.07,4.61,"Artifact","[13]C1C23H46N1O9P1",0.33,"PS(18:1(9Z)/0:0) C24H46N1O9P1 + [13]C1C-1 -> [13]C1C23H46N1O9P1"
1495,252.1555,2.06,5.12,"Artifact","[13]C1C13H21N1O3",-0.01,"Peak 408 C14H21N1O3 + [13]C1C-1 -> [13]C1C13H21N1O3"
1496,262.1415,7.09,4.93,"Artifact","C12H22O6",0.53,"Peak 1522 C13H24O7 - C1H2O1 -> C12H22O6"
1497,245.0727,7.61,5.3,"Artifact","[13]C1C8H12N2O6",0.78,"uridine C9H12N2O6 + [13]C1C-1 -> [13]C1C8H12N2O6"
1498,412.1723,13.57,5.27,"Artifact","C16H29K1N4O6",0.28,"Pyroglutamic acid C5H7N1O3 + Peak 968 -> C16H30N4O6 + H-1K1 -> C16H29K1N4O6"
1499,90.02024,5.01,5.08,"Artifact","[18]O1C3H4O2",0.55,"Pyruvic acid C3H4O3 + [18]O1O-1 -> [18]O1C3H4O2"
1500,148.0735,8.74,5.85,"Metabolite","C6H12O4",0.4,"(R)-2,3-Dihydroxy-3-methylvalerate C6H12O4"
1501,146.8229,13.51,5.06,"Unknown","Unknown",0.63,"Unknown"
1502,601.3308,7.1,5.23,"Artifact","[13]C1C26H53O12P1",0.03,"PI(18:0/0:0) C27H53O12P1 + [13]C1C-1 -> [13]C1C26H53O12P1"
1503,282.3066,2.44,5.66,"Artifact","Ring_artifact_C18H34O2",0.37,"Oleic acid C18H34O2 + Ring_artifact -> Ring_artifact_C18H34O2"
1504,314.2823,2.59,5.23,"Artifact","Ring_artifact_C11H14N4O7",0.34,"Peak 44 C11H14N4O7 + Ring_artifact -> Ring_artifact_C11H14N4O7"
1505,314.2823,2.31,5.23,"Putative metabolite","C19H38O3",-0.65,"Stearic acid C18H36O2 + C1H2O1 -> C19H38O3"
1506,389.8419,13.87,5.24,"Artifact","[41]K1C4H8K3O9S1",-0.13,"KHSO4 H1K1O4S1 + C2H3K1O2 + C2H3K1O2 -> C4H7K3O8S1 + [41]K1K-1 -> [41]K1C4H7K2O8S1 + H1K1O1 -> [41]K1C4H8K3O9S1"
1507,99.06841,7.89,5.13,"Putative metabolite","C5H9N1O1",0.04,"DL-Valine C5H11N1O2 - H2O1 -> C5H9N1O1"
1508,99.06841,7.16,4.71,"Artifact","C5H9N1O1",0.04,"Peak 614 C6H9N1O3 - C1O2 -> C5H9N1O1"
1509,99.06844,9.5,4.32,"Unknown","Unknown",1.1,"Unknown"
1510,194.0578,2.27,4.88,"Metabolite","C10H10O4",0.56,"Ferulic acid C10H10O4"
1511,332.0534,13.49,5.22,"Artifact","C10Ca1H16N2O8",-0.43,"glutamate C5H9N1O4 * 2 -> C10H18N2O8 + Ca1H-2 -> C10Ca1H16N2O8"
1512,332.0508,11.25,4.29,"Artifact","C11H17K1O9",0.49,"Peak 4432 C10H16O7 + C1H1K1O2 -> C11H17K1O9"
1513,147.1088,16.92,5.31,"Artifact","[13]C1C5H14N2O2",0.56,"lysine C6H14N2O2 + [13]C1C-1 -> [13]C1C5H14N2O2"
1514,403.3298,2.87,5.23,"Putative metabolite","C22H45N1O5",-0.07,"(R)-2,3-Dihydroxy-3-methylvalerate C6H12O4 + H3N1 -> C6H15N1O4 + C16H30O1 -> C22H45N1O5"
1515,172.054,13.02,5.25,"Artifact","[13]C1C4H10N1Na1O4",0.62,"alanine C3H7N1O2 + [13]C1C-1 -> [13]C1C2H7N1O2 + C2H3Na1O2 -> [13]C1C4H10N1Na1O4"
1516,548.1281,13.96,5.23,"Artifact","C16H30N4O13P2",0.6,"Citicoline C14H26N4O11P2 + C2H4O2 -> C16H30N4O13P2"
1517,387.0407,13.52,5.24,"Putative metabolite","C10H17N3O9S2",-0.21,"glutathione C10H17N3O6S1 + O3S1 -> C10H17N3O9S2"
1518,544.2646,7.11,5.22,"Metabolite","C23H45O12P1",0.48,"PI(14:0/0:0) C23H45O12P1"
1519,792.5346,4.41,5.26,"Unknown","Unknown",0.19,"Unknown"
1520,792.5347,3.07,5.22,"Artifact","[13]C1C40H78N1O11P1",-0.12,"PS(16:1(9Z)/18:1(9Z)) C40H74N1O10P1 + C1H4O1 -> C41H78N1O11P1 + [13]C1C-1 -> [13]C1C40H78N1O11P1"
1521,292.1524,2.13,4.9,"Unknown","Unknown",0.36,"Unknown"
1522,292.1523,7.1,4.65,"Putative metabolite","C13H24O7",-0.33,"D-glucitol C6H14O6 + C2H2O1 -> C8H16O7 + C5H8 -> C13H24O7"
1523,688.4876,3.04,5.15,"Artifact","[13]C1C36H70N1O8P1",-0.49,"PE(16:1(9Z)/16:1(9Z)) C37H70N1O8P1 + [13]C1C-1 -> [13]C1C36H70N1O8P1"
1524,688.4876,4.24,5.14,"Artifact","[13]C1C36H70N1O8P1",-0.49,"PE(16:1(9Z)/16:1(9Z)) C37H70N1O8P1 + [13]C1C-1 -> [13]C1C36H70N1O8P1"
1525,303.9923,3.07,5.1,"Artifact","C6H12O10S1Si1",-0.84,"Galacturonic acid C6H10O7 + S1 + H2O3Si1 -> C6H12O10S1Si1"
1526,234.0851,11.46,4.91,"Putative metabolite","C8H14N2O6",0.37,"L-gamma-Glutamyl-L-alanine C8H14N2O5 + O1 -> C8H14N2O6"
1527,273.0956,13.5,5.14,"Unknown","Unknown",0.38,"Unknown"
1528,273.096,14.18,4.43,"Artifact","C10H15N3O6",0.31,"Argininosuccinic acid C10H18N4O6 - H3N1 -> C10H15N3O6"
1529,609.0862,13.75,5.24,"Artifact","[18]O1C17H27N3O16P2",-0.63,"Uridine diphosphate-N-acetylglucosamine C17H27N3O17P2 + [18]O1O-1 -> [18]O1C17H27N3O16P2"
1530,197.0435,14.19,4.99,"Putative metabolite","C7H7N3O4",0.79,"Cytidine C9H13N3O5 - C2H4 -> C7H9N3O5 - H2O1 -> C7H7N3O4"
1531,93.05071,7.09,5.24,"Artifact","[13]C1C2H8O3",-0.12,"Glycerol C3H8O3 + [13]C1C-1 -> [13]C1C2H8O3"
1532,282.0964,7.27,5.27,"Putative metabolite","C11H14N4O5",0.07,"inosine C10H12N4O5 + C1H2 -> C11H14N4O5"
1533,282.0953,4.9,4,"Artifact","[34]S1C12H16N4O2",-0.38,"Peak 1190 C12H16N4O2S1 + [34]S1S-1 -> [34]S1C12H16N4O2"
1534,469.244,7.1,5.17,"Putative metabolite","C20H40N1O9P1",0.15,"PS(16:0/0:0) C22H44N1O9P1 - C2H4 -> C20H40N1O9P1"
1535,312.9451,13.89,5.21,"Artifact","[13]C1C5H11K3O7",-0.47,"CH3COOK C2H3K1O2 + C2H4O2 + C2H3K1O2 -> C6H10K2O6 + H1K1O1 -> C6H11K3O7 + [13]C1C-1 -> [13]C1C5H11K3O7"
1536,257.2071,2.63,5.18,"Artifact","Ring_artifact_[13]C1C15H32O2",0.4,"Palmitic acid C16H32O2 + [13]C1C-1 -> [13]C1C15H32O2 + Ring_artifact -> Ring_artifact_[13]C1C15H32O2"
1537,589.8415,13.89,5.1,"Artifact","C9H16K5O15P1",-0.48,"H3PO4 H3O4P1 + Peak 817 -> C9H16K5O15P1"
1538,160.0483,11.54,5.24,"Putative metabolite","C5H8N2O4",0.67,"N-Acetyl-glutamine C7H12N2O4 - C2H4 -> C5H8N2O4"
1539,556.1341,14.19,5.25,"Artifact","C16H33N2O15P1S1",-0.31,"cystathionine C7H14N2O4S1 + Peak 840 -> C16H33N2O15P1S1"
1540,338.1918,2.09,5.2,"Unknown","Unknown",0.32,"Unknown"
1541,431.1659,2.78,5.2,"Artifact","[13]C1C15H26N6O6S1",2.11,"Peak 585 C16H26N6O6S1 + [13]C1C-1 -> [13]C1C15H26N6O6S1"
1542,254.2673,2.49,5.31,"Artifact","Ring_artifact_C16H30O2",0.4,"palmitoleic acid C16H30O2 + Ring_artifact -> Ring_artifact_C16H30O2"
1543,239.1966,2.52,5.03,"Artifact","[13]C1C14H26O2",0.15,"alpha-Isomethyl-ionone C14H22O1 + [13]C1C-1 -> [13]C1C13H22O1 + C1H4O1 -> [13]C1C14H26O2"
1544,539.0636,13.85,5.07,"Artifact","[13]C1C13H27K1O17S1",0.66,"Lactose C12H22O11 + C2H4O2 -> C14H26O13 + [13]C1C-1 -> [13]C1C13H26O13 + H1K1O4S1 -> [13]C1C13H27K1O17S1"
1545,374.1073,13.69,5.23,"Putative metabolite","C13H18N4O9",0.21,"SAICAR C13H19N4O12P1 - H1O3P1 -> C13H18N4O9"
1546,160.9805,13.89,5.1,"Artifact","[13]C1C2H5K1O5",1.62,"KHCO3 C1H1K1O3 + C2H4O2 + [13]C1C-1 -> [13]C1C2H5K1O5"
1547,268.2038,2.28,5.25,"Putative metabolite","C16H28O3",0.17,"palmitoleic acid C16H30O2 + O1 -> C16H30O3 - H2 -> C16H28O3"
1548,268.2038,2.63,5.25,"Putative metabolite","C16H28O3",0.17,"palmitoleic acid C16H30O2 + O1 -> C16H30O3 - H2 -> C16H28O3"
1549,241.9595,13.88,5.19,"Artifact","C5H8K2O6",0.01,"CH3COOK C2H3K1O2 + C2H4O2 + C1H1K1O2 -> C5H8K2O6"
1550,433.8224,13.91,5.12,"Artifact","C6H7K5O10",0.13,"CH3COOK C2H3K1O2 + C2H4O2 + C1H1K1O3 -> C5H8K2O7 + C1H1K1O3 -> C6H9K3O10 + H-2K2 -> C6H7K5O10"
1551,523.2908,3.07,5.21,"Metabolite","C24H46N1O9P1",0.42,"PS(18:1(9Z)/0:0) C24H46N1O9P1"
1552,115.0632,16.81,5.25,"Artifact","C5H9N1O2",1.12,"ornithine C5H12N2O2 - H3N1 -> C5H9N1O2"
1553,171.908,2.68,5.2,"Unknown","Unknown",0.55,"Unknown"
1554,107.021,13.39,5.08,"Unknown","Unknown",0.84,"Unknown"
1555,134.0055,13.56,4.26,"Artifact","Ring_artifact_C4H6O5",0.68,"malate C4H6O5 + Ring_artifact -> Ring_artifact_C4H6O5"
1556,337.1771,7.09,5.16,"Unknown","Unknown",0.32,"Unknown"
1557,135.0684,2.86,5.09,"Putative metabolite","C8H9N1O1",0.1,"phenylalanine C9H11N1O2 - C1H2O1 -> C8H9N1O1"
1558,328.2402,2.38,5.18,"Putative metabolite","C22H32O2",0.09,"Retinoic Acid C20H28O2 + C2H4 -> C22H32O2"
1559,583.6564,13.87,5.14,"Artifact","[41]K1C2H4K5O14S3",0.48,"KHSO4 H1K1O4S1 + H1K1O4S1 + H1K1O4S1 -> H3K3O12S3 + H-2K2 -> H1K5O12S3 + C2H3K1O2 -> C2H4K6O14S3 + [41]K1K-1 -> [41]K1C2H4K5O14S3"
1560,118.076,11.21,5.25,"Artifact","[15]N1C5H11O2",0.11,"DL-Valine C5H11N1O2 + [15]N1N-1 -> [15]N1C5H11O2"
1561,409.2479,16.76,5.18,"Artifact","[13]C1C13H32N8O6",-0.16,"L-Arginine C6H14N4O2 + Peak 1180 -> C14H32N8O6 + [13]C1C-1 -> [13]C1C13H32N8O6"
1562,433.8313,13.87,5.2,"Artifact","[41]K1C5H8K3O11S1",0.87,"KHSO4 H1K1O4S1 + C2H3K1O2 + Peak 1704 -> C5H8K4O11S1 + [41]K1K-1 -> [41]K1C5H8K3O11S1"
1563,430.8576,13.87,5.1,"Artifact","[13]C1C5H10K4O10S1",0.12,"KHSO4 H1K1O4S1 + C2H3K1O2 + C2H3K1O2 -> C4H7K3O8S1 + C2H3K1O2 -> C6H10K4O10S1 + [13]C1C-1 -> [13]C1C5H10K4O10S1"
1564,462.1891,2.93,5.24,"Artifact","C24H30O9",-0.25,"Peak 2442 C23H28O8 - C1H2O1 -> C22H26O7 + C2H4O2 -> C24H30O9"
1565,375.0518,2.67,4.97,"Unknown","Unknown",0.3,"Unknown"
1566,599.3152,7.09,5.2,"Artifact","[13]C1C26H51O12P1",-0.05,"PI(18:1(9Z)/0:0) C27H51O12P1 + [13]C1C-1 -> [13]C1C26H51O12P1"
1567,89.03219,13,5.18,"Artifact","Ring_artifact_C3H7N1O2",1.21,"alanine C3H7N1O2 + Ring_artifact -> Ring_artifact_C3H7N1O2"
1568,198.0292,13.58,5.2,"Putative metabolite","C5H11O6P1",0.63,"Glycerylphosphorylethanolamine C5H14N1O6P1 - H3N1 -> C5H11O6P1"
1569,275.0673,7.24,4.79,"Putative metabolite","C7H17N1O8S1",0.68,"2-Isopropylmalic acid C7H12O5 + H3N1O-1 -> C7H15N1O4 + O3S1 -> C7H15N1O7S1 + H2O1 -> C7H17N1O8S1"
1570,275.0682,11.2,5.26,"Artifact","C9Ca1H17N1O6",-0.08,"DL-Valine C5H11N1O2 + C2H4O2 -> C7H15N1O4 + C2Ca1H2O2 -> C9Ca1H17N1O6"
1571,193.0667,12.09,4.52,"Artifact","[13]C1C6H12O6",0.22,"Quinic acid C7H12O6 + [13]C1C-1 -> [13]C1C6H12O6"
1572,193.0667,13.02,5.16,"Artifact","[13]C1C6H12O6",0.22,"2-Methylsuccinic acid C5H8O4 + C2H4O2 -> C7H12O6 + [13]C1C-1 -> [13]C1C6H12O6"
1573,350.2132,2.09,6.28,"Unknown","Unknown",0.31,"Unknown"
1574,212.12,2.64,5.18,"Putative metabolite","C15H16O1",0.54,"Resveratrol C14H12O3 + C2H4 -> C16H16O3 - C1O2 -> C15H16O1"
1575,147.0976,4.22,5.18,"Unknown","Unknown",0.63,"Unknown"
1576,147.0976,2.88,4.61,"Unknown","Unknown",0.63,"Unknown"
1577,493.8623,13.89,5.16,"Artifact","[41]K1C7H13K3O13P1",0.05,"KHCO3 C1H1K1O3 + C2H4O2 + H2K1O4P1 -> C3H7K2O9P1 + C2H3K1O2 -> C5H10K3O11P1 + C2H3K1O2 -> C7H13K4O13P1 + [41]K1K-1 -> [41]K1C7H13K3O13P1"
1578,310.1636,2.83,5.13,"Putative metabolite","C14H30O3S2",0.12,"palmitoleic acid C16H30O2 + O1 -> C16H30O3 - C2H4 -> C14H26O3 + H2S1 -> C14H28O3S1 + H2S1 -> C14H30O3S2"
1579,88.8825,13.01,5.12,"Unknown","Unknown",1.21,"Unknown"
1580,259.9523,13.9,5.18,"Artifact","[41]K1C5H8K1O7",0.91,"KHCO3 C1H1K1O3 + C2H4O2 + C2H3K1O2 -> C5H8K2O7 + [41]K1K-1 -> [41]K1C5H8K1O7"
1581,357.9296,13.89,5.15,"Artifact","[41]K1C7H11K2O9",-0.15,"KHCO3 C1H1K1O3 + C2H4O2 + C2H3K1O2 -> C5H8K2O7 + C2H3K1O2 -> C7H11K3O9 + [41]K1K-1 -> [41]K1C7H11K2O9"
1582,176.1119,16.78,5.17,"Artifact","[13]C1[15]N1C5H14N3O2",0.94,"L-Arginine C6H14N4O2 + [13]C1C-1 -> [13]C1C5H14N4O2 + [15]N1N-1 -> [13]C1[15]N1C5H14N3O2"
1583,789.5522,4.42,5.23,"Unknown","Unknown",0.19,"Unknown"
1584,789.5523,3.08,5.15,"Unknown","Unknown",0.19,"Unknown"
1585,429.3323,2.75,5.17,"Artifact","[13]C1C27H44O3",0.23,"Peak 811 C28H44O3 + [13]C1C-1 -> [13]C1C27H44O3"
1586,331.0475,13.01,4.83,"Artifact","B1C7H15N1O11P1",0.23,"Peak 2764 C7H18N1O11P1 + B1H-3 -> B1C7H15N1O11P1"
1587,331.0475,11.26,5.23,"Artifact","C9Cr1H17N3O7",-1.03,"Peak 2865 C9H17N3O4 + Cr1O3 -> C9Cr1H17N3O7"
1588,606.0807,14.12,5.21,"Artifact","[13]C1C15H25N5O16P2",-0.32,"Peak 499 C16H25N5O16P2 + [13]C1C-1 -> [13]C1C15H25N5O16P2"
1589,245.1707,2.63,5.13,"Artifact","[13]C1C12H24O4",0.47,"Ethyl 9-decenoate C12H22O2 + C1H2O2 -> C13H24O4 + [13]C1C-1 -> [13]C1C12H24O4"
1590,245.1707,4.08,4.29,"Artifact","[13]C1C12H24O4",0.47,"Peak 479 C13H24O4 + [13]C1C-1 -> [13]C1C12H24O4"
1591,211.0327,4.96,5.23,"Artifact","C5H9N1O8",0.55,"L-2-Hydroxyglutaric acid C5H8O5 + H1N1O3 -> C5H9N1O8"
1592,436.259,7.1,5.24,"Metabolite","C21H41O7P1",-0.02,"PA(18:1(9Z)/0:0) C21H41O7P1"
1593,221.1051,2.93,4.59,"Artifact","C12H15N1O3",0.42,"Indole-3-ethanol C10H11N1O1 + C2H4O2 -> C12H15N1O3"
1594,296.1411,2.53,5.07,"Putative metabolite","C19H20O3",0.49,"Resveratrol C14H12O3 + C5H8 -> C19H20O3"
1595,193.0599,9.27,5.25,"Putative metabolite","C7H7N5O2",0.39,"7-Methylguanine C6H7N5O1 + C1O1 -> C7H7N5O2"
1596,206.0789,12.97,5.18,"Metabolite","C8H14O6",0.67,"diethyl tartrate C8H14O6"
1597,232.9626,13.56,5.18,"Artifact","C4Cr1H7N1O7",0.68,"aspartate C4H7N1O4 + Cr1O3 -> C4Cr1H7N1O7"
1598,118.9263,13.02,5.14,"Unknown","Unknown",0.76,"Unknown"
1599,118.9263,13.4,5.15,"Unknown","Unknown",0.76,"Unknown"
1600,455.9066,13.9,5.16,"Artifact","[41]K1C9H14K3O11",-0.09,"KHCO3 C1H1K1O3 + C2H4O2 - C1O2 -> C2H5K1O3 - H2O1 -> C2H3K1O2 + Peak 605 -> C9H14K4O11 + [41]K1K-1 -> [41]K1C9H14K3O11"
1601,404.5628,13.51,5.19,"Artifact","C11.5H19N3.5O8.5P1.5S0.5",0.21,"acetyl-CoA C23H38N7O17P3S1 / 2 -> C11.5H19N3.5O8.5P1.5S0.5"
1602,518.3604,2.66,5.11,"Putative metabolite","C31H50O6",0.65,"Ubiquinone Q1 C14H18O4 + C16H30O1 -> C30H48O5 + C1H2O1 -> C31H50O6"
1603,300.2161,7.9,5.25,"Putative metabolite","C14H28N4O3",0.14,"Homocitrulline C7H15N3O3 + C2H2O1 -> C9H17N3O4 + C5H8 -> C14H25N3O4 + H3N1O-1 -> C14H28N4O3"
1604,145.0374,7.51,5.17,"Putative metabolite","C5H7N1O4",0.55,"glutamate C5H9N1O4 - H2 -> C5H7N1O4"
1605,166.1154,2.84,5.04,"Artifact","Ring_artifact_C5H10O6",0.57,"L-2-Hydroxyglutaric acid C5H8O5 + H2O1 + Ring_artifact -> Ring_artifact_C5H10O6"
1606,234.0851,9.47,5.25,"Putative metabolite","C8H14N2O6",0.37,"L-gamma-Glutamyl-L-alanine C8H14N2O5 + O1 -> C8H14N2O6"
1607,498.2788,7.09,5.22,"Artifact","[13]C1C21H44N1O9P1",-0.15,"PS(16:0/0:0) C22H44N1O9P1 + [13]C1C-1 -> [13]C1C21H44N1O9P1"
1608,150.0527,11.28,5.24,"Metabolite","C5H10O5",0.82,"D-Xylulose C5H10O5"
1609,182.9834,13.51,5.1,"Artifact","Ring_artifact_C7H5N1O5",0.52,"quinolinate C7H5N1O4 + O1 + Ring_artifact -> Ring_artifact_C7H5N1O5"
1610,239.0722,13.07,5.17,"Artifact","[13]C1C7H14O8",0.09,"Peak 348 C8H14O8 + [13]C1C-1 -> [13]C1C7H14O8"
1611,361.9919,13.92,5.1,"Artifact","C9H12K1N2O9P1",-0.42,"UMP C9H13N2O9P1 + H-1K1 -> C9H12K1N2O9P1"
1612,568.0597,13.93,5.14,"Artifact","[18]O1C15H24N2O16P2",-0.76,"UDP-D-glucose C15H24N2O17P2 + [18]O1O-1 -> [18]O1C15H24N2O16P2"
1613,499.1781,2.35,5.2,"Artifact","[13]C1C23H34O7S2",-0.3,"Peak 73 C12H18O1S2 + Peak 540 -> C24H34O7S2 + [13]C1C-1 -> [13]C1C23H34O7S2"
1614,499.178,3.36,4,"Artifact","[13]C1C15H32N6O8P2",2.08,"Peak 79 C8H16N3O4P1 * 2 -> C16H32N6O8P2 + [13]C1C-1 -> [13]C1C15H32N6O8P2"
1615,158.0202,7.66,5.28,"Artifact","C5H3N4Na1O1",1.62,"hypoxanthine C5H4N4O1 + H-1Na1 -> C5H3N4Na1O1"
1616,158.0189,8.88,4.62,"Unknown","Unknown",0.59,"Unknown"
1617,234.9036,13.84,5.19,"Artifact","[13]C1C1H4K2O6S1",0.12,"KHSO4 H1K1O4S1 + C2H3K1O2 + [13]C1C-1 -> [13]C1C1H4K2O6S1"
1618,137.919,13.84,5.15,"Artifact","[34]S1H1K1O4",0.42,"KHSO4 H1K1O4S1 + [34]S1S-1 -> [34]S1H1K1O4"
1619,429.3323,4.23,5.04,"Artifact","[13]C1C27H44O3",0.23,"Peak 891 C28H44O3 + [13]C1C-1 -> [13]C1C27H44O3"
1620,89.06106,13.02,5.22,"Artifact","Ring_artifact_C3H7N1O2",1.21,"alanine C3H7N1O2 + Ring_artifact -> Ring_artifact_C3H7N1O2"
1621,174.1084,7.09,5.13,"Artifact","[13]C1C7H15N1O3",0.85,"N-Acetyl-L-leucine C8H15N1O3 + [13]C1C-1 -> [13]C1C7H15N1O3"
1622,263.0768,10.75,5.23,"Artifact","C11H14N1Na1O5",0.64,"tyrosine C9H11N1O3 + C2H3Na1O2 -> C11H14N1Na1O5"
1623,248.9772,13.5,5.18,"Unknown","Unknown",0.41,"Unknown"
1624,276.005,11.3,5.17,"Artifact","C6Cr1H12N2O7",-0.15,"Diaminopimelic Acid C7H14N2O4 - C1H2 + Cr1O3 -> C6Cr1H12N2O7"
1625,307.0787,14.19,5.19,"Artifact","[18]O0.5C10H16N3O5.5S1",-1.94,"glutathione disulfide C20H32N6O12S2 / 2 -> C10H16N3O6S1 + [18]O0.5O-0.5 -> [18]O0.5C10H16N3O5.5S1"
1626,119.0832,11.23,5.22,"Artifact","[18]O1C5H11N1O1",0.2,"DL-Valine C5H11N1O2 + [18]O1O-1 -> [18]O1C5H11N1O1"
1627,228.0778,16.24,5.22,"Artifact","C5H16N2O6Si1",-0.16,"ornithine C5H12N2O2 + H4O4Si1 -> C5H16N2O6Si1"
1628,205.1393,4.21,5.11,"Artifact","[13]C1C9H20O4",1.04,"Caprylic acid C8H16O2 + [13]C1C-1 -> [13]C1C7H16O2 + C2H4O2 -> [13]C1C9H20O4"
1629,205.1394,2.83,4.99,"Artifact","[13]C1C9H20O4",0.56,"Caprylic acid C8H16O2 + [13]C1C-1 -> [13]C1C7H16O2 + C2H4O2 -> [13]C1C9H20O4"
1630,134.0702,13.54,5.26,"Artifact","Ring_artifact_C4H6O5",0.68,"malate C4H6O5 + Ring_artifact -> Ring_artifact_C4H6O5"
1631,315.2159,7.1,5.08,"Putative metabolite","C15H29N3O4",-0.3,"L-gamma-Glutamyl-L-alanine C8H14N2O5 + C2H4 -> C10H18N2O5 + H3N1O-1 -> C10H21N3O4 + C5H8 -> C15H29N3O4"
1632,428.0327,14.01,5.2,"Artifact","[13]C1C9H15N5O10P2",0.16,"dGDP C10H15N5O10P2 + [13]C1C-1 -> [13]C1C9H15N5O10P2"
1633,97.99385,13.84,4.71,"Artifact","Ring_artifact_C2H3K1O2",1.11,"CH3COOK C2H3K1O2 + Ring_artifact -> Ring_artifact_C2H3K1O2"
1634,215.9627,13.91,5.09,"Artifact","[41]K1C4H8K1O5",0.03,"CH3COOK C2H3K1O2 + C2H4O2 + [41]K1K-1 -> [41]K1C4H7O4 + H1K1O1 -> [41]K1C4H8K1O5"
1635,321.1647,13.63,5.22,"Artifact","C11H23N5O6",0.42,"Peak 3775 C9H20N4O6 + C2H3N1 -> C11H23N5O6"
1636,299.0672,13.01,5.12,"Artifact","C9H17N1O8S1",0.96,"Peak 1070 C10H19N1O9S1 - C1H2O1 -> C9H17N1O8S1"
1637,277.1354,14.01,5.17,"Artifact","[13]C1C10H20N2O6",0.33,"Saccharopine C11H20N2O6 + [13]C1C-1 -> [13]C1C10H20N2O6"
1638,538.0702,13.88,5.08,"Artifact","C14H28K1O17P1",-0.15,"Lactose C12H22O11 + C2H4O2 -> C14H26O13 + H2K1O4P1 -> C14H28K1O17P1"
1639,143.8917,2.82,5.09,"Unknown","Unknown",0.64,"Unknown"
1640,543.7026,13.86,5.11,"Artifact","C2H5K5O14S3",0.14,"KHSO4 H1K1O4S1 + H2O4S1 + H-2K2 -> H1K3O8S2 + C2H3K1O2 -> C2H4K4O10S2 + H1K1O4S1 -> C2H5K5O14S3"
1641,71.95332,6.76,5.2,"Artifact","Cl2H2",0.49,"HCl Cl1H1 + Cl1H1"
1642,98.06884,13.87,5.61,"Unknown","Unknown",1.11,"Unknown"
1643,273.8355,13.86,5.18,"Artifact","C1H1K3O7S1",-0.3,"KHCO3 C1H1K1O3 + H2O4S1 + H-2K2 -> C1H1K3O7S1"
1644,350.0614,14.26,5.22,"Artifact","C11H19K1O10",0.37,"Peak 881 C11H20O10 + H-1K1 -> C11H19K1O10"
1645,237.0724,13.51,4.85,"Unknown","Unknown",0.42,"Unknown"
1646,484.1589,2.37,5.14,"Putative metabolite","C17H25N8O7P1",-1.07,"gamma-amino-gamma-cyanobutanoic acid C5H8N2O2 + C2H4 -> C7H12N2O2 + C10H12N5O6P1 -> C17H24N7O8P1 - H-1N-1O1 -> C17H25N8O7P1"
1647,484.1588,3.35,4,"Unknown","Unknown",0.25,"Unknown"
1648,144.0953,4.21,5.11,"Artifact","Ring_artifact_C8H16O2",0.64,"Caprylic acid C8H16O2 + Ring_artifact -> Ring_artifact_C8H16O2"
1649,673.9936,13.85,5.09,"Artifact","C14H29K2O21P1S1",-0.33,"Lactose C12H22O11 + C2H4O2 -> C14H26O13 + H1K1O4S1 -> C14H27K1O17S1 + H2K1O4P1 -> C14H29K2O21P1S1"
1650,144.3379,4.2,5.07,"Unknown","Unknown",0.64,"Unknown"
1651,75.998,2.58,5.06,"Unknown","Unknown",1.41,"Unknown"
1652,144.0984,4.21,5.27,"Artifact","Ring_artifact_C8H16O2",0.64,"Caprylic acid C8H16O2 + Ring_artifact -> Ring_artifact_C8H16O2"
1653,198.0501,7.47,5.28,"Artifact","C5H6N6O3",0.19,"adenine C5H5N5 + H1N1O3 -> C5H6N6O3"
1654,267.0953,14.2,5.16,"Putative metabolite","C9H17N1O8",0.44,"serine C3H7N1O3 + C6H10O5 -> C9H17N1O8"
1655,531.2903,7.09,5.1,"Unknown","Unknown",0.24,"Unknown"
1656,257.1627,2.89,4.89,"Putative metabolite","C13H23N1O4",0.03,"O-Acetyl-L-homoserine C6H11N1O4 + C2H4 -> C8H15N1O4 + C5H8 -> C13H23N1O4"
1657,329.301,2.54,5.19,"Artifact","[13]C1C19H40O3",0.3,"Peak 535 C20H40O3 + [13]C1C-1 -> [13]C1C19H40O3"
1658,329.3012,3.92,3.94,"Unknown","Unknown",0.33,"Unknown"
1659,320.0444,14.18,5.18,"Artifact","C9H17K1N2O6S1",0.12,"cystathionine C7H14N2O4S1 + C2H3K1O2 -> C9H17K1N2O6S1"
1660,495.2597,3.07,5.14,"Putative metabolite","C22H42N1O9P1",0.04,"PE(16:1(9Z)/0:0) C21H42N1O7P1 + C1O2 -> C22H42N1O9P1"
1661,295.9676,13.89,5.16,"Artifact","C6H11K2Na1O7",0.21,"CH3COOK C2H3K1O2 + C2H4O2 + C2H3K1O2 -> C6H10K2O6 + H1Na1O1 -> C6H11K2Na1O7"
1662,201.0806,13.01,5.14,"Artifact","[13]C1C5H13N2Na1O4",0.28,"alanine C3H7N1O2 * 2 -> C6H14N2O4 + H-1Na1 -> C6H13N2Na1O4 + [13]C1C-1 -> [13]C1C5H13N2Na1O4"
1663,337.8249,13.93,5.15,"Artifact","C3H2K4O9",-0.56,"KHCO3 C1H1K1O3 + C1H2O3 + H-2K2 -> C2H1K3O6 + C1H1K1O3 -> C3H2K4O9"
1664,320.1076,13.56,5.13,"Artifact","C9H24N2O6S2",-0.07,"Peak 1821 C8H20N2O5S2 + C1H4O1 -> C9H24N2O6S2"
1665,353.8748,13.92,5.01,"Artifact","[41]K1C5H8K3O8",0.18,"KHCO3 C1H1K1O3 + C2H3K1O2 + C2H3K1O2 -> C5H7K3O7 + [41]K1K-1 -> [41]K1C5H7K2O7 + H1K1O1 -> [41]K1C5H8K3O8"
1666,652.528,2.52,5.17,"Unknown","Unknown",0.21,"Unknown"
1667,93.03269,7.66,5.24,"Artifact","C4H3N3",0.08,"adenine C5H5N5 - Library_MS2_fragment -> C4H3N3"
1668,306.1063,7.85,5.23,"Artifact","C11H18N2O8",0.05,"Peak 868 C9H14N2O6 + C2H4O2 -> C11H18N2O8"
1669,306.1062,13,3.95,"Artifact","C11H18N2O8",0.38,"Peak 2422 C11H17N1O5 + H1N1O3 -> C11H18N2O8"
1670,442.089,13.86,4.87,"Artifact","[18]O1C12H24O14S1",-2.63,"Lactose C12H22O11 + H2O4S1 -> C12H24O15S1 + [18]O1O-1 -> [18]O1C12H24O14S1"
1671,274.0801,12.98,4.63,"Artifact","C10H14N2O7",0,"alanine C3H7N1O2 + Peak 539 -> C10H14N2O7"
1672,274.0801,12.4,3.6,"Putative metabolite","C10H14N2O7",0,"uridine C9H12N2O6 + C1H2O1 -> C10H14N2O7"
1673,272.1624,4.23,5.11,"Artifact","C14H24O5",-0.1,"3-Oxo-7,8-dihydro-alpha-ionol C13H22O2 + C1H2O3 -> C14H24O5"
1674,134.0772,11.3,5.19,"Artifact","[13]C1C4H11N1O3",0.36,"Peak 236 C5H11N1O3 + [13]C1C-1 -> [13]C1C4H11N1O3"
1675,605.7126,13.87,5.12,"Artifact","C5H8K6O15S2",0.17,"KHSO4 H1K1O4S1 + C2H4O2 + Peak 738 -> C5H8K6O15S2"
1676,445.0306,13.84,5.04,"Artifact","C10H16N5O11P1S1",-0.31,"dGMP C10H14N5O7P1 + H2O4S1 -> C10H16N5O11P1S1"
1677,243.1552,2.18,5.2,"Artifact","[13]C1C12H22O4",-0.15,"Peak 431 C13H22O4 + [13]C1C-1 -> [13]C1C12H22O4"
1678,132.0422,13.23,6.13,"Metabolite","C5H8O4",0.44,"2-Methylsuccinic acid C5H8O4"
1679,665.1247,13.42,5.11,"Metabolite","C21H29N7O14P2",0.11,"NADH C21H29N7O14P2"
1680,304.1383,13.83,4.93,"Putative metabolite","C11H20N4O6",-0.05,"Argininosuccinic acid C10H18N4O6 + C1H2 -> C11H20N4O6"
1681,304.1384,11.87,4.62,"Putative metabolite","C11H20N4O6",-0.38,"Argininosuccinic acid C10H18N4O6 + C1H2 -> C11H20N4O6"
1682,282.986,13.84,4.99,"Artifact","C3H11N1O10P2",-0.64,"D-phospho-L-serine C3H8N1O6P1 + H3O4P1 -> C3H11N1O10P2"
1683,440.1035,14.16,5.15,"Putative metabolite","C14H24N4O8S2",0.13,"Cysteine-glutathione disulphide C13H22N4O8S2 + C1H2 -> C14H24N4O8S2"
1684,244.1785,3.03,5.01,"Putative metabolite","C12H24N2O3",0.79,"lysine C6H14N2O2 + C1H2O1 -> C7H16N2O3 + C5H8 -> C12H24N2O3"
1685,822.2898,2.55,4.9,"Unknown","Unknown",0.18,"Unknown"
1686,641.9672,13.91,5.1,"Artifact","C15H22K2N2O17P2",-0.65,"UDP-D-glucose C15H24N2O17P2 + H-2K2 -> C15H22K2N2O17P2"
1687,488.35,2.77,5.1,"Artifact","C30H48O5",0.36,"Peak 811 C28H44O3 + C2H4O2 -> C30H48O5"
1688,327.2774,2.48,4.88,"Artifact","C19H37N1O3",-0.17,"Peak 719 C17H34O3 + C2H3N1 -> C19H37N1O3"
1689,159.0611,10.2,4.78,"Artifact","[13]C1C6H10O4",1.03,"2-Isopropylmaleic acid C7H10O4 + [13]C1C-1 -> [13]C1C6H10O4"
1690,701.0652,13.92,5.17,"Artifact","C21H26K1N7O14P2",-0.28,"NAD C21H27N7O14P2 + H-1K1 -> C21H26K1N7O14P2"
1691,476.1187,13.5,5.14,"Artifact","C15H25N4Na1O10S1",0.44,"glutamate C5H9N1O4 + Peak 1046 -> C15H25N4Na1O10S1"
1692,224.0716,14.18,4.69,"Artifact","[18]O1C7H14N2O3S1",0.33,"cystathionine C7H14N2O4S1 + [18]O1O-1 -> [18]O1C7H14N2O3S1"
1693,224.0718,3.07,5.12,"Putative metabolite","C8H16O5S1",0.2,"Caprylic acid C8H16O2 + O3S1 -> C8H16O5S1"
1694,175.0697,13.63,4.77,"Artifact","Ring_artifact_C6H13N3O3",0.54,"citrulline C6H13N3O3 + Ring_artifact -> Ring_artifact_C6H13N3O3"
1695,391.8055,13.85,5.09,"Artifact","C2H4K3Na1O10S2",-0.06,"KHSO4 H1K1O4S1 + H2O4S1 + H-2K2 -> H1K3O8S2 + C2H3Na1O2 -> C2H4K3Na1O10S2"
1696,315.9875,13.87,5.11,"Unknown","Unknown",0.34,"Unknown"
1697,337.9783,13.9,5.1,"Artifact","C8H13K2Na1O8",-0.22,"CH3COOK C2H3K1O2 + C2H4O2 + C2H3K1O2 -> C6H10K2O6 + C2H3Na1O2 -> C8H13K2Na1O8"
1698,302.0673,2.88,4.95,"Artifact","C9H18O9S1",-0.49,"Peak 661 C7H14O7S1 + C2H4O2 -> C9H18O9S1"
1699,603.7334,13.87,5.1,"Artifact","C4H10K5O16P1S2",-0.13,"KHSO4 H1K1O4S1 + C2H3K1O2 + C2H3K1O2 -> C4H7K3O8S1 + H1K1O4S1 -> C4H8K4O12S2 + H2K1O4P1 -> C4H10K5O16P1S2"
1700,132.0552,9.04,4.32,"Artifact","[15]N1C5H9O3",0.59,"5-Aminolevulinic acid C5H9N1O3 + [15]N1N-1 -> [15]N1C5H9O3"
1701,215.9838,13.39,5.16,"Artifact","C4Cr1H8N2O5",0.13,"glutamine C5H10N2O3 + Cr1O3 -> C5Cr1H10N2O6 - C1H2O1 -> C4Cr1H8N2O5"
1702,444.324,2.82,5.06,"Putative metabolite","C28H44O4",-0.09,"4-Hydroxybenzoic acid C7H6O3 + C5H8 -> C12H14O3 + C16H30O1 -> C28H44O4"
1703,140.0585,5.74,5.17,"Metabolite","C6H8N2O2",0.55,"1-Methyl imidozolacetic Acid Hydrochloride C6H8N2O2"
1704,197.9331,13.93,5.13,"Artifact","C3H4K2O5",0.94,"KHCO3 C1H1K1O3 + C2H3K1O2"
1705,329.8978,13.91,4.96,"Artifact","C4H9K3O8Si1",-0.03,"H4SiO4 H4O4Si1 + C2H3K1O2 + C2H3K1O2 -> C4H10K2O8Si1 + H-1K1 -> C4H9K3O8Si1"
1706,157.9679,13.92,4.9,"Artifact","Ring_artifact_C4H7K1O4",0.59,"CH3COOK C2H3K1O2 + C2H4O2 + Ring_artifact -> Ring_artifact_C4H7K1O4"
1707,422.1498,2.77,5.09,"Unknown","Unknown",0.28,"Unknown"
1708,147.0271,13.5,5.15,"Artifact","Ring_artifact_C5H9N1O4",0.63,"glutamate C5H9N1O4 + Ring_artifact -> Ring_artifact_C5H9N1O4"
1709,203.9886,13.49,5.19,"Artifact","[53]Cr1C4H9N1O5",0.6,"glutamate C5H9N1O4 - C1O2 -> C4H9N1O2 + Cr1O3 -> C4Cr1H9N1O5 + [53]Cr1Cr-1 -> [53]Cr1C4H9N1O5"
1710,400.3552,3.84,4.15,"Putative metabolite","C24H48O4",0.15,"isobutyl acetate C6H12O2 + H2O1 -> C6H14O3 + C16H30O1 -> C22H44O4 + C2H4 -> C24H48O4"
1711,78.04679,4.22,5.11,"Artifact","C6H6",2.05,"Benzoic acid C7H6O2 - C1O2 -> C6H6"
1712,284.1448,2.12,5.07,"Unknown","Unknown",0.37,"Unknown"
1713,246.9943,13.39,5.21,"Artifact","[53]Cr1C5H10N2O6",0.95,"glutamine C5H10N2O3 + Cr1O3 -> C5Cr1H10N2O6 + [53]Cr1Cr-1 -> [53]Cr1C5H10N2O6"
1714,214.0206,13.66,5.02,"Unknown","Unknown",0.46,"Unknown"
1715,214.0204,11.15,5.23,"Artifact","C5H7N2Na1O6",-1.02,"Pyroglutamic acid C5H7N1O3 + N1Na1O3 -> C5H7N2Na1O6"
1716,214.0204,10.84,5.23,"Artifact","C5H7N2Na1O6",-1.02,"N-carbamoyl-L-aspartate C5H8N2O5 + O1 + H-1Na1 -> C5H7N2Na1O6"
1717,248.1259,7.13,4.69,"Putative metabolite","C11H20O6",0.36,"2-Methylbutanal C5H10O1 + C6H10O5 -> C11H20O6"
1718,341.1322,11.33,5.13,"Putative metabolite","C12H23N1O10",-0.01,"Trehalose C12H22O11 - H-1N-1O1 -> C12H23N1O10"
1719,172.0847,13.4,5.14,"Metabolite","C7H12N2O3",0.54,"Glycyl-L-proline C7H12N2O3"
1720,172.0848,11.6,4.37,"Metabolite","C7H12N2O3",-0.04,"Glycyl-L-proline C7H12N2O3"
1721,172.0847,12.53,4.99,"Metabolite","C7H12N2O3",0.54,"Glycyl-L-proline C7H12N2O3"
1722,329.1839,2.31,5.1,"Putative metabolite","C16H27N1O6",-0.19,"Pimelylcarnitine C14H25N1O6 - O1 -> C14H25N1O5 + C2H2O1 -> C16H27N1O6"
1723,157.7415,13.9,5.02,"Unknown","Unknown",0.59,"Unknown"
1724,762.0904,13.9,5.12,"Artifact","[13]C1C22H30K1N7O16P2",-1.2,"NAD C21H27N7O14P2 + C2H3K1O2 -> C23H30K1N7O16P2 + [13]C1C-1 -> [13]C1C22H30K1N7O16P2"
1725,301.1385,13.44,5.06,"Artifact","C11H19N5O5",0.39,"Peak 1882 C11H16N4O5 + H3N1 -> C11H19N5O5"
1726,469.7787,13.84,4.94,"Artifact","C3H6K4O13S2",2.36,"KHSO4 H1K1O4S1 + C2H3K1O2 + C1H1K1O3 -> C3H5K3O9S1 + H1K1O4S1 -> C3H6K4O13S2"
1727,214.0565,13.4,5.11,"Artifact","C6H11N2Na1O5",0.31,"asparagine C4H8N2O3 + C2H3Na1O2 -> C6H11N2Na1O5"
1728,289.1386,14.17,5.12,"Artifact","C10H19N5O5",0.06,"Argininosuccinic acid C10H18N4O6 - H2O1 -> C10H16N4O5 + H3N1 -> C10H19N5O5"
1729,289.1387,14.82,4.98,"Putative metabolite","C10H19N5O5",-0.28,"Argininosuccinic acid C10H18N4O6 - H-1N-1O1 -> C10H19N5O5"
1730,402.2076,2.08,5.18,"Putative metabolite","C20H34O6S1",0.02,"Linoleic acid C18H32O2 + C2H2O1 -> C20H34O3 + O3S1 -> C20H34O6S1"
1731,254.1001,12.16,5.2,"Putative metabolite","C9H18O8",0.27,"Glycerol C3H8O3 + C6H10O5 -> C9H18O8"
1732,254.1001,11.6,4.81,"Putative metabolite","C9H18O8",0.27,"Glycerol C3H8O3 + C6H10O5 -> C9H18O8"
1733,495.8228,13.92,5.07,"Artifact","C7H9K5O13",0.1,"CH3COOK C2H3K1O2 + C2H4O2 + Peak 1663 -> C7H9K5O13"
1734,185.9811,13.51,5.04,"Artifact","[13]C1C3Cr1H7N1O4",1.45,"Peak 2152 C4H7N1O1 + Cr1O3 -> C4Cr1H7N1O4 + [13]C1C-1 -> [13]C1C3Cr1H7N1O4"
1735,473.7665,13.89,5.03,"Artifact","[41]K1C4H5K4O12S1",0.69,"KHCO3 C1H1K1O3 + C2H3K1O2 + C1H1K1O3 -> C4H5K3O8 + H-1K1 -> C4H4K4O8 + H1K1O4S1 -> C4H5K5O12S1 + [41]K1K-1 -> [41]K1C4H5K4O12S1"
1736,190.0953,11.34,5.18,"Artifact","C7H14N2O4",0.3,"N-Acetyl-L-glutamate 5-semialdehyde C7H11N1O4 + H3N1 -> C7H14N2O4"
1737,261.9829,14.41,5.11,"Artifact","C6H9K1Na2O6",0.99,"CH3COOK C2H3K1O2 + C2H3Na1O2 + C2H3Na1O2 -> C6H9K1Na2O6"
1738,261.9829,16.09,4.7,"Putative metabolite","C5H12O6P2S1",0.31,"Dimethylallylpyrophosphate C5H12O7P2 + H2S1 -> C5H14O7P2S1 - H2O1 -> C5H12O6P2S1"
1739,564.2252,2.58,5.03,"Artifact","Ring_artifact_C36H68O4",0.23,"Oleic acid C18H34O2 * 2 -> C36H68O4 + Ring_artifact -> Ring_artifact_C36H68O4"
1740,192.9943,13.49,5.09,"Unknown","Unknown",0.5,"Unknown"
1741,192.9943,14.11,4.57,"Unknown","Unknown",0.5,"Unknown"
1742,192.9943,14.3,4.47,"Unknown","Unknown",0.5,"Unknown"
1743,522.1585,13.7,5.04,"Artifact","C16H27N8O10P1",0.53,"citrulline C6H13N3O3 + Peak 171 -> C16H27N8O10P1"
1744,211.0844,8.84,5.17,"Artifact","C10H13N1O4",0.27,"phenylalanine C9H11N1O2 + C1H2O2 -> C10H13N1O4"
1745,244.1422,7.12,5.08,"Putative metabolite","C11H20N2O4",0.44,"Dethiobiotin C10H18N2O3 + C1H2O1 -> C11H20N2O4"
1746,244.1422,6.5,3.81,"Putative metabolite","C11H20N2O4",0.44,"Dethiobiotin C10H18N2O3 + C1H2O1 -> C11H20N2O4"
1747,242.0569,13.38,5.09,"Artifact","C5H14N2O7Si1",0.53,"glutamine C5H10N2O3 + H4O4Si1 -> C5H14N2O7Si1"
1748,385.019,13.76,5.13,"Artifact","C10H13K1N5O7P1",-0.09,"dGMP C10H14N5O7P1 + H-1K1 -> C10H13K1N5O7P1"
1749,257.118,16.78,5.14,"Artifact","[13]C1C7H17N4Na1O4",0.41,"L-Arginine C6H14N4O2 + [13]C1C-1 -> [13]C1C5H14N4O2 + C2H3Na1O2 -> [13]C1C7H17N4Na1O4"
1750,482.2643,4.23,4.98,"Putative metabolite","C22H43O9P1",0.35,"PS(16:0/0:0) C22H44N1O9P1 - H1N1 -> C22H43O9P1"
1751,97.97619,13.85,7.11,"Artifact","C2H3K1O2",8.38,"CH3COOK C2H3K1O2"
1752,349.2205,16.79,5.16,"Artifact","[15]N1C12H28N7O4",-0.33,"L-Arginine C6H14N4O2 * 2 -> C12H28N8O4 + [15]N1N-1 -> [15]N1C12H28N7O4"
1753,329.1908,2.08,5.12,"Unknown","Unknown",0.33,"Unknown"
1754,145.8412,13.39,5,"Unknown","Unknown",0.64,"Unknown"
1755,146.0511,13.4,5.2,"Artifact","Ring_artifact_C5H10N2O3",0.64,"glutamine C5H10N2O3 + Ring_artifact -> Ring_artifact_C5H10N2O3"
1756,372.144,11.81,5.17,"Artifact","B1C12H25O12",-0.25,"D-glucitol C6H14O6 * 2 -> C12H28O12 + B1H-3 -> B1C12H25O12"
1757,372.1442,11.3,4.06,"Artifact","B1C15H26N2O4P1S1",0.52,"N-Acetyl-glutamine C7H12N2O4 + Peak 101 -> C15H29N2O4P1S1 + B1H-3 -> B1C15H26N2O4P1S1"
1758,73.95036,6.67,5.14,"Unknown","Unknown",1.44,"Unknown"
1759,759.5053,3.04,5.09,"Metabolite","C40H74N1O10P1",-0.35,"PS(16:1(9Z)/18:1(9Z)) C40H74N1O10P1"
1760,615.1518,14.18,5.04,"Artifact","[13]C1[34]S1C19H32N6O12S1",-1.12,"glutathione disulfide C20H32N6O12S2 + [13]C1C-1 -> [13]C1C19H32N6O12S2 + [34]S1S-1 -> [13]C1[34]S1C19H32N6O12S1"
1761,659.5581,13.85,5.03,"Unknown","Unknown",0.21,"Unknown"
1762,293.9128,13.85,5.14,"Artifact","C2H7K1O10S2",-3.51,"KHSO4 H1K1O4S1 + H2O4S1 + C2H4O2 -> C2H7K1O10S2"
1763,190.0476,13.06,5.05,"Metabolite","C7H10O6",0.73,"3-Dehydroquinate C7H10O6"
1764,76.08502,3.43,5.01,"Unknown","Unknown",1.4,"Unknown"
1765,449.8538,13.9,4.99,"Artifact","C7H11K5O10",-0.1,"KHCO3 C1H1K1O3 + C2H3K1O2 + H-1K1 -> C3H3K3O5 + Peak 483 -> C7H11K5O10"
1766,206.9489,2.07,5.14,"Unknown","Unknown",0.47,"Unknown"
1767,169.0044,12.96,5.18,"Metabolite","C3H7N1O5S1",0.55,"L-Cysteic acid C3H7N1O5S1"
1768,211.0723,13.66,5.03,"Artifact","C6Cl1H14N3O3",0.33,"citrulline C6H13N3O3 + Cl1H1 -> C6Cl1H14N3O3"
1769,162.0003,13.88,5.07,"Artifact","[18]O1[41]K1C4H7O3",1.27,"CH3COOK C2H3K1O2 + C2H4O2 + [41]K1K-1 -> [41]K1C4H7O4 + [18]O1O-1 -> [18]O1[41]K1C4H7O3"
1770,454.2889,7.09,5.07,"Artifact","[13]C1C20H44N1O7P1",-0.01,"PA(18:1(9Z)/0:0) C21H41O7P1 + H3N1 -> C21H44N1O7P1 + [13]C1C-1 -> [13]C1C20H44N1O7P1"
1771,303.1681,7.1,5.1,"Metabolite","C14H25N1O6",0.29,"Pimelylcarnitine C14H25N1O6"
1772,144.983,13,5.16,"Artifact","C2Cr1H7N1O3",0.69,"alanine C3H7N1O2 + Cr1O3 -> C3Cr1H7N1O5 - C1O2 -> C2Cr1H7N1O3"
1773,144.9831,13.57,4.68,"Putative metabolite","C4H3N1O3S1",1.63,"4-Nitrophenol C6H5N1O3 + H2S1 -> C6H7N1O3S1 - C2H4 -> C4H3N1O3S1"
1774,206.0012,7.14,5.09,"Artifact","C3Cl1H11O6Si1",0.69,"Glycerol C3H8O3 + Cl1H1 -> C3Cl1H9O3 + H2O3Si1 -> C3Cl1H11O6Si1"
1775,372.1509,12.23,4.52,"Artifact","C14H25N2Na1O8",-0.11,"Diaminopimelic Acid C7H14N2O4 - H1N1 + Peak 1283 -> C14H25N2Na1O8"
1776,274.076,13.75,5.15,"Artifact","[13]C1C7H16K1N3O5",0.21,"citrulline C6H13N3O3 + [13]C1C-1 -> [13]C1C5H13N3O3 + C2H3K1O2 -> [13]C1C7H16K1N3O5"
1777,246.0463,10.53,5.16,"Artifact","C6H11N2Na1O7",0.39,"O-Acetyl-L-homoserine C6H11N1O4 + H-1Na1 -> C6H10N1Na1O4 + H1N1O3 -> C6H11N2Na1O7"
1778,588.9863,14.23,5.13,"Unknown","Unknown",0.22,"Unknown"
1779,148.0735,2.81,5.84,"Metabolite","C6H12O4",0.4,"(R)-2,3-Dihydroxy-3-methylvalerate C6H12O4"
1780,162.0541,7.59,5.26,"Putative metabolite","C7H6N4O1",0.38,"hypoxanthine C5H4N4O1 + C2H4 -> C7H8N4O1 - H2 -> C7H6N4O1"
1781,302.0129,2.91,4.87,"Putative metabolite","C8H14O8S2",0.36,"3-hydroxy-2-isopropyl-4-methoxy-4-oxobutanoate C8H14O5 + S1 -> C8H14O5S1 + O3S1 -> C8H14O8S2"
1782,325.2075,3.07,5.07,"Unknown","Unknown",0.33,"Unknown"
1783,325.2075,4.49,5.06,"Unknown","Unknown",0.33,"Unknown"
1784,271.0102,13.59,5.13,"Putative metabolite","C7H14N1O4P1S2",-0.05,"lipoamide C8H15N1O1S2 - C1H2 -> C7H13N1O1S2 + H1O3P1 -> C7H14N1O4P1S2"
1785,247.0803,13.67,5.11,"Artifact","Ring_artifact_C5Cr1H9N1O7",0.41,"glutamate C5H9N1O4 + Cr1O3 -> C5Cr1H9N1O7 + Ring_artifact -> Ring_artifact_C5Cr1H9N1O7"
1786,463.7458,13.86,5.07,"Artifact","C2H5K5O11S2",0.13,"KHSO4 H1K1O4S1 + H2O4S1 + H-2K2 -> H1K3O8S2 + C2H3K1O2 -> C2H4K4O10S2 + H1K1O1 -> C2H5K5O11S2"
1787,509.7329,13.86,5,"Artifact","[41]K1C3H5K4O13S2",1.79,"KHSO4 H1K1O4S1 + C2H4O2 + H-1K1 -> C2H4K2O6S1 + Peak 1643 -> C3H5K5O13S2 + [41]K1K-1 -> [41]K1C3H5K4O13S2"
1788,163.0924,4.21,5.05,"Unknown","Unknown",0.58,"Unknown"
1789,144.1398,4.22,5.13,"Artifact","Ring_artifact_C8H16O2",0.64,"Caprylic acid C8H16O2 + Ring_artifact -> Ring_artifact_C8H16O2"
1790,157.0349,13.3,5.14,"Artifact","C4H8N1Na1O4",1.29,"glycine C2H5N1O2 + C2H3Na1O2 -> C4H8N1Na1O4"
1791,157.035,13.01,5.14,"Artifact","C4H8N1Na1O4",0.65,"alanine C3H7N1O2 + C1H1Na1O2 -> C4H8N1Na1O4"
1792,282.1215,8.49,4.14,"Artifact","C13H18N2O5",0.25,"Peak 2554 C11H14N2O3 + C2H4O2 -> C13H18N2O5"
1793,275.1593,13.88,4.97,"Putative metabolite","C10H21N5O4",0.2,"2-(3-Carboxy-3-aminopropyl)-L-histidine C10H16N4O4 + H2O1 -> C10H18N4O5 + H3N1O-1 -> C10H21N5O4"
1794,275.1594,14.13,4.97,"Putative metabolite","C10H21N5O4",-0.17,"2-(3-Carboxy-3-aminopropyl)-L-histidine C10H16N4O4 + H2O1 -> C10H18N4O5 + H3N1O-1 -> C10H21N5O4"
1795,919.3083,2.56,5.04,"Unknown","Unknown",0.17,"Unknown"
1796,402.1679,2.94,5.11,"Artifact","C22H26O7",-0.12,"Peak 2442 C23H28O8 - C1H2O1 -> C22H26O7"
1797,169.0407,7.58,5.17,"Putative metabolite","C4H11N1O4S1",1.06,"DL-Valine C5H11N1O2 - C1O1 -> C4H11N1O1 + O3S1 -> C4H11N1O4S1"
1798,584.3521,7.11,5.06,"Artifact","[13]C1C26H54N1O10P1",-0.36,"Peak 588 C27H54N1O10P1 + [13]C1C-1 -> [13]C1C26H54N1O10P1"
1799,75.94686,3.12,5.03,"Unknown","Unknown",1.41,"Unknown"
1800,75.94686,3.42,5.03,"Unknown","Unknown",1.41,"Unknown"
1801,315.1753,2.09,5.13,"Unknown","Unknown",0.34,"Unknown"
1802,320.0984,13.58,5.14,"Artifact","C8H21N2O9P1",0.21,"Glycerophosphocholine C8H20N1O6P1 + H1N1O3 -> C8H21N2O9P1"
1803,217.1425,14.37,5.17,"Artifact","C9H19N3O3",0.65,"Peak 1383 C10H21N3O4 - C1H2O1 -> C9H19N3O3"
1804,261.0329,14.18,5.13,"Artifact","[13]C1C5H13O9P1",0.66,"glucose-1-phosphate C6H13O9P1 + [13]C1C-1 -> [13]C1C5H13O9P1"
1805,258.2023,2.61,5.08,"Artifact","Ring_artifact_C14H26O4",0.4,"Ethyl 9-decenoate C12H22O2 + C2H4O2 -> C14H26O4 + Ring_artifact -> Ring_artifact_C14H26O4"
1806,258.2024,4.06,4.39,"Artifact","[13]C1C13H27N1O3",0.19,"Peak 521 C14H27N1O3 + [13]C1C-1 -> [13]C1C13H27N1O3"
1807,306.0715,13.47,5.13,"Artifact","[13]C1C9H15N3O6S1",0.04,"Peak 403 C10H15N3O6S1 + [13]C1C-1 -> [13]C1C9H15N3O6S1"
1808,293.1223,13.45,5.04,"Artifact","C10H19N3O7",0,"Dihydrouracil C4H6N2O2 + C6H10O5 + H3N1 -> C10H19N3O7"
1809,126.0081,13.53,5.1,"Metabolite","C2H7O4P1",0.76,"Ethylphosphate C2H7O4P1"
1810,555.3537,3.07,5.04,"Artifact","C26H54N1O9P1",-0.15,"Peak 2041 C27H56N1O10P1 - C1H2O1 -> C26H54N1O9P1"
1811,302.0305,2.95,4.93,"Putative metabolite","C8H14O10S1",0.89,"myo-inositol C6H12O6 + O3S1 -> C6H12O9S1 + C2H2O1 -> C8H14O10S1"
1812,324.1045,13.49,5.07,"Artifact","C11H17N4Na1O6",0.24,"Peak 855 C10H14N4O5 + C1H4O1 -> C11H18N4O6 + H-1Na1 -> C11H17N4Na1O6"
1813,324.1032,11.8,4.57,"Artifact","C10H21Na1O10",0.13,"D-glucitol C6H14O6 + C2H3Na1O2 -> C8H17Na1O8 + C2H4O2 -> C10H21Na1O10"
1814,193.0738,5.61,4.87,"Metabolite","C10H11N1O3",0.48,"Phenylacetylglycine C10H11N1O3"
1815,141.0402,13.01,5.11,"Artifact","C4H8N1Na1O3",-0.09,"threonine C4H9N1O3 + H-1Na1 -> C4H8N1Na1O3"
1816,362.1453,13.57,5.08,"Artifact","C11H27N2O9P1",0.32,"serine C3H7N1O3 + Peak 1326 -> C11H27N2O9P1"
1817,362.1426,11.84,4.79,"Putative metabolite","C12H26O12",-0.48,"D-glucitol C6H14O6 + C6H10O5 -> C12H24O11 + H2O1 -> C12H26O12"
1818,258.1021,13.65,5.06,"Artifact","[13]C1C7H16N3Na1O5",0.08,"citrulline C6H13N3O3 + [13]C1C-1 -> [13]C1C5H13N3O3 + C2H3Na1O2 -> [13]C1C7H16N3Na1O5"
1819,118.0266,13.31,7.71,"Metabolite","C4H6O4",0.07,"Succinic acid C4H6O4"
1820,207.0458,14.03,5.1,"Artifact","[13]C1C6H10O7",1,"Methylisocitric acid C7H10O7 + [13]C1C-1 -> [13]C1C6H10O7"
1821,288.0808,13.38,5.15,"Artifact","C7H20N2O6S1Si1",1.16,"Peak 2968 C9H20N2O6S1 + H2O3Si1 -> C9H22N2O9S1Si1 - C1O2 -> C8H22N2O7S1Si1 - C1H2O1 -> C7H20N2O6S1Si1"
1822,164.0684,4.11,5.08,"Artifact","C6H12O5",0.45,"2-Hydroxyvaleric acid C5H10O3 + C1H2O2 -> C6H12O5"
1823,179.0669,16.76,5.15,"Artifact","C6H10N3Na1O2",0.96,"L-Arginine C6H14N4O2 - H3N1 -> C6H11N3O2 + H-1Na1 -> C6H10N3Na1O2"
1824,121.8631,4.21,4.85,"Unknown","Unknown",0.74,"Unknown"
1825,275.0708,13.74,5.08,"Artifact","[41]K1C8H16N3O5",0.08,"citrulline C6H13N3O3 + C2H3K1O2 -> C8H16K1N3O5 + [41]K1K-1 -> [41]K1C8H16N3O5"
1826,388.1219,13.88,5.07,"Artifact","C13H24O13",-0.54,"Lactose C12H22O11 + C1H2O2 -> C13H24O13"
1827,388.1218,14.84,4.62,"Artifact","C13H24O13",-0.28,"Trehalose C12H22O11 + C1H2O2 -> C13H24O13"
1828,427.8651,13.86,5.03,"Artifact","C4H11K3O12S1Si1",0.16,"KHSO4 H1K1O4S1 + C2H3K1O2 + Peak 795 -> C4H11K3O12S1Si1"
1829,295.1088,13,5.1,"Putative metabolite","C11H21N1O6S1",0.54,"N-Formyl-L-methionine C6H11N1O3S1 - C1O2 -> C5H11N1O1S1 + C6H10O5 -> C11H21N1O6S1"
1830,295.1097,13.5,5.01,"Artifact","[13]C1C9H18N2O8",-0.1,"glutamate C5H9N1O4 * 2 -> C10H18N2O8 + [13]C1C-1 -> [13]C1C9H18N2O8"
1831,103.0961,13.49,5.15,"Artifact","Ring_artifact_C4H9N1O2",0.86,"glutamate C5H9N1O4 - C1O2 -> C4H9N1O2 + Ring_artifact -> Ring_artifact_C4H9N1O2"
1832,103.0961,12.16,4.43,"Artifact","Ring_artifact_C4H9N1O2",0.86,"b-Aminoisobutyric acid C4H9N1O2 + Ring_artifact -> Ring_artifact_C4H9N1O2"
1833,358.0067,14.18,5.05,"Artifact","C8H16K1O11P1",0.08,"glucose-1-phosphate C6H13O9P1 + C2H3K1O2 -> C8H16K1O11P1"
1834,211.0048,13.45,5.07,"Artifact","C5Cr1H9N3O3",0.47,"asparagine C4H8N2O3 + Cr1O3 -> C4Cr1H8N2O6 + C2H3N1 -> C6Cr1H11N3O6 - H2O1 -> C6Cr1H9N3O5 - C1O2 -> C5Cr1H9N3O3"
1835,211.0048,14.11,4.44,"Unknown","Unknown",0.47,"Unknown"
1836,242.0192,12.07,5.16,"Putative metabolite","C6H11O8P1",-0.19,"2-Hydroxyhexanedioic Acid C6H10O5 + H1O3P1 -> C6H11O8P1"
1837,355.0935,13.01,5.06,"Artifact","C12H21N1O9S1",0.57,"Peak 2909 C13H23N1O10S1 - C1H2O1 -> C12H21N1O9S1"
1838,583.3855,7.09,5.04,"Unknown","Unknown",0.22,"Unknown"
1839,305.1223,12.98,5.13,"Artifact","C11H19N3O7",0,"Peak 3396 C10H17N3O4 + C1H2O3 -> C11H19N3O7"
1840,103.0306,12.16,4.43,"Artifact","Ring_artifact_C4H9N1O2",0.86,"b-Aminoisobutyric acid C4H9N1O2 + Ring_artifact -> Ring_artifact_C4H9N1O2"
1841,637.3015,2.51,4.98,"Unknown","Unknown",0.21,"Unknown"
1842,252.0108,13.37,5.04,"Unknown","Unknown",0.4,"Unknown"
1843,316.9439,13.58,5.11,"Artifact","Ring_artifact_C10H24N1O8P1",0.34,"Glycerophosphocholine C8H20N1O6P1 + C2H4O2 -> C10H24N1O8P1 + Ring_artifact -> Ring_artifact_C10H24N1O8P1"
1844,177.0513,14.42,5.14,"Unknown","Unknown",0.54,"Unknown"
1845,430.1992,2.85,5.12,"Unknown","Unknown",0.27,"Unknown"
1846,359.8901,13.93,5.02,"Artifact","C5H7K3O11",-0.4,"KHCO3 C1H1K1O3 + C2H3K1O2 + C1H1K1O3 -> C4H5K3O8 + C1H2O3 -> C5H7K3O11"
1847,305.0413,11.31,5.13,"Metabolite","C9H12N3O7P1",-0.05,"3',5'-cyclic CMP C9H12N3O7P1"
1848,105.0143,13.4,5.04,"Artifact","[13]C1C2H4O4",0.13,"Malonic acid C3H4O4 + [13]C1C-1 -> [13]C1C2H4O4"
1849,157.9759,13.91,5.09,"Artifact","Ring_artifact_C4H7K1O4",0.59,"CH3COOK C2H3K1O2 + C2H4O2 + Ring_artifact -> Ring_artifact_C4H7K1O4"
1850,288.005,11.3,5.09,"Artifact","C7Cr1H12N2O7",-0.15,"Peak 3989 C14H24N4O8 / 2 -> C7H12N2O4 + Cr1O3 -> C7Cr1H12N2O7"
1851,710.13,14.2,5.13,"Artifact","C22H35K1N6O14S2",-1.45,"glutathione disulfide C20H32N6O12S2 + C2H3K1O2 -> C22H35K1N6O14S2"
1852,358.2256,3.94,3.86,"Unknown","Unknown",0.31,"Unknown"
1853,340.12,4.87,5.12,"Artifact","C14H20N4O4S1",1.55,"Peak 1190 C12H16N4O2S1 + C2H4O2 -> C14H20N4O4S1"
1854,665.1147,13.92,5.03,"Unknown","Unknown",0.21,"Unknown"
1855,247.0819,9.05,4.72,"Unknown","Unknown",0.41,"Unknown"
1856,247.0788,11.81,4.77,"Artifact","[18]O1C6H15N1O8",0.51,"D-glucitol C6H14O6 + H1N1O3 -> C6H15N1O9 + [18]O1O-1 -> [18]O1C6H15N1O8"
1857,247.0788,11.36,4.68,"Artifact","[18]O1C6H15N1O8",0.51,"D-glucitol C6H14O6 + H1N1O3 -> C6H15N1O9 + [18]O1O-1 -> [18]O1C6H15N1O8"
1858,144.9857,13.9,5.04,"Artifact","[13]C1C2H5K1O4",1,"CH3COOK C2H3K1O2 + C1H2O2 + [13]C1C-1 -> [13]C1C2H5K1O4"
1859,273.0573,11.29,5.05,"Artifact","C7H12N3Na1O7",-0.02,"Peak 3989 C14H24N4O8 / 2 -> C7H12N2O4 + N1Na1O3 -> C7H12N3Na1O7"
1860,273.0633,13.76,5,"Artifact","C6H15N3O7S1",-0.84,"citrulline C6H13N3O3 + H2O4S1 -> C6H15N3O7S1"
1861,135.0416,13.57,5.09,"Artifact","[18]O1C4H7N1O3",1.14,"aspartate C4H7N1O4 + [18]O1O-1 -> [18]O1C4H7N1O3"
1862,135.0417,11.29,4.69,"Artifact","[18]O1C4H7N1O3",0.4,"Aminoadipic acid C6H11N1O4 - C2H4 + [18]O1O-1 -> [18]O1C4H7N1O3"
1863,473.7478,13.88,4.98,"Artifact","C3H3K5O13S1",0.36,"KHCO3 C1H1K1O3 + H2O4S1 - C1O2 -> H3K1O5S1 - H2O1 -> H1K1O4S1 + Peak 1663 -> C3H3K5O13S1"
1864,287.1957,12.95,4.57,"Unknown","Unknown",0.36,"Unknown"
1865,287.1957,12.12,5.14,"Unknown","Unknown",0.36,"Unknown"
1866,361.0543,2.65,4.83,"Unknown","Unknown",0.31,"Unknown"
1867,370.1044,13.01,5.13,"Artifact","C12H22N2O9S1",0.54,"Peak 1070 C10H19N1O9S1 + C2H3N1 -> C12H22N2O9S1"
1868,308.0815,13.49,5.07,"Putative metabolite","C15H17O5P1",-0.45,"Menadione C11H8O2 + C2H4 -> C13H12O2 + C2H4 -> C15H16O2 + H1O3P1 -> C15H17O5P1"
1869,175.0207,13.72,5.49,"Artifact","Ring_artifact_C6H13N3O3",0.54,"citrulline C6H13N3O3 + Ring_artifact -> Ring_artifact_C6H13N3O3"
1870,175.0196,14.18,4.98,"Unknown","Unknown",0.54,"Unknown"
1871,195.0895,2.54,5.07,"Putative metabolite","C10H13N1O3",0.22,"phenylalanine C9H11N1O2 + C1H2O1 -> C10H13N1O3"
1872,217.1254,13.37,5.05,"Artifact","[13]C1C7H16N4O3",0.9,"N-Acetyl-L-arginine C8H16N4O3 + [13]C1C-1 -> [13]C1C7H16N4O3"
1873,689.3017,13.6,4.98,"Artifact","C22H53N5O15P2",-0.52,"citrulline C6H13N3O3 + Peak 3335 -> C22H53N5O15P2"
1874,158.0882,16.78,5.11,"Artifact","[13]C1C5H11N3O2",1.78,"L-Arginine C6H14N4O2 + [13]C1C-1 -> [13]C1C5H14N4O2 - H3N1 -> [13]C1C5H11N3O2"
1875,321.0808,5.3,5.12,"Artifact","C10H15N3O9",0.09,"Ribothymidine C10H14N2O6 + H1N1O3 -> C10H15N3O9"
1876,836.9884,13.88,4.94,"Artifact","C21H27K2N7O18P2S1",-0.16,"NAD C21H27N7O14P2 + H-1K1 -> C21H26K1N7O14P2 + H1K1O4S1 -> C21H27K2N7O18P2S1"
1877,219.8845,13.86,5,"Artifact","C1H2K2O6S1",0.56,"KHSO4 H1K1O4S1 + C1H1K1O2"
1878,244.046,13.77,5.07,"Artifact","C7H13K1N2O5",0.63,"Ala-Ala C6H12N2O3 + C1H1K1O2 -> C7H13K1N2O5"
1879,244.0459,13.38,5.08,"Artifact","C5H13N2O7P1",0.56,"glutamine C5H10N2O3 + H3O4P1 -> C5H13N2O7P1"
1880,145.1732,4.2,5.15,"Artifact","Ring_artifact_[13]C1C7H16O2",0.64,"Caprylic acid C8H16O2 + [13]C1C-1 -> [13]C1C7H16O2 + Ring_artifact -> Ring_artifact_[13]C1C7H16O2"
1881,152.0683,9.89,6.36,"Metabolite","C5H12O5",1.14,"D-Arabitol C5H12O5"
1882,284.112,13.53,5.01,"Artifact","C11H16N4O5",0.25,"Peak 855 C10H14N4O5 + C1H4O1 -> C11H18N4O6 - H2O1 -> C11H16N4O5"
1883,175.3398,13.66,4.94,"Unknown","Unknown",0.54,"Unknown"
1884,772.3459,2.78,5.03,"Unknown","Unknown",0.19,"Unknown"
1885,273.1325,13,5.01,"Artifact","C11H19N3O5",-0.11,"Peak 1113 C10H18N2O5 + C1H1N1 -> C11H19N3O5"
1886,503.7673,13.86,5,"Artifact","C2H8K4O14S2Si1",0,"KHSO4 H1K1O4S1 + H2O4S1 + H-2K2 -> H1K3O8S2 + Peak 795 -> C2H8K4O14S2Si1"
1887,606.0086,13.91,4.94,"Artifact","[41]K1C15H23N2O17P2",0.7,"UDP-D-glucose C15H24N2O17P2 + H-1K1 -> C15H23K1N2O17P2 + [41]K1K-1 -> [41]K1C15H23N2O17P2"
1888,244.037,13.39,5.06,"Artifact","C7Ca1H12N2O5",0.87,"glutamine C5H10N2O3 + C2Ca1H2O2 -> C7Ca1H12N2O5"
1889,90.07759,13,5.08,"Artifact","Ring_artifact_[13]C1C2H7N1O2",1.2,"alanine C3H7N1O2 + [13]C1C-1 -> [13]C1C2H7N1O2 + Ring_artifact -> Ring_artifact_[13]C1C2H7N1O2"
1890,379.257,2.75,5.03,"Artifact","C18H37N1O7",0.01,"Peak 211 C18H36O4 + H1N1O3 -> C18H37N1O7"
1891,351.1101,14.24,5.1,"Putative metabolite","C12H21N3O7S1",-0.23,"glutathione C10H17N3O6S1 + C1H2 -> C11H19N3O6S1 + C1H2O1 -> C12H21N3O7S1"
1892,203.0044,13.41,5.09,"Artifact","[53]Cr1C4H10N2O4",1.51,"glutamine C5H10N2O3 + Cr1O3 -> C5Cr1H10N2O6 - C1O2 -> C4Cr1H10N2O4 + [53]Cr1Cr-1 -> [53]Cr1C4H10N2O4"
1893,821.3219,2.53,4.94,"Unknown","Unknown",0.18,"Unknown"
1894,223.0513,13.51,5.04,"Putative metabolite","C7H13N1O5S1",0.64,"cystathionine C7H14N2O4S1 + H-1N-1O1 -> C7H13N1O5S1"
1895,165.9804,2.56,5.04,"Artifact","Ring_artifact_C5H10O6",0.57,"L-2-Hydroxyglutaric acid C5H8O5 + H2O1 + Ring_artifact -> Ring_artifact_C5H10O6"
1896,591.8207,13.9,4.97,"Artifact","C8H14K5O16P1",-0.37,"CH3COOK C2H3K1O2 + C2H4O2 + Peak 1550 -> C8H14K5O16P1"
1897,332.2352,2.6,4.89,"Artifact","C21H32O3",-0.17,"Retinoic Acid C20H28O2 + C1H4O1 -> C21H32O3"
1898,237.9257,13.94,5.11,"Artifact","C3H5K2Na1O6",0.4,"KHCO3 C1H1K1O3 + C2H3K1O2 + H1Na1O1 -> C3H5K2Na1O6"
1899,287.2541,2.66,5.01,"Artifact","[13]C1C16H34O3",0.17,"Peak 720 C17H34O3 + [13]C1C-1 -> [13]C1C16H34O3"
1900,435.8017,13.92,4.97,"Artifact","C5H5K5O11",0.05,"KHCO3 C1H1K1O3 + C2H3K1O2 + C1H1K1O3 -> C4H5K3O8 + H-1K1 -> C4H4K4O8 + C1H1K1O3 -> C5H5K5O11"
1901,91.04792,13.01,4.97,"Artifact","[13]C1[15]N1C2H7O2",1.63,"alanine C3H7N1O2 + [13]C1C-1 -> [13]C1C2H7N1O2 + [15]N1N-1 -> [13]C1[15]N1C2H7O2"
1902,582.3728,3.07,5.02,"Unknown","Unknown",0.22,"Unknown"
1903,147.1225,4.2,4.92,"Artifact","[13]C1[18]O1C7H16O1",0.89,"Caprylic acid C8H16O2 + [13]C1C-1 -> [13]C1C7H16O2 + [18]O1O-1 -> [13]C1[18]O1C7H16O1"
1904,294.0619,5.3,5.12,"Artifact","C10Cl1H15N2O6",-0.12,"Ribothymidine C10H14N2O6 + Cl1H1 -> C10Cl1H15N2O6"
1905,294.059,7.67,4.6,"Artifact","C10H7N8Na1O2",-0.12,"hypoxanthine C5H4N4O1 + Peak 1615 -> C10H7N8Na1O2"
1906,294.0593,8.76,4.09,"Artifact","C12H12N2Na2O4",-0.18,"tryptophan C11H12N2O2 + C1H2O2 -> C12H14N2O4 + H-2Na2 -> C12H12N2Na2O4"
1907,146.0866,13.4,5.17,"Artifact","Ring_artifact_C5H10N2O3",0.64,"glutamine C5H10N2O3 + Ring_artifact -> Ring_artifact_C5H10N2O3"
1908,336.0683,8.67,5.13,"Artifact","C11H13N4Na1O7",-0.32,"inosine C10H12N4O5 + C1H1Na1O2 -> C11H13N4Na1O7"
1909,182.0789,11.36,6.87,"Metabolite","C6H14O6",0.76,"D-glucitol C6H14O6"
1910,182.0772,10.79,5.83,"Artifact","[13]C1C8H11N1O3",0.26,"tyrosine C9H11N1O3 + [13]C1C-1 -> [13]C1C8H11N1O3"
1911,296.1446,2.14,5.07,"Unknown","Unknown",0.36,"Unknown"
1912,268.1534,9.79,5.09,"Putative metabolite","C12H20N4O3",0.52,"(6R)-6-(l-erythro-1,2-dihydroxypropyl)-5,6,7,8-tetrahydro-4a-hydroxypterin C9H14N4O3 + C2H4 -> C11H18N4O3 + C1H2 -> C12H20N4O3"
1913,97.77654,13.84,4.93,"Unknown","Unknown",1.11,"Unknown"
1914,237.8845,13.85,5.04,"Artifact","[34]S1[41]K1H3O8S1",0.23,"KHSO4 H1K1O4S1 + H2O4S1 + [34]S1S-1 -> [34]S1H3K1O8S1 + [41]K1K-1 -> [34]S1[41]K1H3O8S1"
1915,147.0786,13.49,5.19,"Artifact","Ring_artifact_C5H9N1O4",0.63,"glutamate C5H9N1O4 + Ring_artifact -> Ring_artifact_C5H9N1O4"
1916,250.0953,7.1,5.05,"Putative metabolite","C12H14N2O4",0.23,"L-Kynurenine C10H12N2O3 + C2H2O1 -> C12H14N2O4"
1917,250.0953,8.72,4.79,"Artifact","C12H14N2O4",0.23,"tryptophan C11H12N2O2 + C1H2O2 -> C12H14N2O4"
1918,440.227,13.05,5.01,"Unknown","Unknown",0.27,"Unknown"
1919,820.5658,4.37,5.11,"Artifact","[13]C1C42H82N1O11P1",0.13,"ethyl 3-hydroxybutanoate C6H12O3 + Peak 934 -> C43H82N1O11P1 + [13]C1C-1 -> [13]C1C42H82N1O11P1"
1920,820.5658,3.08,4.89,"Unknown","Unknown",0.18,"Unknown"
1921,164.0506,3.45,5.13,"Putative metabolite","C6H12O3S1",0.7,"ethyl 3-hydroxybutanoate C6H12O3 + S1 -> C6H12O3S1"
1922,348.9747,13.81,5.04,"Artifact","C6H13K2N3O7S1",0.38,"citrulline C6H13N3O3 + H1K1O4S1 -> C6H14K1N3O7S1 + H-1K1 -> C6H13K2N3O7S1"
1923,247.9623,13.48,5,"Unknown","Unknown",0.41,"Unknown"
1924,152.1061,2.92,4.87,"Artifact","Ring_artifact_C8H8O3",0.61,"3-Hydroxyphenylacetic acid C8H8O3 + Ring_artifact -> Ring_artifact_C8H8O3"
1925,696.0688,13.88,4.98,"Artifact","C18H35K2O21P1",-0.78,"CH3COOK C2H3K1O2 + C2H4O2 + Peak 1638 -> C18H35K2O21P1"
1926,290.9928,13.83,5.06,"Artifact","C6Ca1H10N3O6P1",1.76,"Creatinine C4H7N3O1 + H1O3P1 + C2Ca1H2O2 -> C6Ca1H10N3O6P1"
1927,257.9792,13.9,4.98,"Artifact","[18]O1C6H10K2O5",0.77,"CH3COOK C2H3K1O2 + C2H4O2 + C2H3K1O2 -> C6H10K2O6 + [18]O1O-1 -> [18]O1C6H10K2O5"
1928,484.2798,4.22,4.89,"Putative metabolite","C22H45O9P1",0.66,"PS(16:0/0:0) C22H44N1O9P1 + H2 -> C22H46N1O9P1 - H1N1 -> C22H45O9P1"
1929,133.9536,13.86,5,"Artifact","C2Cl1H4K1O2",0.66,"CH3COOK C2H3K1O2 + Cl1H1"
1930,335.8732,13.86,5.07,"Artifact","[41]K2C4H7K1O8S1",0.96,"KHSO4 H1K1O4S1 + C2H3K1O2 + C2H3K1O2 -> C4H7K3O8S1 + [41]K1K-1 -> [41]K1C4H7K2O8S1 + [41]K1K-1 -> [41]K2C4H7K1O8S1"
1931,146.2967,13.38,4.99,"Unknown","Unknown",0.63,"Unknown"
1932,340.077,13.98,5.01,"Artifact","[13]C1C9H17N3O8S1",-0.03,"Peak 3096 C8H14N2O8S1 + C2H3N1 -> C10H17N3O8S1 + [13]C1C-1 -> [13]C1C9H17N3O8S1"
1933,257.0875,12.23,5.11,"Artifact","C9H16N1Na1O6",0.12,"Diaminopimelic Acid C7H14N2O4 - H1N1 + C2H3Na1O2 -> C9H16N1Na1O6"
1934,185.0208,13.41,4.91,"Artifact","[18]O1C7H5N1O4",1.18,"quinolinate C7H5N1O4 + O1 + [18]O1O-1 -> [18]O1C7H5N1O4"
1935,569.7457,13.88,4.96,"Artifact","C6H8K6O14S1",0.03,"CH3COOK C2H3K1O2 + C2H4O2 + Peak 2688 -> C6H8K6O14S1"
1936,281.5048,2.26,4.96,"Unknown","Unknown",0.37,"Unknown"
1937,126.0792,11.3,5.05,"Artifact","C6H10N2O1",0.9,"Peak 2154 C4H7N1O1 + C2H3N1 -> C6H10N2O1"
1938,245.1486,14.1,5.11,"Artifact","C9H19N5O3",0.77,"Peak 1794 C10H21N5O4 - C1H2O1 -> C9H19N5O3"
1939,146.0941,13.38,5.04,"Artifact","Ring_artifact_C5H10N2O3",0.64,"glutamine C5H10N2O3 + Ring_artifact -> Ring_artifact_C5H10N2O3"
1940,231.9206,13.93,5.07,"Artifact","C2H6K2O6Si1",0.77,"H4SiO4 H4O4Si1 + C2H3K1O2 + H-1K1 -> C2H6K2O6Si1"
1941,423.9844,2.15,5.07,"Unknown","Unknown",0.27,"Unknown"
1942,187.0455,13.45,4.96,"Artifact","C5H10N1Na1O5",0.89,"serine C3H7N1O3 + C2H3Na1O2 -> C5H10N1Na1O5"
1943,226.039,2.63,4.55,"Unknown","Unknown",0.44,"Unknown"
1944,122.0499,4.2,5.06,"Artifact","Ring_artifact_C7H6O2",0.74,"Benzoic acid C7H6O2 + Ring_artifact -> Ring_artifact_C7H6O2"
1945,147.283,13.5,5.06,"Unknown","Unknown",0.63,"Unknown"
1946,484.1903,12.97,4.96,"Putative metabolite","C18H32N2O13",0.29,"2-Isopropylmalic acid C7H12O5 + H3N1 -> C7H15N1O5 + C11H17N1O8 -> C18H32N2O13"
1947,218.0245,4.21,4.93,"Artifact","C7H10O6Si1",0.75,"Benzoic acid C7H6O2 + H4O4Si1 -> C7H10O6Si1"
1948,117.0248,7.64,4.34,"Artifact","C4H7N1O1S1",0.3,"Peak 3776 C5H7N1O3S1 - C1O2 -> C4H7N1O1S1"
1949,151.0631,3.71,4.73,"Putative metabolite","C8H9N1O2",1.51,"phenylalanine C9H11N1O2 - C1H2 -> C8H9N1O2"
1950,370.1587,11.3,5.08,"Artifact","C13H26N2O10",0.12,"Peak 4632 C13H23N1O10 + H3N1 -> C13H26N2O10"
1951,266.0497,14.21,4.77,"Unknown","Unknown",0.39,"Unknown"
1952,296.0316,13.01,4.98,"Artifact","[60]Ni1C8H16N2O6",0.08,"alanine C3H7N1O2 * 2 -> C6H14N2O4 + C2H2Ni1O2 -> C8H16N2Ni1O6 + [60]Ni1Ni-1 -> [60]Ni1C8H16N2O6"
1953,572.2961,3.07,5.01,"Metabolite","C25H49O12P1",0.11,"PI(16:0/0:0) C25H49O12P1"
1954,260.1483,14.79,4.77,"Artifact","C10H20N4O4",0.6,"Peak 2240 C9H19N3O4 + C1H1N1 -> C10H20N4O4"
1955,260.1483,14.34,5.1,"Artifact","C10H20N4O4",0.6,"Peak 2239 C9H19N3O4 + C1H1N1 -> C10H20N4O4"
1956,530.2965,7.1,5.03,"Unknown","Unknown",0.24,"Unknown"
1957,404.9934,13.47,5.04,"Artifact","C10Cr1H15N3O9S1",0.02,"Peak 403 C10H15N3O6S1 + Cr1O3 -> C10Cr1H15N3O9S1"
1958,158.0206,13.84,5.08,"Artifact","Ring_artifact_C4H7K1O4",0.59,"CH3COOK C2H3K1O2 + C2H4O2 + Ring_artifact -> Ring_artifact_C4H7K1O4"
1959,681.6142,13.85,4.99,"Artifact","C3H5K7O17S3",0.93,"KHSO4 H1K1O4S1 + H2O4S1 + Peak 856 -> C3H5K7O17S3"
1960,193.9745,7.07,5.09,"Unknown","Unknown",0.5,"Unknown"
1961,322.1448,4.23,4.91,"Putative metabolite","C14H26O6S1",0.65,"Diisopropyl sulfide C6H14S1 + C2H2O1 -> C8H16O1S1 + C6H10O5 -> C14H26O6S1"
1962,278.13,4.31,5.06,"Putative metabolite","C11H22N2O4S1",0.1,"Dethiobiotin C10H18N2O3 + C1H2O1 -> C11H20N2O4 + H2S1 -> C11H22N2O4S1"
1963,278.13,3.15,4.05,"Putative metabolite","C11H22N2O4S1",0.1,"Dethiobiotin C10H18N2O3 + C1H2O1 -> C11H20N2O4 + H2S1 -> C11H22N2O4S1"
1964,273.18,13.06,5.05,"Putative metabolite","C11H23N5O3",0.33,"N-Acetyl-L-arginine C8H16N4O3 + H1N1 -> C8H17N5O3 + C1H2 -> C9H19N5O3 + C2H4 -> C11H23N5O3"
1965,122.0173,4.22,4.93,"Artifact","Ring_artifact_C7H6O2",0.74,"Benzoic acid C7H6O2 + Ring_artifact -> Ring_artifact_C7H6O2"
1966,240.1838,2.58,5.09,"Artifact","Ring_artifact_C8H16O6S1",0.42,"2-Hydroxyoctanoic acid C8H16O3 + O3S1 + Ring_artifact -> Ring_artifact_C8H16O6S1"
1967,332.101,16.77,5.07,"Artifact","C10Ca1H20N4O6",-0.37,"L-Arginine C6H14N4O2 + C2H4O2 -> C8H18N4O4 + C2Ca1H2O2 -> C10Ca1H20N4O6"
1968,150.0604,13.5,5.06,"Artifact","[13]C1[18]O1C4H9N1O3",2.39,"glutamate C5H9N1O4 + [13]C1C-1 -> [13]C1C4H9N1O4 + [18]O1O-1 -> [13]C1[18]O1C4H9N1O3"
1969,230.0359,13.57,5.03,"Artifact","C8H10N2O4S1",0.99,"Pyridoxamine C8H12N2O2 + O3S1 - H2O1 -> C8H10N2O4S1"
1970,132.1375,16.78,5.12,"Artifact","Ring_artifact_C5H12N2O2",0.69,"ornithine C5H12N2O2 + Ring_artifact -> Ring_artifact_C5H12N2O2"
1971,132.1375,16.24,5.13,"Artifact","Ring_artifact_C5H12N2O2",0.69,"ornithine C5H12N2O2 + Ring_artifact -> Ring_artifact_C5H12N2O2"
1972,115.0633,7.6,5.12,"Metabolite","C5H9N1O2",0.25,"Acetamidopropanal C5H9N1O2"
1973,189.973,13.01,5.04,"Artifact","[53]Cr1C3H7N1O5",0.38,"alanine C3H7N1O2 + Cr1O3 -> C3Cr1H7N1O5 + [53]Cr1Cr-1 -> [53]Cr1C3H7N1O5"
1974,238.0623,13.97,5.08,"Artifact","C7H14N2O5S1",0.18,"Peak 1401 C8H14N2O7S1 - C1O2 -> C7H14N2O5S1"
1975,233.1091,13.4,5.05,"Artifact","[13]C1C8H16N2O5",0.76,"Glycyl-L-proline C7H12N2O3 + C2H4O2 -> C9H16N2O5 + [13]C1C-1 -> [13]C1C8H16N2O5"
1976,217.9678,13.5,5.01,"Artifact","[53]Cr1C4H7N1O6",0.85,"glutamate C5H9N1O4 + Cr1O3 -> C5Cr1H9N1O7 - C1H2O1 -> C4Cr1H7N1O6 + [53]Cr1Cr-1 -> [53]Cr1C4H7N1O6"
1977,228.1474,8.88,5.05,"Putative metabolite","C11H20N2O3",-0.03,"Ala-Ala C6H12N2O3 + C5H8 -> C11H20N2O3"
1978,228.1474,7.97,4.71,"Putative metabolite","C11H20N2O3",-0.03,"Ala-Ala C6H12N2O3 + C5H8 -> C11H20N2O3"
1979,358.1142,4.25,4.53,"Putative metabolite","C11H23N2O9P1",-0.23,"Saccharopine C11H20N2O6 + H-1N-1O1 -> C11H19N1O7 + H1O3P1 -> C11H20N1O10P1 + H3N1O-1 -> C11H23N2O9P1"
1980,89.06284,13.01,5.23,"Artifact","Ring_artifact_C3H7N1O2",1.21,"alanine C3H7N1O2 + Ring_artifact -> Ring_artifact_C3H7N1O2"
1981,208.1712,2.57,5.05,"Artifact","[18]O1C14H22",0.53,"alpha-Isomethyl-ionone C14H22O1 + [18]O1O-1 -> [18]O1C14H22"
1982,245.0663,14.35,5.05,"Artifact","C6H16N1O7P1",0.56,"Phosphorylcholine C5H14N1O4P1 + C1H2O3 -> C6H16N1O7P1"
1983,446.2002,16.77,4.98,"Artifact","C14H31K1N8O6",0.36,"L-Arginine C6H14N4O2 + Peak 812 -> C14H31K1N8O6"
1984,90.02416,13.01,5.06,"Artifact","Ring_artifact_[13]C1C2H7N1O2",1.2,"alanine C3H7N1O2 + [13]C1C-1 -> [13]C1C2H7N1O2 + Ring_artifact -> Ring_artifact_[13]C1C2H7N1O2"
1985,196.0308,13.87,5,"Artifact","Ring_artifact_C2H5K1O6S1",0.5,"KHSO4 H1K1O4S1 + C2H4O2 + Ring_artifact -> Ring_artifact_C2H5K1O6S1"
1986,426.2587,7.1,4.44,"Artifact","[13]C1C18H40N1O7P1",-2.59,"1-palmitoylglycerone 3-phosphate C19H37O7P1 + H3N1 -> C19H40N1O7P1 + [13]C1C-1 -> [13]C1C18H40N1O7P1"
1987,252.0487,16.24,5.09,"Artifact","C7H14K1N2Na1O4",0.53,"ornithine C5H12N2O2 + C2H3Na1O2 -> C7H15N2Na1O4 + H-1K1 -> C7H14K1N2Na1O4"
1988,460.3918,2.54,4.91,"Putative metabolite","C30H52O3",-0.34,"Obtusifoliol C30H50O2 + H2O1 -> C30H52O3"
1989,280.2038,2.63,4.89,"Artifact","Ring_artifact_C18H32O2",0.37,"Linoleic acid C18H32O2 + Ring_artifact -> Ring_artifact_C18H32O2"
1990,89.05876,13.01,5.42,"Artifact","Ring_artifact_C3H7N1O2",1.21,"alanine C3H7N1O2 + Ring_artifact -> Ring_artifact_C3H7N1O2"
1991,220.0483,7.48,5.07,"Putative metabolite","C10H8N2O4",0.48,"3-Carboxy-2,3,4,9-tetrahydro-1H-pyrido[3,4-b]indole-1-propanoic acid C15H16N2O4 - C5H8 -> C10H8N2O4"
1992,220.0483,7.08,5.03,"Putative metabolite","C10H8N2O4",0.48,"3-Carboxy-2,3,4,9-tetrahydro-1H-pyrido[3,4-b]indole-1-propanoic acid C15H16N2O4 - C5H8 -> C10H8N2O4"
1993,200.0796,13.59,5.04,"Artifact","C8H12N2O4",0.53,"L-gamma-Glutamyl-L-alanine C8H14N2O5 - H2O1 -> C8H12N2O4"
1994,200.0796,11.3,4.44,"Artifact","C8H12N2O4",0.53,"N-Acetyl-L-glutamate 5-semialdehyde C7H11N1O4 + C1H1N1 -> C8H12N2O4"
1995,288.1069,14.02,5.04,"Artifact","C10H16N4O6",0.29,"Peak 2478 C10H17N3O7 - C1H2O1 -> C9H15N3O6 + C1H1N1 -> C10H16N4O6"
1996,288.1046,14.68,4.03,"Artifact","C8H17N4Na1O6",-0.07,"Peak 677 C8H17N3O3 + N1Na1O3 -> C8H17N4Na1O6"
1997,146.0495,13.39,5.18,"Artifact","Ring_artifact_C5H10N2O3",0.64,"glutamine C5H10N2O3 + Ring_artifact -> Ring_artifact_C5H10N2O3"
1998,362.0814,13.33,5.03,"Artifact","C9H22N2O9S1Si1",0.35,"Peak 2968 C9H20N2O6S1 + H2O3Si1 -> C9H22N2O9S1Si1"
1999,269.867,13.85,5.02,"Artifact","H4K2O8S1Si1",0.1,"KOH H1K1O1 + H1K1O4S1 + H2O3Si1 -> H4K2O8S1Si1"
2000,251.0655,13.4,4.97,"Artifact","[13]C1C7H14N2O5S1",0.79,"Gamma-Glutamylcysteine C8H14N2O5S1 + [13]C1C-1 -> [13]C1C7H14N2O5S1"
2001,144.133,2.82,5.29,"Artifact","Ring_artifact_C8H16O2",0.64,"Caprylic acid C8H16O2 + Ring_artifact -> Ring_artifact_C8H16O2"
2002,184.0175,2.09,5.02,"Unknown","Unknown",0.52,"Unknown"
2003,245.03,13.77,4.99,"Artifact","C5H12N1O8P1",0.22,"D-phospho-L-serine C3H8N1O6P1 + C2H4O2 -> C5H12N1O8P1"
2004,292.1676,2.36,4.77,"Putative metabolite","C17H24O4",-0.48,"alpha-Isomethyl-ionone C14H22O1 + C2H2O1 -> C16H24O2 + C1O2 -> C17H24O4"
2005,358.0423,13.5,4.97,"Artifact","C11H16N4Ni1O6",0.08,"Peak 855 C10H14N4O5 + C1H4O1 -> C11H18N4O6 + H-2Ni1 -> C11H16N4Ni1O6"
2006,743.0755,14.17,5.04,"Metabolite","C21H28N7O17P3",-0.06,"NADP C21H28N7O17P3"
2007,266.0515,7.59,4.28,"Artifact","C9H11N2Na1O6",-0.07,"uridine C9H12N2O6 + H-1Na1 -> C9H11N2Na1O6"
2008,227.0145,3.07,4.87,"Unknown","Unknown",0.44,"Unknown"
2009,172.0824,16.24,5.09,"Artifact","C5H13N2Na1O3",-0.08,"ornithine C5H12N2O2 + H1Na1O1 -> C5H13N2Na1O3"
2010,184.0134,4.94,5.19,"Artifact","C5Cl1H9O5",2.45,"L-2-Hydroxyglutaric acid C5H8O5 + Cl1H1 -> C5Cl1H9O5"
2011,170.0383,13.5,4.99,"Artifact","[13]C1C4H8N1Na1O4",0.92,"glutamate C5H9N1O4 + [13]C1C-1 -> [13]C1C4H9N1O4 + H-1Na1 -> [13]C1C4H8N1Na1O4"
2012,173.0324,11.37,4.31,"Artifact","Ring_artifact_C7H11N1O4",0.55,"N-Acetyl-L-glutamate 5-semialdehyde C7H11N1O4 + Ring_artifact -> Ring_artifact_C7H11N1O4"
2013,263.152,2.68,5.03,"Putative metabolite","C15H21N1O3",0.55,"phenylalanine C9H11N1O2 + C1H2O1 -> C10H13N1O3 + C5H8 -> C15H21N1O3"
2014,263.152,4.13,4.65,"Putative metabolite","C15H21N1O3",0.55,"phenylalanine C9H11N1O2 + C1H2O1 -> C10H13N1O3 + C5H8 -> C15H21N1O3"
2015,263.1521,2.17,4.05,"Putative metabolite","C15H21N1O3",0.17,"phenylalanine C9H11N1O2 + C1H2O1 -> C10H13N1O3 + C5H8 -> C15H21N1O3"
2016,651.1113,14.19,5.06,"Artifact","[13]C1C19H31K1N6O12S2",-0.16,"glutathione disulfide C20H32N6O12S2 + [13]C1C-1 -> [13]C1C19H32N6O12S2 + H-1K1 -> [13]C1C19H31K1N6O12S2"
2017,102.941,13,4.97,"Unknown","Unknown",0.87,"Unknown"
2018,102.941,13.39,5.01,"Unknown","Unknown",0.87,"Unknown"
2019,549.9059,13.89,5.01,"Artifact","C8H19K3O16P2",0.1,"CH3COOK C2H3K1O2 + C2H4O2 + C2H3K1O2 -> C6H10K2O6 + C2H3K1O2 -> C8H13K3O8 + H6O8P2 -> C8H19K3O16P2"
2020,389.919,13.9,4.97,"Artifact","C6H13K3O10Si1",-0.21,"H4SiO4 H4O4Si1 + C2H3K1O2 + C2H3K1O2 -> C4H10K2O8Si1 + C2H3K1O2 -> C6H13K3O10Si1"
2021,472.1584,13.61,5.01,"Artifact","C13H34N2O12P2",0.63,"Peak 115 C7H18N1O6P1 + Peak 3144 -> C13H34N2O12P2"
2022,248.9822,13.49,4.98,"Artifact","[18]O1C5Cr1H9N1O6",1.83,"glutamate C5H9N1O4 + Cr1O3 -> C5Cr1H9N1O7 + [18]O1O-1 -> [18]O1C5Cr1H9N1O6"
2023,185.0089,13.78,5.02,"Metabolite","C3H8N1O6P1",0.13,"D-phospho-L-serine C3H8N1O6P1"
2024,326.6752,2.06,4.93,"Unknown","Unknown",0.33,"Unknown"
2025,489.1692,13.49,5.03,"Artifact","C17H31N1O15",0.35,"Peak 244 C11H22O10 + Peak 580 -> C17H31N1O15"
2026,187.0843,13.02,5.11,"Putative metabolite","C8H13N1O4",0.84,"N-Acetyl-L-glutamate 5-semialdehyde C7H11N1O4 + C1H2 -> C8H13N1O4"
2027,170.1054,4.2,5.02,"Putative metabolite","C8H14N2O2",0.75,"Gamma-Glutamylcysteine C8H14N2O5S1 - O3S1 -> C8H14N2O2"
2028,487.8186,13.88,4.92,"Artifact","C4H13K4O11P1S2",-0.17,"Peak 66 C2H9O4P1S1 + Peak 621 -> C5H13K4O13P1S2 - C1O2 -> C4H13K4O11P1S2"
2029,290.0403,14.09,5.07,"Metabolite","C7H15O10P1",-0.06,"D-Sedoheptulose 7-phosphate C7H15O10P1"
2030,184.0831,11.82,5.08,"Artifact","[18]O1C6H14O5",1,"D-glucitol C6H14O6 + [18]O1O-1 -> [18]O1C6H14O5"
2031,184.0833,11.35,4.86,"Artifact","[18]O1C6H14O5",-0.09,"D-glucitol C6H14O6 + [18]O1O-1 -> [18]O1C6H14O5"
2032,474.5987,13.83,4.75,"Unknown","Unknown",0.25,"Unknown"
2033,148.0938,13.38,5.19,"Artifact","Ring_artifact_[13]C1C4H9N1O4",0.63,"glutamate C5H9N1O4 + [13]C1C-1 -> [13]C1C4H9N1O4 + Ring_artifact -> Ring_artifact_[13]C1C4H9N1O4"
2034,148.0938,13.97,5.13,"Unknown","Unknown",0.63,"Unknown"
2035,234.0527,13.01,4.97,"Artifact","C12H10O5",0.53,"Menadione C11H8O2 + C1H2O3 -> C12H10O5"
2036,136.0578,7.61,5.05,"Artifact","Ring_artifact_C5H4N4O1",0.68,"hypoxanthine C5H4N4O1 + Ring_artifact -> Ring_artifact_C5H4N4O1"
2037,136.0578,4.99,4.92,"Artifact","[13]C1C4H5N5",0.37,"Adenine C5H5N5 + [13]C1C-1 -> [13]C1C4H5N5"
2038,136.0578,14.98,4.57,"Artifact","[13]C1C4H5N5",0.37,"Adenine C5H5N5 + [13]C1C-1 -> [13]C1C4H5N5"
2039,495.8415,13.91,4.95,"Artifact","[41]K1C8H11K4O12",0.41,"KHCO3 C1H1K1O3 + C2H3K1O2 + C2H3K1O2 -> C5H7K3O7 + Peak 1704 -> C8H11K5O12 + [41]K1K-1 -> [41]K1C8H11K4O12"
2040,371.0497,13.8,4.97,"Artifact","C8H19K1N3O9P1",-0.28,"Peak 336 C6H16N3O7P1 + C2H3K1O2 -> C8H19K1N3O9P1"
2041,585.3647,3.07,5,"Artifact","C27H56N1O10P1",-0.88,"Peak 2965 C25H50N1O7P1 + C1H2O2 -> C26H52N1O9P1 + C1H4O1 -> C27H56N1O10P1"
2042,487.0502,13.51,4.95,"Putative metabolite","C12H19N5O12P2",0.71,"dGDP C10H15N5O10P2 + H2O1 -> C10H17N5O11P2 + C2H2O1 -> C12H19N5O12P2"
2043,186.0388,13,4.91,"Artifact","[13]C1C2H11N1O6Si1",0.64,"alanine C3H7N1O2 + [13]C1C-1 -> [13]C1C2H7N1O2 + H4O4Si1 -> [13]C1C2H11N1O6Si1"
2044,567.7665,13.88,4.97,"Artifact","C7H10K6O13S1",-0.08,"CH3COOK C2H3K1O2 + C2H4O2 + Peak 738 -> C7H10K6O13S1"
2045,261.1323,14.14,5.01,"Putative metabolite","C10H19N3O5",0.55,"L-gamma-Glutamyl-L-alanine C8H14N2O5 + C2H2O1 -> C10H16N2O6 + H3N1O-1 -> C10H19N3O5"
2046,261.1324,14.82,3.9,"Putative metabolite","C10H19N3O5",0.27,"L-gamma-Glutamyl-L-alanine C8H14N2O5 + C2H2O1 -> C10H16N2O6 + H3N1O-1 -> C10H19N3O5"
2047,502.1119,13.87,5,"Artifact","[41]K1C16H29O15",1.14,"Lactose C12H22O11 + C2H4O2 -> C14H26O13 + C2H3K1O2 -> C16H29K1O15 + [41]K1K-1 -> [41]K1C16H29O15"
2048,302.1702,14.43,4.98,"Artifact","C11H22N6O4",0.18,"Peak 2678 C9H19N5O4 + C2H3N1 -> C11H22N6O4"
2049,200.0449,9.47,5.05,"Putative metabolite","C5H13O6P1",0.37,"Glycerylphosphorylethanolamine C5H14N1O6P1 - H1N1 -> C5H13O6P1"
2050,239.0946,13.64,5.06,"Artifact","[13]C1C5H14N4O6",0.37,"citrulline C6H13N3O3 + [13]C1C-1 -> [13]C1C5H13N3O3 + H1N1O3 -> [13]C1C5H14N4O6"
2051,226.1065,12.62,5.06,"Metabolite","C9H14N4O3",0.4,"(6R)-6-(l-erythro-1,2-dihydroxypropyl)-5,6,7,8-tetrahydro-4a-hydroxypterin C9H14N4O3"
2052,226.1065,11.86,4.84,"Metabolite","C9H14N4O3",0.4,"(6R)-6-(l-erythro-1,2-dihydroxypropyl)-5,6,7,8-tetrahydro-4a-hydroxypterin C9H14N4O3"
2053,235.9044,13.86,4.94,"Artifact","[18]O1C2H4K2O5S1",0.5,"KHSO4 H1K1O4S1 + C2H3K1O2 + [18]O1O-1 -> [18]O1C2H4K2O5S1"
2054,125.0298,4.05,5.07,"Artifact","C6H7N1S1",0.96,"anthranilate C7H7N1O2 + S1 - C1O2 -> C6H7N1S1"
2055,125.0298,2.83,4.46,"Putative metabolite","C6H7N1S1",0.96,"4-Nitrophenol C6H5N1O3 + H2S1 -> C6H7N1O3S1 + S1 -> C6H7N1O3S2 - O3S1 -> C6H7N1S1"
2056,125.0298,6.84,4.04,"Putative metabolite","C6H7N1S1",0.96,"4-Nitrophenol C6H5N1O3 + H2S1 -> C6H7N1O3S1 + S1 -> C6H7N1O3S2 - O3S1 -> C6H7N1S1"
2057,393.0245,13.92,4.96,"Artifact","C10H16K1N3O9S1",-0.17,"Peak 1291 C10H17N3O9S1 + H-1K1 -> C10H16K1N3O9S1"
2058,89.21337,13,4.97,"Unknown","Unknown",1.21,"Unknown"
2059,184.9939,13.4,5.04,"Artifact","[53]Cr1C4H8N2O3",1.31,"glutamine C5H10N2O3 + Cr1O3 -> C5Cr1H10N2O6 - C1O2 -> C4Cr1H10N2O4 - H2O1 -> C4Cr1H8N2O3 + [53]Cr1Cr-1 -> [53]Cr1C4H8N2O3"
2060,307.0212,3.09,4.8,"Unknown","Unknown",0.35,"Unknown"
2061,197.0242,7.15,4.94,"Artifact","C9Cl1H8N1O2",0.79,"Indole-2-carboxylic acid C9H7N1O2 + Cl1H1 -> C9Cl1H8N1O2"
2062,186.035,2.36,5.03,"Putative metabolite","C8H10O3S1",0.35,"3-Hydroxyphenylacetic acid C8H8O3 + H2S1 -> C8H10O3S1"
2063,140.0085,13.3,4.96,"Artifact","C4H5Na1O4",0.38,"Succinic acid C4H6O4 + H-1Na1 -> C4H5Na1O4"
2064,417.3173,2.65,4.98,"Artifact","[13]C1C22H44O6",-0.37,"Peak 930 C23H44O6 + [13]C1C-1 -> [13]C1C22H44O6"
2065,194.0609,7.21,5.05,"Unknown","Unknown",0.5,"Unknown"
2066,129.079,11.66,5.01,"Metabolite","C6H11N1O2",-0.17,"DL-Pipecolic acid C6H11N1O2"
2067,252.1726,2.58,5.02,"Artifact","C15H24O3",-0.22,"alpha-Isomethyl-ionone C14H22O1 + C1H2O2 -> C15H24O3"
2068,324.0906,13.67,5.03,"Artifact","[34]S1C10H18N4O6",-0.3,"Peak 230 C10H18N4O6S1 + [34]S1S-1 -> [34]S1C10H18N4O6"
2069,324.0877,12.97,4.35,"Artifact","C11H20O9Si1",-0.13,"3-Methyladipic acid C7H12O4 + C1O2 + C3H8O3Si1 -> C11H20O9Si1"
2070,168.0728,13.6,4.73,"Unknown","Unknown",0.56,"Unknown"
2071,389.1563,13.56,4.99,"Artifact","C12H28N3O9P1",0.04,"Peak 1816 C11H27N2O9P1 + C1H1N1 -> C12H28N3O9P1"
2072,113.0194,14.2,5.07,"Artifact","[13]C1C4H4O3",-0.01,"3-Furoic acid C5H4O3 + [13]C1C-1 -> [13]C1C4H4O3"
2073,306.0254,9.62,5.04,"Putative metabolite","C7H14O11S1",0.92,"D-glucitol C6H14O6 + C1O2 -> C7H14O8 + O3S1 -> C7H14O11S1"
2074,442.3811,2.31,5,"Metabolite","C30H50O2",-0.04,"Obtusifoliol C30H50O2"
2075,261.202,4.21,4.81,"Artifact","[13]C1C13H28O4",0.44,"Peak 612 C14H28O4 + [13]C1C-1 -> [13]C1C13H28O4"
2076,307.5757,14.19,4.95,"Artifact","[13]C0.5[34]S0.5C9.5H16N3O6S0.5",-0.47,"glutathione disulfide C20H32N6O12S2 / 2 -> C10H16N3O6S1 + [13]C0.5C-0.5 -> [13]C0.5C9.5H16N3O6S1 + [34]S0.5S-0.5 -> [13]C0.5[34]S0.5C9.5H16N3O6S0.5"
2077,484.1403,14.83,5.05,"Artifact","C16H29Na1O15",0.24,"Trehalose C12H22O11 + C2H4O2 -> C14H26O13 + C2H3Na1O2 -> C16H29Na1O15"
2078,345.0396,13.91,4.94,"Putative metabolite","C8H16N3O8P1S1",-0.08,"2-formamido-N(1)-(5-phospho-D-ribosyl)acetamidine C8H16N3O8P1 + S1 -> C8H16N3O8P1S1"
2079,518.215,13.89,4.75,"Unknown","Unknown",0.24,"Unknown"
2080,444.3239,4.23,4.87,"Putative metabolite","C28H44O4",0.13,"4-Hydroxybenzoic acid C7H6O3 + C5H8 -> C12H14O3 + C16H30O1 -> C28H44O4"
2081,231.1663,7.09,5.02,"Artifact","[13]C1C10H22N2O3",0.42,"Peak 461 C11H22N2O3 + [13]C1C-1 -> [13]C1C10H22N2O3"
2082,144.0899,4.21,5.13,"Artifact","Ring_artifact_C8H16O2",0.64,"Caprylic acid C8H16O2 + Ring_artifact -> Ring_artifact_C8H16O2"
2083,144.0901,2.82,5.02,"Artifact","Ring_artifact_C8H16O2",0.64,"Caprylic acid C8H16O2 + Ring_artifact -> Ring_artifact_C8H16O2"
2084,144.0898,11.3,4.9,"Artifact","C6H12N2O2",0.54,"N-Acetylornithine C7H14N2O3 - C1H2O1 -> C6H12N2O2"
2085,141.0016,13.92,5.01,"Artifact","[41]K1C4H6N1O2",0.56,"CH3CN C2H3N1 + C2H3K1O2 + [41]K1K-1 -> [41]K1C4H6N1O2"
2086,248.0465,13.61,5.01,"Artifact","C8H12N2O5S1",0.77,"gamma-Aminobutyric acid C4H9N1O2 + Peak 1773 -> C8H12N2O5S1"
2087,154.0515,2.91,4.89,"Artifact","[18]O1C8H8O2",0.58,"3-Hydroxyphenylacetic acid C8H8O3 + [18]O1O-1 -> [18]O1C8H8O2"
2088,216.0512,13.02,4.94,"Artifact","C6H13K1N2O4",0.18,"alanine C3H7N1O2 * 2 -> C6H14N2O4 + H-1K1 -> C6H13K1N2O4"
2089,488.1683,13.01,5,"Unknown","Unknown",0.25,"Unknown"
2090,466.3117,2.04,5.06,"Unknown","Unknown",0.26,"Unknown"
2091,215.1885,3.02,5,"Artifact","C12H25N1O2",0.13,"Peak 2347 C13H25N1O4 - C1O2 -> C12H25N1O2"
2092,279.0694,12.24,5.05,"Artifact","C9H15N1Na2O6",0.27,"Diaminopimelic Acid C7H14N2O4 - H1N1 + H-1Na1 -> C7H12N1Na1O4 + C2H3Na1O2 -> C9H15N1Na2O6"
2093,185.0799,9.27,5.05,"Artifact","C7H11N3O3",0.61,"cytidine C9H13N3O5 - C1H2 - C1O2 -> C7H11N3O3"
2094,338.1302,4.23,4.81,"Unknown","Unknown",0.32,"Unknown"
2095,365.7687,13.85,4.75,"Artifact","H2K4O9S2",0.41,"KHSO4 H1K1O4S1 + H2O4S1 + H-2K2 -> H1K3O8S2 + H1K1O1 -> H2K4O9S2"
2096,464.2178,7.1,4.93,"Unknown","Unknown",0.26,"Unknown"
2097,313.101,11.29,4.96,"Artifact","C12H20N3O3P1Si1",0.49,"Peak 3817 C10H12N3O2P1 - C1O2 -> C9H12N3P1 + C3H8O3Si1 -> C12H20N3O3P1Si1"
2098,352.1961,13.65,5.03,"Artifact","C13H28N4O7",-0.85,"citrulline C6H13N3O3 + Peak 634 -> C13H28N4O7"
2099,378.0112,2.94,4.8,"Artifact","C8H18O11S1Si2",-0.97,"Peak 4010 C8H14O5S1 + H2O3Si1 -> C8H16O8S1Si1 + H2O3Si1 -> C8H18O11S1Si2"
2100,153.0788,13.01,4.91,"Metabolite","C8H11N1O2",1.17,"4-deoxypyridoxine C8H11N1O2"
2101,585.33,16.77,5,"Artifact","C18H43N13O9",1.14,"L-Arginine C6H14N4O2 + Peak 2331 -> C18H43N13O9"
2102,271.1782,4.23,5,"Artifact","C14H25N1O4",0.58,"Peak 327 C14H22O4 + H3N1 -> C14H25N1O4"
2103,271.1784,2.81,4.96,"Putative metabolite","C14H25N1O4",-0.15,"N-Acetyl-L-leucine C8H15N1O3 + C5H8 -> C13H23N1O3 + C1H2O1 -> C14H25N1O4"
2104,264.4825,14.23,5.03,"Unknown","Unknown",0.39,"Unknown"
2105,215.0197,7.13,5,"Artifact","[37]Cl1C6H12N1O3S1",-0.04,"N-Formyl-L-methionine C6H11N1O3S1 + Cl1H1 -> C6Cl1H12N1O3S1 + [37]Cl1Cl-1 -> [37]Cl1C6H12N1O3S1"
2106,144.3379,2.82,5,"Unknown","Unknown",0.64,"Unknown"
2107,133.0958,13.65,4.71,"Artifact","Ring_artifact_C4H7N1O4",0.69,"aspartate C4H7N1O4 + Ring_artifact -> Ring_artifact_C4H7N1O4"
2108,145.1732,2.82,5.02,"Artifact","Ring_artifact_[13]C1C7H16O2",0.64,"Caprylic acid C8H16O2 + [13]C1C-1 -> [13]C1C7H16O2 + Ring_artifact -> Ring_artifact_[13]C1C7H16O2"
2109,129.0887,13.49,5.03,"Artifact","Ring_artifact_C5H7N1O3",0.71,"glutamate C5H9N1O4 - H2O1 -> C5H7N1O3 + Ring_artifact -> Ring_artifact_C5H7N1O3"
2110,129.0886,11.15,4.71,"Artifact","Ring_artifact_C5H7N1O3",0.71,"Pyroglutamic acid C5H7N1O3 + Ring_artifact -> Ring_artifact_C5H7N1O3"
2111,454.4022,2.56,4.82,"Artifact","C28H54O4",0.02,"Palmitic acid C16H32O2 + Peak 363 -> C28H54O4"
2112,316.0759,13.49,4.99,"Artifact","C8H20N2O7S1Si1",0.47,"Peak 1894 C7H13N1O5S1 + C2H3N1 -> C9H16N2O5S1 + H4O4Si1 -> C9H20N2O9S1Si1 - C1O2 -> C8H20N2O7S1Si1"
2113,281.0429,14.35,4.98,"Artifact","C7H17K1N1O6P1",0.55,"Phosphorylcholine C5H14N1O4P1 + C2H3K1O2 -> C7H17K1N1O6P1"
2114,247.0043,13.01,4.79,"Artifact","C5H8N1Na3O6",0.69,"threonine C4H9N1O3 + C1H1Na1O3 -> C5H10N1Na1O6 + H-2Na2 -> C5H8N1Na3O6"
2115,313.7972,13.85,5.03,"Artifact","[34]S1[41]K1H1K2O8S1",-2.81,"KHSO4 H1K1O4S1 + H1K1O4S1 + H-1K1 -> H1K3O8S2 + [41]K1K-1 -> [41]K1H1K2O8S2 + [34]S1S-1 -> [34]S1[41]K1H1K2O8S1"
2116,459.3796,2.37,4.86,"Artifact","[13]C1C29H50O3",-0.54,"Peak 1300 C30H50O3 + [13]C1C-1 -> [13]C1C29H50O3"
2117,311.1706,15.02,5.01,"Putative metabolite","C12H21N7O3",-0.1,"7-methylguanosine C11H15N5O5 + C1H2 -> C12H17N5O5 + H3N1O-1 -> C12H20N6O4 - H-1N-1O1 -> C12H21N7O3"
2118,311.1707,14.59,4.95,"Putative metabolite","C12H21N7O3",-0.42,"7-methylguanosine C11H15N5O5 + C1H2 -> C12H17N5O5 + H3N1O-1 -> C12H20N6O4 - H-1N-1O1 -> C12H21N7O3"
2119,137.0354,7.67,5.03,"Artifact","[15]N1C5H4N3O1",1.06,"hypoxanthine C5H4N4O1 + [15]N1N-1 -> [15]N1C5H4N3O1"
2120,281.0494,7.59,5.05,"Artifact","[13]C1C8Cl1H13N2O6",0.6,"uridine C9H12N2O6 + Cl1H1 -> C9Cl1H13N2O6 + [13]C1C-1 -> [13]C1C8Cl1H13N2O6"
2121,257.0931,13.02,4.95,"Putative metabolite","C8H19N1O6S1",0.81,"Ethyl 3-hydroxy hexanoate C8H16O3 + O3S1 -> C8H16O6S1 + H3N1 -> C8H19N1O6S1"
2122,257.0928,2.34,4.74,"Artifact","Ring_artifact_[13]C1C15H32O2",0.4,"Palmitic acid C16H32O2 + [13]C1C-1 -> [13]C1C15H32O2 + Ring_artifact -> Ring_artifact_[13]C1C15H32O2"
2123,353.2332,7.86,5.03,"Putative metabolite","C16H36N1O5P1",-0.26,"PA(14:0/0:0) C17H35O7P1 + H1N1 -> C17H36N1O7P1 - C1O2 -> C16H36N1O5P1"
2124,101.9332,13.02,4.95,"Unknown","Unknown",0.87,"Unknown"
2125,169.085,7.79,4.99,"Metabolite","C7H11N3O2",0.75,"N(pros)-methyl-L-histidine C7H11N3O2"
2126,394.8906,13.91,4.94,"Artifact","[13]C1C6H10K4O9",0.16,"KHCO3 C1H1K1O3 + C2H3K1O2 + C2H3K1O2 -> C5H7K3O7 + C2H3K1O2 -> C7H10K4O9 + [13]C1C-1 -> [13]C1C6H10K4O9"
2127,219.0404,7.51,5.01,"Artifact","C10H7N2O4",0.83,"Peak 1991 C10H8N2O4 - H1 -> C10H7N2O4"
2128,345.2266,7.09,5.02,"Unknown","Unknown",0.32,"Unknown"
2129,525.3067,7.1,4.93,"Artifact","C24H48N1O9P1",-0.06,"Peak 3587 C21H43O7P1 + C2H3N1 -> C23H46N1O7P1 + C1H2O2 -> C24H48N1O9P1"
2130,139.0713,3.03,4.99,"Artifact","[13]C1C7H10O2",0.97,"1-(4-hydroxyphenyl)ethanol C8H10O2 + [13]C1C-1 -> [13]C1C7H10O2"
2131,201.9191,13.84,4.82,"Unknown","Unknown",0.48,"Unknown"
2132,313.0079,13.76,4.97,"Artifact","C7H13K2N3O6",-0.16,"citrulline C6H13N3O3 + H-1K1 -> C6H12K1N3O3 + C1H1K1O3 -> C7H13K2N3O6"
2133,173.8146,16.8,4.91,"Unknown","Unknown",0.55,"Unknown"
2134,117.0425,9.06,6.21,"Metabolite","C4H7N1O3",0.8,"N-Acetylglycine C4H7N1O3"
2135,198.0833,11.28,5.04,"Artifact","[13]C1C7H11N3O3",0.48,"Peak 418 C8H11N3O3 + [13]C1C-1 -> [13]C1C7H11N3O3"
2136,158.2542,13.87,4.97,"Unknown","Unknown",0.59,"Unknown"
2137,282.0214,13.4,4.94,"Unknown","Unknown",0.37,"Unknown"
2138,190.0589,13.78,4.97,"Putative metabolite","C6H10N2O5",0.38,"L-Glutamine C5H10N2O3 + C1O2 -> C6H10N2O5"
2139,143.1027,4.24,4.57,"Artifact","[13]C1C7H14O2",0.24,"Butyl 2-methyl-2-propenoate C8H14O2 + [13]C1C-1 -> [13]C1C7H14O2"
2140,143.1028,2.85,4.3,"Artifact","[13]C1C7H14O2",-0.46,"Butyl 2-methyl-2-propenoate C8H14O2 + [13]C1C-1 -> [13]C1C7H14O2"
2141,168.0665,6.18,5.05,"Unknown","Unknown",0.56,"Unknown"
2142,168.0672,4.21,4.77,"Artifact","[18]O1C9H10O2",0.24,"Phenylacetaldehyde C8H8O1 + C1H2O2 -> C9H10O3 + [18]O1O-1 -> [18]O1C9H10O2"
2143,291.126,14.18,5.01,"Artifact","[13]C1C9H18N4O6",-0.04,"Argininosuccinic acid C10H18N4O6 + [13]C1C-1 -> [13]C1C9H18N4O6"
2144,213.1225,12.2,4.95,"Artifact","C8H15N5O2",0.35,"Peak 4126 C7H14N4O2 + C1H1N1 -> C8H15N5O2"
2145,176.0683,7.09,5.35,"Metabolite","C7H12O5",0.99,"2-Isopropylmalic acid C7H12O5"
2146,358.1588,11.3,4.98,"Artifact","C12H26N2O10",-0.15,"Peak 1718 C12H23N1O10 + H3N1 -> C12H26N2O10"
2147,529.8286,13.88,4.82,"Unknown","Unknown",0.24,"Unknown"
2148,640.5644,2.65,4.83,"Artifact","C39H76O6",-0.33,"Peak 127 C17H32O2 + Peak 1052 -> C39H76O6"
2149,152.087,7.2,4.54,"Artifact","Ring_artifact_C5H12O5",0.61,"L-arabinitol C5H12O5 + Ring_artifact -> Ring_artifact_C5H12O5"
2150,174.8511,13.67,4.98,"Unknown","Unknown",0.54,"Unknown"
2151,76.03532,13.32,5.03,"Artifact","[13]C1C1H5N1O2",0.83,"glycine C2H5N1O2 + [13]C1C-1 -> [13]C1C1H5N1O2"
2152,85.0527,13.39,4.94,"Artifact","C4H7N1O1",0.75,"glutamine C5H10N2O3 - C1O2 - H3N1 -> C4H7N1O1"
2153,85.05271,7.17,4.41,"Artifact","C4H7N1O1",0.63,"N-Acetyl-L-leucine C8H15N1O3 - Library_MS2_fragment -> C4H7N1O1"
2154,85.0527,11.29,3.93,"Putative metabolite","C4H7N1O1",0.75,"gamma-Aminobutyric acid C4H9N1O2 - H2O1 -> C4H7N1O1"
2155,325.0902,14.36,5.01,"Artifact","C9H21N1Na1O8P1",0.15,"Phosphorylcholine C5H14N1O4P1 + C2H4O2 -> C7H18N1O6P1 + C2H3Na1O2 -> C9H21N1Na1O8P1"
2156,144.0534,9.46,5.02,"Putative metabolite","C5H8N2O3",0.64,"L-Glutamine C5H10N2O3 - H2 -> C5H8N2O3"
2157,260.062,12.23,5.03,"Artifact","C7H13N2Na1O7",0.17,"Diaminopimelic Acid C7H14N2O4 - H1N1 + N1Na1O3 -> C7H13N2Na1O7"
2158,510.2954,4.23,4.7,"Putative metabolite","C24H47O9P1",0.72,"PS(18:0/0:0) C24H48N1O9P1 - H1N1 -> C24H47O9P1"
2159,186.0293,7.41,5.01,"Putative metabolite","C4H11O6P1",0.13,"sn-glycerol-3-phosphate C3H9O6P1 + C1H2 -> C4H11O6P1"
2160,527.3219,7.1,4.92,"Artifact","C24H50N1O9P1",0.79,"PE(18:0/0:0) C23H48N1O7P1 + C1H2O2 -> C24H50N1O9P1"
2161,287.1733,2.67,4.94,"Artifact","C14H25N1O5",-0.09,"N-Acetyl-L-isoleucine C8H15N1O3 + C5H8 + C1H2O2 -> C14H25N1O5"
2162,817.583,4.39,5.02,"Unknown","Unknown",0.18,"Unknown"
2163,817.5832,3.08,4.83,"Unknown","Unknown",0.18,"Unknown"
2164,377.9135,13.93,4.94,"Artifact","C7H10K3Na1O9",-0.34,"KHCO3 C1H1K1O3 + C2H3K1O2 + C2H3K1O2 -> C5H7K3O7 + C2H3Na1O2 -> C7H10K3Na1O9"
2165,301.0563,13.91,5,"Metabolite","C8H16N1O9P1",-0.11,"N-acetyl-D-glucosamine 6-phosphate C8H16N1O9P1"
2166,218.0012,13.93,5.02,"Artifact","C5H11K1O5Si1",0.38,"C3H8SiO3 C3H8O3Si1 + C2H3K1O2"
2167,134.059,7.02,6.32,"Artifact","C6H6N4",1.84,"6-Dimethylaminopurine C7H9N5 + H-1N-1O1 - C1H2O1 -> C6H6N4"
2168,231.0417,12.15,3.75,"Unknown","Unknown",0.43,"Unknown"
2169,271.0836,13.64,4.97,"Artifact","C6H17N3O7Si1",-0.09,"citrulline C6H13N3O3 + H4O4Si1 -> C6H17N3O7Si1"
2170,286.2336,2.54,4.84,"Artifact","Ring_artifact_[13]C2C16H36O2",0.37,"Stearic acid C18H36O2 + [13]C1C-1 -> [13]C1C17H36O2 + [13]C1C-1 -> [13]C2C16H36O2 + Ring_artifact -> Ring_artifact_[13]C2C16H36O2"
2171,311.1217,11.25,5,"Putative metabolite","C11H21N1O9",-0.22,"N-Acetylneuraminic acid C11H19N1O9 + H2 -> C11H21N1O9"
2172,384.3604,2.27,4.74,"Putative metabolite","C24H48O3",-0.14,"Stearic acid C18H36O2 + C1H2 -> C19H38O2 + C5H8 -> C24H46O2 + H2O1 -> C24H48O3"
2173,208.0946,7.35,4.51,"Putative metabolite","C8H16O6",0.42,"3-hydroxy-2-isopropyl-4-methoxy-4-oxobutanoate C8H14O5 + H2O1 -> C8H16O6"
2174,339.322,2.39,5,"Artifact","[13]C1C21H42O2",-0.49,"Peak 775 C22H42O2 + [13]C1C-1 -> [13]C1C21H42O2"
2175,682.9937,13.78,4.87,"Artifact","C17H25K2N3O17P2",-0.54,"Uridine diphosphate-N-acetylglucosamine C17H27N3O17P2 + H-2K2 -> C17H25K2N3O17P2"
2176,283.2147,2.58,4.92,"Artifact","Ring_artifact_[13]C1C17H34O2",0.37,"Oleic acid C18H34O2 + [13]C1C-1 -> [13]C1C17H34O2 + Ring_artifact -> Ring_artifact_[13]C1C17H34O2"
2177,283.2147,2.32,4.92,"Artifact","Ring_artifact_[13]C1C17H34O2",0.37,"Oleic acid C18H34O2 + [13]C1C-1 -> [13]C1C17H34O2 + Ring_artifact -> Ring_artifact_[13]C1C17H34O2"
2178,274.1276,13,4.84,"Putative metabolite","C10H18N4O5",0.44,"2-(3-Carboxy-3-aminopropyl)-L-histidine C10H16N4O4 + H2O1 -> C10H18N4O5"
2179,131.0468,13.5,5.03,"Artifact","[18]O1C5H7N1O2",0.3,"glutamate C5H9N1O4 - H2O1 -> C5H7N1O3 + [18]O1O-1 -> [18]O1C5H7N1O2"
2180,131.0471,9.3,4.93,"Artifact","Ring_artifact_C6H13N1O2",0.7,"leucine C6H13N1O2 + Ring_artifact -> Ring_artifact_C6H13N1O2"
2181,131.0472,9.82,5.03,"Artifact","Ring_artifact_C6H13N1O2",0.7,"isoleucine C6H13N1O2 + Ring_artifact -> Ring_artifact_C6H13N1O2"
2182,253.4978,14.25,4.93,"Artifact","C5H8N2.5O6.5P1.5",0.29,"ATP C10H16N5O13P3 / 2 -> C5H8N2.5O6.5P1.5"
2183,232.9626,11.3,4.87,"Artifact","C4Cr1H7N1O7",0.68,"Aminoadipic acid C6H11N1O4 - C2H4 + Cr1O3 -> C4Cr1H7N1O7"
2184,411.7745,13.86,4.89,"Artifact","C1H4K4O11S2",-0.41,"KHSO4 H1K1O4S1 + H2O4S1 + H-2K2 -> H1K3O8S2 + H1K1O1 -> H2K4O9S2 + C1H2O2 -> C1H4K4O11S2"
2185,218.0415,7.67,5.02,"Artifact","C7H7N4Na1O3",0.39,"hypoxanthine C5H4N4O1 + C2H3Na1O2 -> C7H7N4Na1O3"
2186,258.0941,16.77,4.91,"Artifact","C7H15N4Na1O5",-0.33,"L-Arginine C6H14N4O2 + C1H1Na1O3 -> C7H15N4Na1O5"
2187,302.0725,13.55,4.93,"Artifact","C9H15N2Na1O8",0.36,"L-gamma-Glutamyl-L-alanine C8H14N2O5 + C1H1Na1O3 -> C9H15N2Na1O8"
2188,259.2227,2.75,4.76,"Artifact","[13]C1C14H30O3",0.58,"Myristic acid C14H28O2 + C1H2O1 + [13]C1C-1 -> [13]C1C14H30O3"
2189,339.9365,13.88,4.89,"Artifact","C7H11K3O8",0.04,"CH3COOK C2H3K1O2 + C2H4O2 + C2H3K1O2 -> C6H10K2O6 + C1H1K1O2 -> C7H11K3O8"
2190,409.2312,7.1,4.95,"Artifact","[13]C1C18H37O7P1",-0.38,"1-palmitoylglycerone 3-phosphate C19H37O7P1 + [13]C1C-1 -> [13]C1C18H37O7P1"
2191,265.0619,13,4.98,"Artifact","C8H15N1O7Si1",-0.46,"Peak 2026 C8H13N1O4 + H2O3Si1 -> C8H15N1O7Si1"
2192,452.1,2.56,4.85,"Putative metabolite","C18H20N4O8S1",0.41,"S-adenosyl-4-methylthio-2-oxobutanoic acid C15H19N5O6S1 + C2H4 -> C17H23N5O6S1 - H3N1O-1 -> C17H20N4O7S1 + C1O1 -> C18H20N4O8S1"
2193,450.1049,2.62,4.83,"Artifact","C16Ca1H26O12",0.26,"Butyl 2-methyl-2-propenoate C8H14O2 + C2Ca1H2O2 -> C10Ca1H16O4 + C2H4O2 -> C12Ca1H20O6 + Peak 240 -> C16Ca1H26O12"
2194,162.064,12.96,5,"Artifact","Ring_artifact_C6H10O5",0.58,"2-Hydroxyhexanedioic Acid C6H10O5 + Ring_artifact -> Ring_artifact_C6H10O5"
2195,162.064,12.1,4.77,"Putative metabolite","C5H10N2O4",0.35,"glutamate C5H9N1O4 + H1N1 -> C5H10N2O4"
2196,162.064,11.81,4.77,"Artifact","C5H10N2O4",0.35,"Dihydrouracil C4H6N2O2 + H2 + C1H2O2 -> C5H10N2O4"
2197,117.0143,13.55,4.89,"Artifact","[13]C1C3H4O4",0.11,"malate C4H6O5 - H2O1 -> C4H4O4 + [13]C1C-1 -> [13]C1C3H4O4"
2198,117.0142,13.02,4.79,"Unknown","Unknown",0.77,"Unknown"
2199,476.1542,13.39,4.89,"Artifact","C15Ca1H28N6O9",0.35,"glutamine C5H10N2O3 + Peak 3660 -> C15Ca1H28N6O9"
2200,89.06426,13.01,5.1,"Artifact","Ring_artifact_C3H7N1O2",1.21,"alanine C3H7N1O2 + Ring_artifact -> Ring_artifact_C3H7N1O2"
2201,256.021,14.03,4.99,"Artifact","Ring_artifact_C6H10K2O6",0.4,"CH3COOK C2H3K1O2 + C2H4O2 + C2H3K1O2 -> C6H10K2O6 + Ring_artifact -> Ring_artifact_C6H10K2O6"
2202,256.021,14.44,5.02,"Putative metabolite","C4H9N4O7P1",-0.45,"Cytidine C9H13N3O5 - C5H8 -> C4H5N3O5 + H3N1O-1 -> C4H8N4O4 + H1O3P1 -> C4H9N4O7P1"
2203,174.1366,18.66,4.1,"Putative metabolite","C8H18N2O2",1.31,"lysine C6H14N2O2 + C2H4 -> C8H18N2O2"
2204,427.7788,13.88,4.87,"Artifact","C3H5K5O10S1",0.18,"KHSO4 H1K1O4S1 + C2H3K1O2 + Peak 392 -> C4H5K5O12S1 - C1O2 -> C3H5K5O10S1"
2205,446.3243,2.57,4.81,"Putative metabolite","C24H46O7",0.12,"Stearic acid C18H36O2 + C6H10O5 -> C24H46O7"
2206,556.3571,7.1,4.98,"Artifact","[13]C1C25H54N1O9P1",-0.23,"Peak 972 C26H54N1O9P1 + [13]C1C-1 -> [13]C1C25H54N1O9P1"
2207,564.1865,13.55,4.96,"Artifact","C18H37N4O12P1S1",0.23,"glutathione C10H17N3O6S1 + Peak 1326 -> C18H37N4O12P1S1"
2208,564.1902,15.65,4.37,"Artifact","C20H36O18",-0.06,"Cellobiose C12H22O11 + C6H10O5 + C2H4O2 -> C20H36O18"
2209,564.1904,14.59,4.02,"Putative metabolite","C20H36O18",-0.42,"Trehalose C12H22O11 + C1H2O1 -> C13H24O12 + C1H2O1 -> C14H26O13 + C6H10O5 -> C20H36O18"
2210,270.0828,11.28,4.93,"Artifact","C9H15N2Na1O6",-0.07,"Peak 3989 C14H24N4O8 / 2 -> C7H12N2O4 + C2H3Na1O2 -> C9H15N2Na1O6"
2211,737.4844,3.08,4.95,"Putative metabolite","C37H72N1O11P1",-0.14,"PS(16:0/16:0) C38H74N1O10P1 + C1H2O1 -> C39H76N1O11P1 - C2H4 -> C37H72N1O11P1"
2212,737.4845,4.52,4.89,"Putative metabolite","C37H72N1O11P1",-0.27,"PS(16:0/16:0) C38H74N1O10P1 + C1H2O1 -> C39H76N1O11P1 - C2H4 -> C37H72N1O11P1"
2213,528.9775,14.29,4.88,"Artifact","C10H15N5Na1O13P3",0.36,"ATP C10H16N5O13P3 + H-1Na1 -> C10H15N5Na1O13P3"
2214,170.2005,2.7,4.93,"Artifact","Ring_artifact_C10H18O2",0.56,"3-Hexenyl butanoate C10H18O2 + Ring_artifact -> Ring_artifact_C10H18O2"
2215,235.5733,2.38,4.96,"Unknown","Unknown",0.43,"Unknown"
2216,331.0936,13.02,4.83,"Artifact","C10H21N1O9S1",0.31,"Peak 1070 C10H19N1O9S1 - C1H2O1 -> C9H17N1O8S1 + C1H4O1 -> C10H21N1O9S1"
2217,331.0953,7.63,4.98,"Artifact","[13]C1C9H14N6O7",1.31,"Adenosine C10H13N5O4 + H1N1O3 -> C10H14N6O7 + [13]C1C-1 -> [13]C1C9H14N6O7"
2218,146.0892,13.4,5.04,"Artifact","Ring_artifact_C5H10N2O3",0.64,"glutamine C5H10N2O3 + Ring_artifact -> Ring_artifact_C5H10N2O3"
2219,264.073,2.71,4.95,"Unknown","Unknown",0.39,"Unknown"
2220,157.0714,11.23,4.98,"Artifact","C5H12N1Na1O3",0.56,"DL-Valine C5H11N1O2 + H1Na1O1 -> C5H12N1Na1O3"
2221,497.1675,13.02,4.96,"Putative metabolite","C18H31N3O11S1",0.86,"cystathionine C7H14N2O4S1 - O1 -> C7H14N2O3S1 + C11H17N1O8 -> C18H31N3O11S1"
2222,543.2272,13,4.95,"Unknown","Unknown",0.23,"Unknown"
2223,612.5332,2.66,4.92,"Unknown","Unknown",0.22,"Unknown"
2224,649.8625,13.9,4.88,"Artifact","C9H20K4O19P2",-0.42,"CH3COOK C2H3K1O2 + C2H4O2 + Peak 817 -> C9H20K4O19P2"
2225,366.0586,13.55,4.99,"Artifact","C12H16N6Ni1O4",0.13,"Peak 5115 C12H18N6O4 + H-2Ni1 -> C12H16N6Ni1O4"
2226,401.1062,13.57,4.85,"Artifact","C11H25N1Na1O11P1",0.23,"Glycerophosphocholine C8H20N1O6P1 + C2H4O2 -> C10H24N1O8P1 + C1H1Na1O3 -> C11H25N1Na1O11P1"
2227,211.0512,11.96,4.97,"Putative metabolite","C6H13N1O5S1",1.15,"isoleucine C6H13N1O2 + O3S1 -> C6H13N1O5S1"
2228,268.9703,13.82,5.01,"Artifact","C4H9K1N1O8P1",-0.06,"D-phospho-L-serine C3H8N1O6P1 + C1H1K1O2 -> C4H9K1N1O8P1"
2229,373.1766,13.65,4.99,"Artifact","[13]C1C11H25N6Na1O6",0.22,"citrulline C6H13N3O3 + Peak 884 -> C12H25N6Na1O6 + [13]C1C-1 -> [13]C1C11H25N6Na1O6"
2230,370.6502,7.09,4.64,"Unknown","Unknown",0.3,"Unknown"
2231,351.2258,2.7,4.86,"Putative metabolite","C16H33N1O7",-0.28,"ethyl 3-hydroxybutanoate C6H12O3 + C6H10O5 -> C12H22O8 + H3N1 -> C12H25N1O8 - C1O1 -> C11H25N1O7 + C5H8 -> C16H33N1O7"
2232,147.0248,12.87,4.88,"Artifact","[13]C1C4H6O5",0.53,"Oxoglutaric acid C5H6O5 + [13]C1C-1 -> [13]C1C4H6O5"
2233,364.0615,14.09,4.98,"Artifact","[13]C1C9H14N5O8P1",-0.4,"GMP C10H14N5O8P1 + [13]C1C-1 -> [13]C1C9H14N5O8P1"
2234,377.2415,2.77,4.88,"Artifact","C18H35N1O7",-0.39,"Peak 3681 C17H33N1O4 + C1H2O3 -> C18H35N1O7"
2235,449.2026,2.79,4.91,"Unknown","Unknown",0.26,"Unknown"
2236,99.98112,14.23,5.05,"Artifact","[18]O1H3O3P1",0.21,"H3PO4 H3O4P1 + [18]O1O-1 -> [18]O1H3O3P1"
2237,531.7895,13.87,4.93,"Artifact","C6H9K5O14S1",0.63,"KHSO4 H1K1O4S1 + C2H3K1O2 + Peak 512 -> C6H9K5O14S1"
2238,366.3498,2.36,4.91,"Putative metabolite","C24H46O2",-0.05,"Stearic acid C18H36O2 + C1H2 -> C19H38O2 + C5H8 -> C24H46O2"
2239,233.1374,14.31,4.99,"Putative metabolite","C9H19N3O4",0.67,"citrulline C6H13N3O3 + C2H4 -> C8H17N3O3 + C1H2O1 -> C9H19N3O4"
2240,233.1374,14.61,4.99,"Putative metabolite","C9H19N3O4",0.67,"citrulline C6H13N3O3 + C2H4 -> C8H17N3O3 + C1H2O1 -> C9H19N3O4"
2241,271.1184,12.29,4.99,"Putative metabolite","C9H22N1O6P1",0.27,"Glycerophosphocholine C8H20N1O6P1 + C1H2 -> C9H22N1O6P1"
2242,193.0772,11.43,4.99,"Putative metabolite","C7H15N1O3S1",0.33,"N-Acetyl-L-methionine C7H13N1O3S1 + H2 -> C7H15N1O3S1"
2243,152.0143,7.19,4.98,"Artifact","Ring_artifact_C5H12O5",0.61,"L-arabinitol C5H12O5 + Ring_artifact -> Ring_artifact_C5H12O5"
2244,185.9928,14.08,4.92,"Metabolite","C3H7O7P1",0.75,"3-Phosphoglyceric acid C3H7O7P1"
2245,497.2753,3.07,4.97,"Metabolite","C22H44N1O9P1",0.14,"PS(16:0/0:0) C22H44N1O9P1"
2246,625.1767,14.19,4.85,"Unknown","Unknown",0.21,"Unknown"
2247,272.8459,13.85,4.83,"Artifact","[41]K0.5H2K1.5O8S2",-1.17,"KHSO4 H1K1O4S1 + H1K1O4S1 + [41]K0.5K-0.5 -> [41]K0.5H2K1.5O8S2"
2248,333.8814,13.87,4.92,"Artifact","[18]O1C4H7K3O7S1",0.39,"KHSO4 H1K1O4S1 + C2H3K1O2 + C2H3K1O2 -> C4H7K3O8S1 + [18]O1O-1 -> [18]O1C4H7K3O7S1"
2249,264.0844,12.24,4.84,"Putative metabolite","C10H16O8",0.44,"threonine C4H9N1O3 + C6H10O5 -> C10H19N1O8 - H3N1 -> C10H16O8"
2250,432.2656,2.97,4.89,"Putative metabolite","C21H40N2O5S1",0.45,"cystathionine C7H14N2O4S1 - C2H4 -> C5H10N2O4S1 + C16H30O1 -> C21H40N2O5S1"
2251,475.1928,13.59,4.95,"Artifact","C16H34N3O11P1",0.62,"Peak 34 C10H24N1O8P1 + Peak 351 -> C16H34N3O11P1"
2252,274.1641,14.61,5,"Artifact","C11H22N4O4",0.02,"Peak 2240 C9H19N3O4 + C2H3N1 -> C11H22N4O4"
2253,531.8081,13.88,4.88,"Artifact","[41]K1C7H11K4O13S1",1.11,"KHSO4 H1K1O4S1 + C2H3K1O2 + Peak 173 -> C7H11K5O13S1 + [41]K1K-1 -> [41]K1C7H11K4O13S1"
2254,200.1272,16.78,4.98,"Putative metabolite","C8H16N4O2",0.63,"N-Acetyl-L-arginine C8H16N4O3 - O1 -> C8H16N4O2"
2255,199.9382,13.85,4.81,"Artifact","[34]S1[41]K1C2H5O6",0.53,"KHSO4 H1K1O4S1 + C2H4O2 + [41]K1K-1 -> [41]K1C2H5O6S1 + [34]S1S-1 -> [34]S1[41]K1C2H5O6"
2256,208.946,2.07,4.95,"Unknown","Unknown",0.47,"Unknown"
2257,240.0416,7.14,4.97,"Artifact","C6H12N2O6S1",0.03,"N-Formyl-L-methionine C6H11N1O3S1 + H1N1O3 -> C6H12N2O6S1"
2258,273.8505,13.85,4.85,"Artifact","[18]O1H2K2O7S2",0.98,"KHSO4 H1K1O4S1 + H1K1O4S1 + [18]O1O-1 -> [18]O1H2K2O7S2"
2259,300.0096,13.84,4.96,"Unknown","Unknown",0.35,"Unknown"
2260,210.0891,3.7,4.88,"Putative metabolite","C11H14O4",0.52,"3-(4-hydroxyphenyl)lactic acid C9H10O4 + C2H4 -> C11H14O4"
2261,210.0882,16.78,4.73,"Putative metabolite","C5H15N4O3P1",-0.11,"citrulline C6H13N3O3 - C1O2 -> C5H13N3O1 + H1O3P1 -> C5H14N3O4P1 - H-1N-1O1 -> C5H15N4O3P1"
2262,310.8018,13.84,4.95,"Unknown","Unknown",0.34,"Unknown"
2263,484.0161,14.01,4.89,"Artifact","C11H19K1N4O11P2",0.34,"CDP-Ethanolamine C11H20N4O11P2 + H-1K1 -> C11H19K1N4O11P2"
2264,325.0393,13.93,4.96,"Artifact","[13]C1C8H13N2O9P1",-0.24,"UMP C9H13N2O9P1 + [13]C1C-1 -> [13]C1C8H13N2O9P1"
2265,189.0749,12.48,4.99,"Putative metabolite","C6H11N3O4",0.3,"N-Acetyl-L-asparagine C6H10N2O4 + H1N1 -> C6H11N3O4"
2266,189.0748,13.25,4.33,"Artifact","Ring_artifact_C7H11N1O5",0.51,"N-acetyl-L-glutamic acid C7H11N1O5 + Ring_artifact -> Ring_artifact_C7H11N1O5"
2267,200.0296,13.3,4.94,"Artifact","C6H9Na1O6",0.41,"Succinic acid C4H6O4 + C2H3Na1O2 -> C6H9Na1O6"
2268,456.3605,2.37,4.99,"Putative metabolite","C30H48O3",-0.34,"4beta-methylzymosterol-4alpha-carboxylic acid C29H46O3 + C1H2 -> C30H48O3"
2269,265.0095,13.07,4.92,"Artifact","C7H13N1Ni1O6",0.49,"alanine C3H7N1O2 + C2H4O2 -> C5H11N1O4 + C2H2Ni1O2 -> C7H13N1Ni1O6"
2270,522.3223,2.66,4.69,"Artifact","C25H50O9Si1",0.21,"Oleic acid C18H34O2 + C2H4O2 -> C20H38O4 + C3H8O3Si1 -> C23H46O7Si1 + C2H4O2 -> C25H50O9Si1"
2271,279.9058,13.87,4.86,"Artifact","C3H6K2O8S1",-0.17,"KHSO4 H1K1O4S1 + C2H4O2 + C1H1K1O2 -> C3H6K2O8S1"
2272,189.0767,11.3,4.83,"Artifact","[15]N1C7H12N1O4",0.22,"Peak 3989 C14H24N4O8 / 2 -> C7H12N2O4 + [15]N1N-1 -> [15]N1C7H12N1O4"
2273,161.0055,13.87,4.88,"Artifact","[13]C1[18]O1C3H7K1O3",1.5,"CH3COOK C2H3K1O2 + C2H4O2 + [13]C1C-1 -> [13]C1C3H7K1O4 + [18]O1O-1 -> [13]C1[18]O1C3H7K1O3"
2274,446.14,2.78,4.89,"Artifact","Ring_artifact_C17H30N6O6S1",0.27,"Peak 585 C16H26N6O6S1 - C1O2 -> C15H26N6O4S1 + C2H4O2 -> C17H30N6O6S1 + Ring_artifact -> Ring_artifact_C17H30N6O6S1"
2275,202.1317,8.5,4.98,"Putative metabolite","C9H18N2O3",0.21,"Acetyllysine C8H16N2O3 + C1H2 -> C9H18N2O3"
2276,202.1317,7.73,4.72,"Putative metabolite","C9H18N2O3",0.21,"Acetyllysine C8H16N2O3 + C1H2 -> C9H18N2O3"
2277,230.019,14,5.03,"Metabolite","C5H11O8P1",0.67,"ribose-phosphate C5H11O8P1"
2278,309.1061,11.93,4.27,"Metabolite","C11H19N1O9",-0.38,"N-Acetylneuraminic acid C11H19N1O9"
2279,309.1061,11.16,4.9,"Metabolite","C11H19N1O9",-0.38,"N-Acetylneuraminic acid C11H19N1O9"
2280,309.106,10.84,4.9,"Metabolite","C11H19N1O9",-0.06,"N-Acetylneuraminic acid C11H19N1O9"
2281,286.0776,13.33,4.88,"Artifact","C9H15N2Na1O7",0.33,"O-Succinyl-L-homoserine C8H13N1O6 + H1Na1O1 -> C8H14N1Na1O7 + C1H1N1 -> C9H15N2Na1O7"
2282,342.1094,13.01,4.87,"Artifact","C10H22N2O9Si1",0.17,"Peak 1113 C10H18N2O5 + H4O4Si1 -> C10H22N2O9Si1"
2283,177.9431,14.2,4.94,"Artifact","H4O7P2",0.7,"Pyrophosphate H4O7P2"
2284,177.9431,16.19,4.01,"Artifact","H4O7P2",0.7,"Pyrophosphate H4O7P2"
2285,246.0504,7.06,4.93,"Artifact","C6H15O8P1",0.22,"(R)-2,3-Dihydroxy-3-methylvalerate C6H12O4 + H3O4P1 -> C6H15O8P1"
2286,157.9776,13.91,5.23,"Artifact","Ring_artifact_C4H7K1O4",0.59,"CH3COOK C2H3K1O2 + C2H4O2 + Ring_artifact -> Ring_artifact_C4H7K1O4"
2287,133.0197,7.96,4.98,"Putative metabolite","C4H7N1O2S1",0.37,"thiazolidine C3H7N1S1 + C1O2 -> C4H7N1O2S1"
2288,593.7998,13.9,4.7,"Artifact","C9H12K6O15",0.1,"CH3COOK C2H3K1O2 + C2H4O2 + Peak 1900 -> C9H12K6O15"
2289,145.1102,8.72,5,"Metabolite","C7H15N1O2",0.54,"Acetylcholine C7H15N1O2"
2290,228.0486,3.07,4.79,"Unknown","Unknown",0.44,"Unknown"
2291,134.9308,13.02,4.87,"Artifact","[53]Cr1H2O5",0.54,"Hydrogen peroxide H2O2 + Cr1O3 + [53]Cr1Cr-1 -> [53]Cr1H2O5"
2292,134.9308,13.38,4.93,"Artifact","[53]Cr1H2O5",0.54,"Hydrogen peroxide H2O2 + Cr1O3 + [53]Cr1Cr-1 -> [53]Cr1H2O5"
2293,282.9794,14.36,4.74,"Unknown","Unknown",0.37,"Unknown"
2294,283.0643,13.03,4.8,"Artifact","C8H15N1Na2O7",0.32,"threonine C4H9N1O3 + C2H3Na1O2 -> C6H12N1Na1O5 + C2H3Na1O2 -> C8H15N1Na2O7"
2295,132.2493,13.66,4.8,"Unknown","Unknown",0.69,"Unknown"
2296,180.0425,11.86,4.98,"Metabolite","C9H8O4",-1.34,"4-Hydroxyphenylpyruvic acid C9H8O4"
2297,104.0603,13.5,4.92,"Artifact","[15]N1C4H9O2",0.61,"glutamate C5H9N1O4 - C1O2 -> C4H9N1O2 + [15]N1N-1 -> [15]N1C4H9O2"
2298,104.0604,12.19,4.35,"Artifact","[15]N1C4H9O2",-0.35,"b-Aminoisobutyric acid C4H9N1O2 + [15]N1N-1 -> [15]N1C4H9O2"
2299,689.5003,4.25,4.75,"Metabolite","C37H72N1O8P1",-1.08,"PE(16:0/16:1(9Z)) C37H72N1O8P1"
2300,689.5005,3.05,4.62,"Metabolite","C37H72N1O8P1",-1.37,"PE(16:0/16:1(9Z)) C37H72N1O8P1"
2301,178.0669,13.42,4.93,"Artifact","[13]C1C5H11N1O5",1,"Oxoadipic acid C6H8O5 + H3N1 -> C6H11N1O5 + [13]C1C-1 -> [13]C1C5H11N1O5"
2302,177.0957,13.65,4.94,"Artifact","[13]C1[15]N1C5H13N2O3",2.15,"citrulline C6H13N3O3 + [13]C1C-1 -> [13]C1C5H13N3O3 + [15]N1N-1 -> [13]C1[15]N1C5H13N2O3"
2303,790.5554,4.41,4.91,"Unknown","Unknown",0.19,"Unknown"
2304,790.5556,3.08,4.82,"Unknown","Unknown",0.19,"Unknown"
2305,331.2723,2.86,4.92,"Putative metabolite","C18H37N1O4",-0.12,"Heptadecanoic acid C17H34O2 + C1O2 -> C18H34O4 + H3N1 -> C18H37N1O4"
2306,363.2622,2.64,4.85,"Artifact","C18H37N1O6",-0.31,"Stearic acid C18H36O2 + O1 + H1N1O3 -> C18H37N1O6"
2307,627.7881,13.87,4.93,"Artifact","C9H14K6O15S1",-0.83,"CH3COOK C2H3K1O2 + C2H4O2 + Peak 854 -> C9H14K6O15S1"
2308,259.0905,11.2,4.99,"Unknown","Unknown",0.4,"Unknown"
2309,281.8945,13.9,4.89,"Artifact","C4H5K3O7",0.53,"KHCO3 C1H1K1O3 + C2H3K1O2 + C1H1K1O2 -> C4H5K3O7"
2310,344.1307,13.6,4.92,"Artifact","C11H21N4Na1O7",0.27,"Peak 831 C11H22N4O7 + H-1Na1 -> C11H21N4Na1O7"
2311,148.0692,13.39,4.92,"Artifact","Ring_artifact_[13]C1C4H9N1O4",0.63,"glutamate C5H9N1O4 + [13]C1C-1 -> [13]C1C4H9N1O4 + Ring_artifact -> Ring_artifact_[13]C1C4H9N1O4"
2312,105.0676,13.49,4.88,"Artifact","Ring_artifact_C3H7N1O3",0.85,"serine C3H7N1O3 + Ring_artifact -> Ring_artifact_C3H7N1O3"
2313,105.0676,12.18,4.21,"Artifact","[18]O1C4H9N1O1",-0.24,"b-Aminoisobutyric acid C4H9N1O2 + [18]O1O-1 -> [18]O1C4H9N1O1"
2314,144.134,4.2,5.26,"Artifact","Ring_artifact_C8H16O2",0.64,"Caprylic acid C8H16O2 + Ring_artifact -> Ring_artifact_C8H16O2"
2315,177.0168,13.01,4.89,"Artifact","C4Cl1H9N1Na1O3",0.37,"threonine C4H9N1O3 + H-1Na1 -> C4H8N1Na1O3 + Cl1H1 -> C4Cl1H9N1Na1O3"
2316,317.2929,4.97,4.96,"Metabolite","C18H39N1O3",0.3,"Phytosphingosine C18H39N1O3"
2317,317.2929,3.07,4.82,"Metabolite","C18H39N1O3",0.3,"Phytosphingosine C18H39N1O3"
2318,303.1542,14.09,4.91,"Putative metabolite","C11H21N5O5",0.23,"2-(3-Carboxy-3-aminopropyl)-L-histidine C10H16N4O4 + C1H2O1 -> C11H18N4O5 + H3N1 -> C11H21N5O5"
2319,303.1543,13.67,4.89,"Artifact","C11H21N5O5",-0.1,"Peak 1635 C11H23N5O6 - H2O1 -> C11H21N5O5"
2320,303.1543,13.18,4.63,"Artifact","C11H21N5O5",-0.1,"Peak 3227 C11H18N4O5 + H3N1 -> C11H21N5O5"
2321,543.0168,13.79,4.84,"Artifact","C10H20N5O15P3",0.14,"dGMP C10H14N5O7P1 + H6O8P2 -> C10H20N5O15P3"
2322,221.9518,14.41,4.97,"Artifact","C3H5K1Na2O6",0.27,"KHCO3 C1H1K1O3 + C2H3Na1O2 + H1Na1O1 -> C3H5K1Na2O6"
2323,221.186,2.58,4.68,"Artifact","[13]C1C14H24O1",0.32,"Peak 2821 C16H26O2 - C1H2O1 -> C15H24O1 + [13]C1C-1 -> [13]C1C14H24O1"
2324,232.9507,2.63,4.79,"Artifact","H1N3Na2O9",0.51,"NaNO3 N1Na1O3 + H1N1O3 + N1Na1O3 -> H1N3Na2O9"
2325,163.0156,12.99,4.87,"Unknown","Unknown",0.58,"Unknown"
2326,288.1129,2.21,4.94,"Unknown","Unknown",0.36,"Unknown"
2327,250.1204,2.82,4.69,"Metabolite","C14H18O4",0.44,"Ubiquinone Q1 C14H18O4"
2328,319.1654,2.07,4.87,"Unknown","Unknown",0.34,"Unknown"
2329,134.0964,13.64,4.88,"Artifact","Ring_artifact_C4H6O5",0.68,"malate C4H6O5 + Ring_artifact -> Ring_artifact_C4H6O5"
2330,161.0839,2.87,4.93,"Metabolite","C10H11N1O1",1.02,"Indole-3-ethanol C10H11N1O1"
2331,411.219,16.77,4.92,"Artifact","C12H29N9O7",-0.01,"L-Arginine C6H14N4O2 + Peak 1229 -> C12H29N9O7"
2332,408.3028,2.55,4.75,"Unknown","Unknown",0.28,"Unknown"
2333,757.0317,13.93,4.84,"Artifact","C21H27K2N7O15P2",-0.33,"NAD C21H27N7O14P2 + H-1K1 -> C21H26K1N7O14P2 + H1K1O1 -> C21H27K2N7O15P2"
2334,426.138,13.55,4.93,"Artifact","C13H28N2Na1O10P1",-0.17,"Peak 263 C13H29N2O10P1 + H-1Na1 -> C13H28N2Na1O10P1"
2335,277.5651,14.19,4.91,"Unknown","Unknown",0.37,"Unknown"
2336,373.8101,13.87,4.88,"Artifact","[41]K1C3H4K3O9S1",1.2,"KHSO4 H1K1O4S1 + C2H3K1O2 + [41]K1K-1 -> [41]K1C2H4K1O6S1 + C1H1K1O3 -> [41]K1C3H5K2O9S1 + H-1K1 -> [41]K1C3H4K3O9S1"
2337,174.1338,16.77,5.11,"Artifact","Ring_artifact_C6H14N4O2",0.55,"L-Arginine C6H14N4O2 + Ring_artifact -> Ring_artifact_C6H14N4O2"
2338,435.8204,13.92,4.63,"Artifact","[41]K1C6H7K4O10",0.4,"KHCO3 C1H1K1O3 + C2H4O2 + H-2K2 -> C3H3K3O5 + Peak 1704 -> C6H7K5O10 + [41]K1K-1 -> [41]K1C6H7K4O10"
2339,221.016,7.67,4.92,"Artifact","C5H4N5Na1O4",0.44,"hypoxanthine C5H4N4O1 + N1Na1O3 -> C5H4N5Na1O4"
2340,427.1545,7.1,4.88,"Unknown","Unknown",0.27,"Unknown"
2341,577.0199,13.86,4.76,"Artifact","[13]C1C13H26K2O17S1",-0.11,"Lactose C12H22O11 + [13]C1C-1 -> [13]C1C11H22O11 + C2H3K1O2 -> [13]C1C13H25K1O13 + H1K1O4S1 -> [13]C1C13H26K2O17S1"
2342,307.0613,2.25,4.82,"Unknown","Unknown",0.35,"Unknown"
2343,233.1011,12.22,5,"Putative metabolite","C8H15N3O5",0.3,"L-gamma-Glutamyl-L-alanine C8H14N2O5 + H1N1 -> C8H15N3O5"
2344,233.1011,12.73,4.43,"Artifact","C8H15N3O5",0.3,"Glycyl-L-proline C7H12N2O3 - H-1N-1O1 + C1H2O3 -> C8H15N3O5"
2345,234.0037,13.84,4.94,"Artifact","Ring_artifact_H3K1O8S2",0.43,"KHSO4 H1K1O4S1 + H2O4S1 + Ring_artifact -> Ring_artifact_H3K1O8S2"
2346,259.1782,7.1,4.93,"Artifact","C13H25N1O4",0.61,"Pimelylcarnitine C14H25N1O6 - C1O2 -> C13H25N1O4"
2347,259.1782,3.01,4.27,"Putative metabolite","C13H25N1O4",0.61,"Pimelylcarnitine C14H25N1O6 - C1O2 -> C13H25N1O4"
2348,259.1782,8.02,3.97,"Putative metabolite","C13H25N1O4",0.61,"Pimelylcarnitine C14H25N1O6 - C1O2 -> C13H25N1O4"
2349,409.7586,13.87,4.78,"Artifact","C1H2K4O11S2",0.2,"KHSO4 H1K1O4S1 + H2O4S1 + H-2K2 -> H1K3O8S2 + C1H1K1O3 -> C1H2K4O11S2"
2350,363.241,2.59,4.83,"Unknown","Unknown",0.31,"Unknown"
2351,232.1422,8.34,4.96,"Putative metabolite","C10H20N2O4",0.46,"Saccharopine C11H20N2O6 - C1O2 -> C10H20N2O4"
2352,154.0377,9.62,4.98,"Putative metabolite","C6H6N2O3",0.74,"4-Nitrophenol C6H5N1O3 + H1N1 -> C6H6N2O3"
2353,243.9997,13.38,4.91,"Artifact","C8H5K1N4O3",0.7,"hypoxanthine C5H4N4O1 + C1O1 + C2H3K1O2 -> C8H7K1N4O4 - H2O1 -> C8H5K1N4O3"
2354,243.9983,13.95,4.64,"Artifact","C7H9K1O7",0.96,"(2E)-2-(methoxycarbonylmethyl)but-2-enedioic acid C7H8O6 + H1K1O1 -> C7H9K1O7"
2355,295.9254,13.85,4.81,"Artifact","[18]O1C4H8K2O7S1",0.84,"CH3COOK C2H3K1O2 + C2H4O2 + H1K1O4S1 -> C4H8K2O8S1 + [18]O1O-1 -> [18]O1C4H8K2O7S1"
2356,133.0624,9.05,4.49,"Artifact","[18]O1C5H9N1O2",0.67,"5-Aminolevulinic acid C5H9N1O3 + [18]O1O-1 -> [18]O1C5H9N1O2"
2357,115.9524,4.23,4.96,"Unknown","Unknown",0.78,"Unknown"
2358,207.0402,3.74,4.41,"Unknown","Unknown",0.47,"Unknown"
2359,250.0452,7.14,4.91,"Artifact","[37]Cl1C6H17O6Si1",0.57,"Glycerol C3H8O3 + Cl1H1 -> C3Cl1H9O3 + [37]Cl1Cl-1 -> [37]Cl1C3H9O3 + C3H8O3Si1 -> [37]Cl1C6H17O6Si1"
2360,250.0425,7.75,4.64,"Artifact","C6H7N6Na1O4",0.59,"7-Methylguanine C6H7N5O1 + N1Na1O3 -> C6H7N6Na1O4"
2361,128.0029,2.74,4.7,"Unknown","Unknown",0.71,"Unknown"
2362,192.0568,7.25,4.53,"Putative metabolite","C6H12N2O3S1",0.33,"N-Formyl-L-methionine C6H11N1O3S1 + H1N1 -> C6H12N2O3S1"
2363,192.0568,8.88,4.89,"Putative metabolite","C6H12N2O3S1",0.33,"N-Formyl-L-methionine C6H11N1O3S1 + H1N1 -> C6H12N2O3S1"
2364,192.0917,2.4,4.93,"Unknown","Unknown",0.5,"Unknown"
2365,335.0705,13.14,4.94,"Artifact","C8H21N1O9S1Si1",0.38,"Peak 2121 C8H19N1O6S1 + H2O3Si1 -> C8H21N1O9S1Si1"
2366,335.07,14,4.68,"Artifact","[13]C1C8H19O11P1",-0.44,"1-(sn-glycero-3-phospho)-1D-myo-inositol C9H19O11P1 + [13]C1C-1 -> [13]C1C8H19O11P1"
2367,579.669,13.85,4.78,"Artifact","H5K5O16S3Si1",0.75,"KHSO4 H1K1O4S1 + H1K1O4S1 + Peak 2617 -> H5K5O16S3Si1"
2368,210.0616,11.29,4.94,"Artifact","C7H11N2Na1O4",0.25,"Peak 2154 C4H7N1O1 + C2H3N1 -> C6H10N2O1 + C1H1Na1O3 -> C7H11N2Na1O4"
2369,236.9988,13.52,4.88,"Putative metabolite","C4H7N5O3S2",0.97,"7-Methylguanine C6H7N5O1 + O3S1 -> C6H7N5O4S1 + H2 -> C6H9N5O4S1 - C2H2O1 -> C4H7N5O3S1 + S1 -> C4H7N5O3S2"
2370,172.0151,7.66,4.39,"Artifact","C5Cl1H5N4O1",0.51,"hypoxanthine C5H4N4O1 + Cl1H1 -> C5Cl1H5N4O1"
2371,388.1797,2.79,4.84,"Artifact","[13]C2C13H26N6O4S1",1.63,"Peak 585 C16H26N6O6S1 - C1O2 -> C15H26N6O4S1 + [13]C1C-1 -> [13]C1C14H26N6O4S1 + [13]C1C-1 -> [13]C2C13H26N6O4S1"
2372,305.0598,13.02,4.88,"Artifact","C6H19N1O9Si2",0.11,"alanine C3H7N1O2 + H4O4Si1 -> C3H11N1O6Si1 + C3H8O3Si1 -> C6H19N1O9Si2"
2373,293.835,13.92,4.86,"Artifact","Ring_artifact_C4H8K2O8S1",0.36,"CH3COOK C2H3K1O2 + C2H4O2 + H1K1O4S1 -> C4H8K2O8S1 + Ring_artifact -> Ring_artifact_C4H8K2O8S1"
2374,276.0472,13.74,4.9,"Artifact","C6H13K1N4O6",0.06,"citrulline C6H13N3O3 + H1N1O3 -> C6H14N4O6 + H-1K1 -> C6H13K1N4O6"
2375,219.1105,8.08,4.96,"Metabolite","C9H17N1O5",0.79,"pantothenate C9H17N1O5"
2376,219.1104,11.3,4.52,"Artifact","[18]O1C8H15N3O3",0.46,"Peak 167 C8H15N3O4 + [18]O1O-1 -> [18]O1C8H15N3O3"
2377,269.1123,12.96,4.91,"Artifact","C10H15N5O4",0.39,"Peak 4341 C8H12N4O4 + C2H3N1 -> C10H15N5O4"
2378,741.3003,7.13,4.88,"Putative metabolite","C30H53N3O14P2",-0.03,"Stearic acid C18H36O2 + C1O2 -> C19H36O4 + C9H13N3O10P2 -> C28H49N3O14P2 + C2H4 -> C30H53N3O14P2"
2379,175.0715,13.64,4.95,"Artifact","Ring_artifact_C6H13N3O3",0.54,"citrulline C6H13N3O3 + Ring_artifact -> Ring_artifact_C6H13N3O3"
2380,164.9918,4.21,4.73,"Putative metabolite","C4H7N1O2S2",0.12,"thiazolidine C3H7N1S1 + C1O2 -> C4H7N1O2S1 + S1 -> C4H7N1O2S2"
2381,261.0667,8.85,4.96,"Artifact","C9H15N1O6Si1",0.63,"phenylalanine C9H11N1O2 + H4O4Si1 -> C9H15N1O6Si1"
2382,234.8995,13.86,4.68,"Unknown","Unknown",0.43,"Unknown"
2383,256.1423,7.1,4.89,"Putative metabolite","C12H20N2O4",0.03,"N-Acetyl-glutamine C7H12N2O4 + C5H8 -> C12H20N2O4"
2384,859.0635,13.92,4.72,"Artifact","C21H33N7O22P4",-0.68,"NAD C21H27N7O14P2 + H6O8P2 -> C21H33N7O22P4"
2385,217.9357,14.3,4.82,"Artifact","C2H5K1Na1O6P1",0.69,"KH2PO4 H2K1O4P1 + C2H3Na1O2"
2386,117.1184,11.23,5.43,"Artifact","Ring_artifact_C5H11N1O2",0.77,"DL-Valine C5H11N1O2 + Ring_artifact -> Ring_artifact_C5H11N1O2"
2387,625.8086,13.88,4.73,"Artifact","C5H16K2Na1Ni1O19P1Si2",0.19,"CH2COONi C2H2Ni1O2 + C2H3Na1O2 + Peak 1828 -> C5H16K2Na1Ni1O19P1Si2"
2388,132.9892,13.59,4.96,"Artifact","Ring_artifact_C4H7N1O4",0.69,"aspartate C4H7N1O4 + Ring_artifact -> Ring_artifact_C4H7N1O4"
2389,187.0323,13.01,4.86,"Unknown","Unknown",0.51,"Unknown"
2390,206.0942,2.79,4.87,"Putative metabolite","C12H14O3",0.46,"4-Hydroxybenzoic acid C7H6O3 + C5H8 -> C12H14O3"
2391,206.0941,8.72,4.07,"Artifact","[18]O1C11H12N2O1",0.11,"tryptophan C11H12N2O2 + [18]O1O-1 -> [18]O1C11H12N2O1"
2392,344.1206,13.88,4.77,"Artifact","[18]O1C12H22O10",-0.41,"Lactose C12H22O11 + [18]O1O-1 -> [18]O1C12H22O10"
2393,344.1205,14.82,4.78,"Artifact","[18]O1C12H22O10",-0.12,"Trehalose C12H22O11 + [18]O1O-1 -> [18]O1C12H22O10"
2394,293.0795,13.58,4.83,"Artifact","C8Cl1H21N1O6P1",0.01,"Glycerophosphocholine C8H20N1O6P1 + Cl1H1 -> C8Cl1H21N1O6P1"
2395,118.1611,13.31,4.75,"Unknown","Unknown",0.77,"Unknown"
2396,433.1816,2.79,4.74,"Artifact","[13]C1C22H28O8",0.4,"Peak 2442 C23H28O8 + [13]C1C-1 -> [13]C1C22H28O8"
2397,92.9644,2.56,4.66,"Unknown","Unknown",1.16,"Unknown"
2398,385.1249,13.41,4.89,"Artifact","[13]C1C13H20N6O5S1",0.11,"S-adenosyl-L-homoCysteine C14H20N6O5S1 + [13]C1C-1 -> [13]C1C13H20N6O5S1"
2399,136.0372,11.4,5.78,"Metabolite","C4H8O5",-0.2,"L-Threonic acid C4H8O5"
2400,249.0847,13.53,4.7,"Artifact","C9H15N1O7",0.61,"N-acetyl-glutamate C7H11N1O5 + C1O1 + C1H4O1 -> C9H15N1O7"
2401,362.1914,13.38,4.84,"Artifact","C13H26N6O6",-0.05,"glutamine C5H10N2O3 + Peak 396 -> C13H26N6O6"
2402,553.8833,13.9,4.82,"Artifact","[41]K1C9H17K3O15P1",0.28,"CH3COOK C2H3K1O2 + C2H4O2 + Peak 381 -> C9H17K4O15P1 + [41]K1K-1 -> [41]K1C9H17K3O15P1"
2403,227.0824,9.84,4.88,"Artifact","C6H17N1O6Si1",0.5,"isoleucine C6H13N1O2 + H4O4Si1 -> C6H17N1O6Si1"
2404,227.0824,9.32,4.9,"Artifact","C6H17N1O6Si1",0.5,"leucine C6H13N1O2 + H4O4Si1 -> C6H17N1O6Si1"
2405,397.223,7.1,4.87,"Putative metabolite","C17H36N1O7P1",-0.15,"PA(14:0/0:0) C17H35O7P1 + H1N1 -> C17H36N1O7P1"
2406,338.0083,14.29,4.95,"Artifact","C9H16N2Ni1O6S1",-0.15,"cystathionine C7H14N2O4S1 + C2H2Ni1O2 -> C9H16N2Ni1O6S1"
2407,134.0941,16.78,4.93,"Artifact","[18]O1C5H12N2O1",0.17,"ornithine C5H12N2O2 + [18]O1O-1 -> [18]O1C5H12N2O1"
2408,134.0941,16.24,4.96,"Artifact","[18]O1C5H12N2O1",0.17,"ornithine C5H12N2O2 + [18]O1O-1 -> [18]O1C5H12N2O1"
2409,351.0112,7.23,4.92,"Artifact","C6H17N1O10S1Si2",-0.09,"N-Formyl-L-methionine C6H11N1O3S1 + H4O4Si1 -> C6H15N1O7S1Si1 + H2O3Si1 -> C6H17N1O10S1Si2"
2410,152.2657,7.17,4.7,"Unknown","Unknown",0.61,"Unknown"
2411,273.0264,13.67,4.86,"Artifact","C5H11N3O8S1",1.04,"Peak 3077 C4H9N3O5S1 + C1H2O3 -> C5H11N3O8S1"
2412,273.0263,14.1,4.47,"Putative metabolite","C7H8N5O5P1",0.02,"7-Methylguanine C6H7N5O1 + C1O1 -> C7H7N5O2 + H1O3P1 -> C7H8N5O5P1"
2413,146.7004,13.5,4.84,"Unknown","Unknown",0.63,"Unknown"
2414,212.0536,2.83,4.84,"Unknown","Unknown",0.46,"Unknown"
2415,241.1678,2.72,4.87,"Artifact","C13H23N1O3",-0.03,"Peak 326 C14H22O4 - C1H2O1 -> C13H20O3 + H3N1 -> C13H23N1O3"
2416,241.1678,2.93,4.87,"Putative metabolite","C13H23N1O3",-0.03,"N-Acetyl-L-leucine C8H15N1O3 + C5H8 -> C13H23N1O3"
2417,213.0484,7.44,4.95,"Putative metabolite","C5H11N1O8",0.31,"threonine C4H9N1O3 + C6H10O5 -> C10H19N1O8 - C5H8 -> C5H11N1O8"
2418,213.0484,8.1,4.22,"Putative metabolite","C5H11N1O8",0.31,"threonine C4H9N1O3 + C6H10O5 -> C10H19N1O8 - C5H8 -> C5H11N1O8"
2419,211.0431,13.01,4.86,"Artifact","C5H11N1Na2O5",0.77,"alanine C3H7N1O2 + C2H3Na1O2 -> C5H10N1Na1O4 + H1Na1O1 -> C5H11N1Na2O5"
2420,143.9881,7.03,4.9,"Putative metabolite","C5H4O3S1",0.1,"3-Furoic acid C5H4O3 + S1 -> C5H4O3S1"
2421,343.0839,13.02,4.84,"Putative metabolite","C13H17N3O6S1",-0.27,"glutathione C10H17N3O6S1 - H2 -> C10H15N3O6S1 - H2 -> C10H13N3O6S1 - C2H4 -> C8H9N3O6S1 + C5H8 -> C13H17N3O6S1"
2422,243.1107,13.02,4.91,"Putative metabolite","C11H17N1O5",-0.11,"glutamate C5H9N1O4 + C1O1 -> C6H9N1O5 + C5H8 -> C11H17N1O5"
2423,488.4229,2.57,4.88,"Putative metabolite","C32H56O3",0.09,"Obtusifoliol C30H50O2 + H2O1 -> C30H52O3 + C2H4 -> C32H56O3"
2424,391.0834,2.64,4.64,"Putative metabolite","C17H17N3O6S1",1.04,"5'-Methylthioadenosine C11H15N5O3S1 - H3N1 -> C11H12N4O3S1 - H3N1 -> C11H9N3O3S1 - O3S1 -> C11H9N3 + C6H8O6 -> C17H17N3O6 + S1 -> C17H17N3O6S1"
2425,137.0952,13.62,4.82,"Putative metabolite","C7H11N3",0.71,"methylnicotinamide C7H8N2O1 + H3N1O-1 -> C7H11N3"
2426,146.0435,13.38,5,"Artifact","Ring_artifact_C5H10N2O3",0.64,"glutamine C5H10N2O3 + Ring_artifact -> Ring_artifact_C5H10N2O3"
2427,331.0854,13.01,4.52,"Artifact","C11Cl1H22N1O6S1",0.71,"Peak 1829 C11H21N1O6S1 + Cl1H1 -> C11Cl1H22N1O6S1"
2428,193.0253,13.88,4.91,"Putative metabolite","C4H8N3O4P1",-0.3,"L-histidinol phosphate C6H12N3O4P1 - C2H4 -> C4H8N3O4P1"
2429,331.2109,7.1,4.91,"Putative metabolite","C15H29N3O5",-0.54,"L-gamma-Glutamyl-L-alanine C8H14N2O5 + C2H4 -> C10H18N2O5 + C5H8 -> C15H26N2O5 + H3N1 -> C15H29N3O5"
2430,219.9835,13.02,4.81,"Artifact","[53]Cr1C4H9N1O6",0.62,"threonine C4H9N1O3 + Cr1O3 -> C4Cr1H9N1O6 + [53]Cr1Cr-1 -> [53]Cr1C4H9N1O6"
2431,189.1193,12.94,4.92,"Artifact","[13]C1C7H16N2O3",0.78,"Acetyllysine C8H16N2O3 + [13]C1C-1 -> [13]C1C7H16N2O3"
2432,410.922,13.9,4.79,"Unknown","Unknown",0.28,"Unknown"
2433,276.0957,13.99,4.88,"Putative metabolite","C10H16N2O7",0.18,"Ribothymidine C10H14N2O6 + H2O1 -> C10H16N2O7"
2434,276.0958,13.35,4.73,"Artifact","C10H16N2O7",-0.18,"Glycyl-L-proline C7H12N2O3 + C2H2O1 + C1H2O3 -> C10H16N2O7"
2435,118.0459,9.08,4.87,"Artifact","[13]C1C3H7N1O3",0.41,"N-Acetylglycine C4H7N1O3 + [13]C1C-1 -> [13]C1C3H7N1O3"
2436,118.046,9.82,4.66,"Unknown","Unknown",0.77,"Unknown"
2437,147.0203,13.5,4.69,"Artifact","Ring_artifact_C5H9N1O4",0.63,"glutamate C5H9N1O4 + Ring_artifact -> Ring_artifact_C5H9N1O4"
2438,117.0328,14.19,4.66,"Unknown","Unknown",0.77,"Unknown"
2439,235.1167,13.64,4.83,"Artifact","C8H17N3O5",0.51,"citrulline C6H13N3O3 + C2H4O2 -> C8H17N3O5"
2440,668.0718,14.2,4.87,"Artifact","C20H30N6Ni1O12S2",-0.22,"glutathione disulfide C20H32N6O12S2 + H-2Ni1 -> C20H30N6Ni1O12S2"
2441,324.0468,13.01,4.91,"Artifact","C9H18N2Ni1O7",-0.17,"alanine C3H7N1O2 * 2 -> C6H14N2O4 + C2H2Ni1O2 -> C8H16N2Ni1O6 - C1H2O1 -> C7H14N2Ni1O5 + C2H4O2 -> C9H18N2Ni1O7"
2442,432.1784,2.78,5.32,"Artifact","C23H28O8",0.04,"Peak 184 C22H26O6 + C1H2O2 -> C23H28O8"
2443,542.0642,13.92,4.81,"Artifact","[13]C1C14H21N5O13P2",0.49,"Cyclic-ADP-ribose C15H21N5O13P2 + [13]C1C-1 -> [13]C1C14H21N5O13P2"
2444,633.4372,3.06,4.75,"Metabolite","C33H64N1O8P1",-0.39,"PE(12:0/16:1(9Z)) C33H64N1O8P1"
2445,383.1077,13.48,4.84,"Artifact","C14H17N5O8",0.03,"malate C4H6O5 + Peak 2400 -> C14H17N5O8"
2446,268.1334,2.67,5.58,"Unknown","Unknown",0.38,"Unknown"
2447,268.1336,4.15,4.44,"Unknown","Unknown",0.38,"Unknown"
2448,302.2036,7.09,4.85,"Unknown","Unknown",0.35,"Unknown"
2449,92.05517,13,4.9,"Artifact","[13]C1[18]O1C2H7N1O1",1.18,"alanine C3H7N1O2 + [13]C1C-1 -> [13]C1C2H7N1O2 + [18]O1O-1 -> [13]C1[18]O1C2H7N1O1"
2450,123.0829,4.21,4.79,"Artifact","Ring_artifact_[13]C1C6H6O2",0.74,"Benzoic acid C7H6O2 + [13]C1C-1 -> [13]C1C6H6O2 + Ring_artifact -> Ring_artifact_[13]C1C6H6O2"
2451,413.8803,13.89,4.87,"Artifact","C4H10K2Na1O12P1S1",-0.14,"CH3COOK C2H3K1O2 + C2H4O2 + H1K1O4S1 -> C4H8K2O8S1 + H2Na1O4P1 -> C4H10K2Na1O12P1S1"
2452,117.9144,2.25,4.87,"Unknown","Unknown",0.77,"Unknown"
2453,122.0591,7.71,4,"Putative metabolite","C5H6N4",1.2,"hypoxanthine C5H4N4O1 + C1H2O1 -> C6H6N4O2 - C1O2 -> C5H6N4"
2454,743.0146,13.79,4.79,"Artifact","C19H29K2N3O19P2",-0.19,"Uridine diphosphate-N-acetylglucosamine C17H27N3O17P2 + H-1K1 -> C17H26K1N3O17P2 + C2H3K1O2 -> C19H29K2N3O19P2"
2455,89.0258,13.01,4.76,"Artifact","Ring_artifact_C3H7N1O2",1.21,"alanine C3H7N1O2 + Ring_artifact -> Ring_artifact_C3H7N1O2"
2456,371.2086,16.77,4.86,"Artifact","[13]C1C11H27N8Na1O4",0.14,"L-Arginine C6H14N4O2 + Peak 762 -> C12H27N8Na1O4 + [13]C1C-1 -> [13]C1C11H27N8Na1O4"
2457,98.00725,14.2,4.96,"Artifact","Ring_artifact_H3O4P1",1.11,"H3PO4 H3O4P1 + Ring_artifact -> Ring_artifact_H3O4P1"
2458,599.0947,13.88,4.9,"Artifact","[13]C1C15H32K1O19P1",-0.16,"Lactose C12H22O11 + C2H4O2 -> C14H26O13 + [13]C1C-1 -> [13]C1C13H26O13 + C2H3K1O2 -> [13]C1C15H29K1O15 + H3O4P1 -> [13]C1C15H32K1O19P1"
2459,195.0098,13.64,4.83,"Artifact","C6H5N3O3Si1",1.12,"Urocanic acid C6H6N2O2 + H1N1 + H2O3Si1 -> C6H9N3O5Si1 - H2O1 -> C6H7N3O4Si1 - H2O1 -> C6H5N3O3Si1"
2460,263.9623,14.42,4.89,"Artifact","C5H7K1Na2O7",0.47,"CH3COOK C2H3K1O2 + C2H3Na1O2 + C1H1Na1O3 -> C5H7K1Na2O7"
2461,219.1187,7.09,4.3,"Artifact","[13]C1C9H18O5",0.36,"Peak 1717 C11H20O6 - C1H2O1 -> C10H18O5 + [13]C1C-1 -> [13]C1C9H18O5"
2462,348.0602,13.73,4.82,"Artifact","[15]N1C10H14N4O7P1",-0.23,"dGMP C10H14N5O7P1 + [15]N1N-1 -> [15]N1C10H14N4O7P1"
2463,167.0694,11.46,4.9,"Putative metabolite","C7H9N3O2",0.46,"N(pros)-methyl-L-histidine C7H11N3O2 - H2 -> C7H9N3O2"
2464,752.448,7.07,4.75,"Metabolite","C37H69O13P1",-0.56,"PI(12:0/16:1(9Z)) C37H69O13P1"
2465,147.1225,2.82,4.84,"Artifact","[13]C1[18]O1C7H16O1",0.89,"Caprylic acid C8H16O2 + [13]C1C-1 -> [13]C1C7H16O2 + [18]O1O-1 -> [13]C1[18]O1C7H16O1"
2466,118.0666,13.31,5.52,"Artifact","Ring_artifact_C4H6O4",0.77,"Succinic acid C4H6O4 + Ring_artifact -> Ring_artifact_C4H6O4"
2467,426.0881,14.11,4.91,"Metabolite","C13H22N4O8S2",-0.46,"Cysteine-glutathione disulphide C13H22N4O8S2"
2468,311.0424,13.55,4.81,"Artifact","C8H13N3O8S1",-0.21,"Pyridoxamine C8H12N2O2 + O3S1 + H1N1O3 -> C8H13N3O8S1"
2469,501.6644,11.18,4.89,"Unknown","Unknown",0.25,"Unknown"
2470,338.1302,2.93,4.38,"Artifact","C15H22N2O5Si1",-1.19,"N-Acetylserotonin C12H14N2O2 + C3H8O3Si1 -> C15H22N2O5Si1"
2471,169.9884,11.32,4.92,"Putative metabolite","C3H6O6S1",0.64,"L-Cysteic acid C3H7N1O5S1 + H-1N-1O1 -> C3H6O6S1"
2472,238.1164,13.03,4.74,"Artifact","C8H18N2O6",0.36,"threonine C4H9N1O3 * 2 -> C8H18N2O6"
2473,312.1466,16.79,4.85,"Unknown","Unknown",0.34,"Unknown"
2474,258.9767,13.9,4.91,"Artifact","[13]C1[41]K1C5H10K1O6",-0.29,"CH3COOK C2H3K1O2 + C2H4O2 + [41]K1K-1 -> [41]K1C4H7O4 + C2H3K1O2 -> [41]K1C6H10K1O6 + [13]C1C-1 -> [13]C1[41]K1C5H10K1O6"
2475,258.976,13.03,4.46,"Artifact","C4Cr1H10N1Na1O7",0.01,"threonine C4H9N1O3 + Cr1O3 -> C4Cr1H9N1O6 + H1Na1O1 -> C4Cr1H10N1Na1O7"
2476,422.0128,13.93,4.89,"Artifact","C11H16K1N2O11P1",0.18,"UMP C9H13N2O9P1 + C2H3K1O2 -> C11H16K1N2O11P1"
2477,324.9557,13.49,4.82,"Artifact","C5Cr1H11N1O10Si1",0.09,"glutamate C5H9N1O4 + Cr1O3 -> C5Cr1H9N1O7 + H2O3Si1 -> C5Cr1H11N1O10Si1"
2478,291.1067,14.02,4.87,"Putative metabolite","C10H17N3O7",-0.17,"Argininosuccinic acid C10H18N4O6 + H-1N-1O1 -> C10H17N3O7"
2479,650.2224,13.36,4.89,"Unknown","Unknown",0.21,"Unknown"
2480,569.3329,3.07,4.83,"Artifact","C26H52N1O10P1",-0.03,"Peak 2965 C25H50N1O7P1 + C1H2O3 -> C26H52N1O10P1"
2481,147.9995,13.51,4.95,"Artifact","Ring_artifact_[13]C1C4H9N1O4",0.63,"glutamate C5H9N1O4 + [13]C1C-1 -> [13]C1C4H9N1O4 + Ring_artifact -> Ring_artifact_[13]C1C4H9N1O4"
2482,453.2764,7.09,4.82,"Artifact","[13]C2C19H42N1O7P1",0.44,"PE(16:1(9Z)/0:0) C21H42N1O7P1 + [13]C1C-1 -> [13]C1C20H42N1O7P1 + [13]C1C-1 -> [13]C2C19H42N1O7P1"
2483,274.0175,14.16,4.89,"Putative metabolite","C9H11N2O4P1S1",0.78,"tryptophan C11H12N2O2 + H1O3P1 -> C11H13N2O5P1 - C2H2O1 -> C9H11N2O4P1 + S1 -> C9H11N2O4P1S1"
2484,315.9725,13.52,4.77,"Unknown","Unknown",0.34,"Unknown"
2485,203.1058,4.27,4.92,"Putative metabolite","C11H13N3O1",0.31,"tryptophan C11H12N2O2 - H-1N-1O1 -> C11H13N3O1"
2486,414.9854,13.97,4.85,"Artifact","C10H15K2N3O8S1",0,"Peak 3096 C8H14N2O8S1 + C2H3N1 -> C10H17N3O8S1 + H-2K2 -> C10H15K2N3O8S1"
2487,434.3243,2.79,4.78,"Putative metabolite","C23H46O7",0.12,"D-glucitol C6H14O6 + C1H2 -> C7H16O6 + C16H30O1 -> C23H46O7"
2488,200.994,13.49,4.82,"Artifact","C7H4K1N3O2",0.29,"hypoxanthine C5H4N4O1 + C1O1 + C2H3K1O2 -> C8H7K1N4O4 - H3N1 -> C8H4K1N3O4 - C1O2 -> C7H4K1N3O2"
2489,207.0564,11.24,4.89,"Putative metabolite","C7H13N1O4S1",0.62,"N-Formyl-L-methionine C6H11N1O3S1 + C1H2O1 -> C7H13N1O4S1"
2490,462.3347,3.05,4.85,"Putative metabolite","C28H46O5",-0.38,"4-Hydroxybenzoic acid C7H6O3 + C5H8 -> C12H14O3 + C16H30O1 -> C28H44O4 + H2O1 -> C28H46O5"
2491,401.0137,14.08,4.82,"Artifact","C10H13K1N5O8P1",0.45,"GMP C10H14N5O8P1 + H-1K1 -> C10H13K1N5O8P1"
2492,255.059,8.11,4.85,"Putative metabolite","C7H13N1O9",0.12,"O-Acetyl-L-homoserine C6H11N1O4 + C6H10O5 -> C12H21N1O9 - C5H8 -> C7H13N1O9"
2493,130.1459,2.92,4.38,"Unknown","Unknown",0.7,"Unknown"
2494,482.9863,13.82,4.8,"Artifact","C10H15K1N5O11P1S1",0.09,"dGMP C10H14N5O7P1 + H1K1O4S1 -> C10H15K1N5O11P1S1"
2495,482.9843,14.44,4.8,"Metabolite","C9H16N3O14P3",0.44,"CTP C9H16N3O14P3"
2496,269.0179,13.76,4.83,"Artifact","C6H13K2N3O4",0.44,"citrulline C6H13N3O3 + H-1K1 -> C6H12K1N3O3 + H1K1O1 -> C6H13K2N3O4"
2497,119.1945,13.01,4.79,"Unknown","Unknown",0.76,"Unknown"
2498,276.0244,13.64,4.89,"Artifact","C6H13O10P1",0.84,"deoxyribose-phosphate C5H11O7P1 + C1H2O3 -> C6H13O10P1"
2499,268.0614,13.01,4.88,"Putative metabolite","C9H16O7S1",1.02,"2-Methylthio-ethanol C3H8O1S1 + C6H8O6 -> C9H16O7S1"
2500,425.2544,3.07,4.79,"Metabolite","C19H40N1O7P1",-0.38,"PE(14:0/0:0) C19H40N1O7P1"
2501,391.155,13.62,4.78,"Artifact","[13]C1C10H27N4O9P1",-0.21,"citrulline C6H13N3O3 + Peak 145 -> C11H27N4O9P1 + [13]C1C-1 -> [13]C1C10H27N4O9P1"
2502,287.1092,13.32,4.78,"Artifact","C9H18N3Na1O6",0.45,"Peak 4150 C9H19N3O6 + H-1Na1 -> C9H18N3Na1O6"
2503,147.0859,13.5,4.76,"Artifact","Ring_artifact_C5H9N1O4",0.63,"glutamate C5H9N1O4 + Ring_artifact -> Ring_artifact_C5H9N1O4"
2504,407.2883,2.61,4.81,"Artifact","C20H41N1O7",0.01,"Peak 340 C20H40O4 + H1N1O3 -> C20H41N1O7"
2505,147.0895,13.1,4.77,"Putative metabolite","C6H13N1O3",0.29,"threonine C4H9N1O3 + C2H4 -> C6H13N1O3"
2506,147.0891,13.48,4.69,"Artifact","Ring_artifact_[13]C1C4H10N2O3",0.63,"glutamine C5H10N2O3 + [13]C1C-1 -> [13]C1C4H10N2O3 + Ring_artifact -> Ring_artifact_[13]C1C4H10N2O3"
2507,157.983,13.05,4.32,"Unknown","Unknown",0.59,"Unknown"
2508,334.879,13.88,4.76,"Artifact","[13]C1[41]K1C3H7K2O8S1",-0.72,"KHSO4 H1K1O4S1 + C2H3K1O2 + C2H3K1O2 -> C4H7K3O8S1 + [41]K1K-1 -> [41]K1C4H7K2O8S1 + [13]C1C-1 -> [13]C1[41]K1C3H7K2O8S1"
2509,558.3274,7.09,4.76,"Artifact","[13]C1C24H51N1O10S1",-1.21,"Peak 3399 C24H47N1O9S1 + C1H4O1 -> C25H51N1O10S1 + [13]C1C-1 -> [13]C1C24H51N1O10S1"
2510,115.9227,4.24,4.69,"Unknown","Unknown",0.78,"Unknown"
2511,261.1016,13.02,4.79,"Artifact","[13]C1C7H17N2Na1O6",0.71,"alanine C3H7N1O2 + Peak 199 -> C8H17N2Na1O6 + [13]C1C-1 -> [13]C1C7H17N2Na1O6"
2512,332.0621,13.49,4.6,"Artifact","C8H17N2O10P1",-0.06,"Peak 1261 C8H14N2O6 + H3O4P1 -> C8H17N2O10P1"
2513,452.9327,13.88,4.82,"Artifact","C18Ca1H9K2N1O6",0.64,"Peak 3096 C16H10O6 + C2H3N1 -> C18H13N1O6 + H-2K2 -> C18H11K2N1O6 + Ca1H-2 -> C18Ca1H9K2N1O6"
2514,174.0811,16.75,4.49,"Artifact","Ring_artifact_C6H14N4O2",0.55,"L-Arginine C6H14N4O2 + Ring_artifact -> Ring_artifact_C6H14N4O2"
2515,399.8252,13.93,4.81,"Artifact","C4H4K4O12",-0.24,"KHCO3 C1H1K1O3 + C1H2O3 + H-2K2 -> C2H1K3O6 + Peak 5521 -> C4H4K4O12"
2516,335.1847,7.11,4.88,"Artifact","C17H25N3O4",-0.58,"Peak 1345 C15H22N2O4 + C2H3N1 -> C17H25N3O4"
2517,726.4323,7.07,4.77,"Metabolite","C35H67O13P1",-0.51,"PI(10:0/16:0) C35H67O13P1"
2518,278.0669,5.59,4.93,"Artifact","C10Cl1H15N2O5",0.18,"thymidine C10H14N2O5 + Cl1H1 -> C10Cl1H15N2O5"
2519,653.5312,2.54,4.64,"Unknown","Unknown",0.21,"Unknown"
2520,166.0839,5.8,4.81,"Putative metabolite","C6H14O5",1.35,"L-arabinitol C5H12O5 + C1H2 -> C6H14O5"
2521,284.112,11.46,4.91,"Putative metabolite","C11H16N4O5",0.25,"2-(3-Carboxy-3-aminopropyl)-L-histidine C10H16N4O4 + C1O1 -> C11H16N4O5"
2522,316.225,8.79,3.88,"Putative metabolite","C17H32O5",-0.08,"Palmitic acid C16H32O2 + C1O2 -> C17H32O4 + O1 -> C17H32O5"
2523,314.059,7.07,4.85,"Artifact","C9H19O8P1Si1",-1.02,"Peak 5177 C6H11O5P1 + C3H8O3Si1 -> C9H19O8P1Si1"
2524,122.9971,4.21,4.69,"Artifact","Ring_artifact_[13]C1C6H6O2",0.74,"Benzoic acid C7H6O2 + [13]C1C-1 -> [13]C1C6H6O2 + Ring_artifact -> Ring_artifact_[13]C1C6H6O2"
2525,88.37829,13.02,4.8,"Unknown","Unknown",1.22,"Unknown"
2526,260.0488,13.68,4.82,"Artifact","[13]C1C5H14N1O8P1",0.99,"D-glucosamine-1/6-phosphate C6H14N1O8P1 + [13]C1C-1 -> [13]C1C5H14N1O8P1"
2527,209.9694,13.76,4.86,"Artifact","C3H8K1O6P1",0.74,"acetylphosphate C2H5O5P1 - C1O1 + C2H3K1O2 -> C3H8K1O6P1"
2528,296.0371,2.57,4.82,"Unknown","Unknown",0.36,"Unknown"
2529,424.1195,14.82,4.87,"Artifact","C14H25Na1O13",-0.51,"Trehalose C12H22O11 + C2H3Na1O2 -> C14H25Na1O13"
2530,515.995,13.84,4.83,"Artifact","C12H22K2O15S1",0.69,"Lactose C12H22O11 + H2O4S1 -> C12H24O15S1 + H-2K2 -> C12H22K2O15S1"
2531,320.1947,2.62,4.76,"Putative metabolite","C14H28N2O6",0.11,"Pimelylcarnitine C14H25N1O6 + H3N1 -> C14H28N2O6"
2532,393.9449,13.91,4.76,"Artifact","C8H14K3Na1O9",-0.58,"CH3COOK C2H3K1O2 + C2H4O2 + C2H3K1O2 -> C6H10K2O6 + C2H3K1O2 -> C8H13K3O8 + H1Na1O1 -> C8H14K3Na1O9"
2533,322.2484,2.63,4.81,"Artifact","C18H35Na1O3",-0.03,"Stearic acid C18H36O2 + O1 + H-1Na1 -> C18H35Na1O3"
2534,182.0705,10.8,4.28,"Artifact","[15]N1C9H11O3",2.35,"tyrosine C9H11N1O3 + [15]N1N-1 -> [15]N1C9H11O3"
2535,488.1073,13.98,4.86,"Metabolite","C14H26N4O11P2",0.06,"Citicoline C14H26N4O11P2"
2536,237.0109,9.01,4.91,"Artifact","C5H4N5Na1O5",0.48,"Xanthine C5H4N4O2 + N1Na1O3 -> C5H4N5Na1O5"
2537,377.2315,4.23,4.61,"Putative metabolite","C20H31N3O4",-0.12,"Porphobilinogen C10H14N2O4 + C5H8 -> C15H22N2O4 + H1N1 -> C15H23N3O4 + C5H8 -> C20H31N3O4"
2538,204.0568,13.6,4.73,"Artifact","C7H12N2O3S1",0.31,"Pyridoxamine C8H12N2O2 + O3S1 - C1O2 -> C7H12N2O3S1"
2539,465.821,13.86,4.75,"Artifact","C4H10K4O12S1Si1",0.11,"KHSO4 H1K1O4S1 + C2H3K1O2 + Peak 1940 -> C4H10K4O12S1Si1"
2540,174.4081,16.8,4.81,"Unknown","Unknown",0.55,"Unknown"
2541,176.0835,2.77,4.79,"Metabolite","C11H12O2",1.3,"Ethylcinnamate C11H12O2"
2542,564.2359,2.57,4.82,"Artifact","Ring_artifact_C36H68O4",0.23,"Oleic acid C18H34O2 * 2 -> C36H68O4 + Ring_artifact -> Ring_artifact_C36H68O4"
2543,462.4072,2.55,4.78,"Putative metabolite","C30H54O3",0.21,"Obtusifoliol C30H50O2 + H2O1 -> C30H52O3 + H2 -> C30H54O3"
2544,75.04011,7.76,4.86,"Unknown","Unknown",1.42,"Unknown"
2545,236.0644,11.29,4.92,"Artifact","C7H12N2O7",0.21,"N-Acetyl-L-glutamate 5-semialdehyde C7H11N1O4 + H1N1O3 -> C7H12N2O7"
2546,236.0644,10.34,4.15,"Artifact","C7H12N2O7",0.21,"N-Acetyl-L-glutamate 5-semialdehyde C7H11N1O4 + H1N1O3 -> C7H12N2O7"
2547,256.0769,2.16,4.85,"Putative metabolite","C12H16O4S1",0.12,"Ferulic acid C10H10O4 + C2H4 -> C12H14O4 + H2S1 -> C12H16O4S1"
2548,153.0745,7.17,4.9,"Artifact","[2]H1C5H11O5",1.63,"L-arabinitol C5H12O5 + [2]H1H-1 -> [2]H1C5H11O5"
2549,177.9802,13.01,4.81,"Unknown","Unknown",0.54,"Unknown"
2550,204.1109,9.81,4.88,"Artifact","C8H16N2O4",0.52,"isoleucine C6H13N1O2 + C1H2O2 -> C7H15N1O4 + C1H1N1 -> C8H16N2O4"
2551,204.111,14.6,4.21,"Putative metabolite","C8H16N2O4",0.03,"Acetyllysine C8H16N2O3 + O1 -> C8H16N2O4"
2552,399.8439,13.92,4.8,"Artifact","C5H8K4O9S1",-0.42,"KHSO4 H1K1O4S1 + C2H3K1O2 + C2H3K1O2 -> C4H7K3O8S1 + C2H3K1O2 -> C6H10K4O10S1 - C1H2O1 -> C5H8K4O9S1"
2553,186.9762,13.5,4.83,"Artifact","C6H5N1O2S2",-0.16,"Peak 3161 C6H7N1O3S2 - H2O1 -> C6H5N1O2S2"
2554,222.1003,8.39,4.88,"Putative metabolite","C11H14N2O3",0.52,"tryptophan C11H12N2O2 + H2O1 -> C11H14N2O3"
2555,222.1003,7.52,4.36,"Putative metabolite","C11H14N2O3",0.52,"tryptophan C11H12N2O2 + H2O1 -> C11H14N2O3"
2556,343.2064,2.07,4.91,"Unknown","Unknown",0.32,"Unknown"
2557,205.8542,2.58,4.64,"Unknown","Unknown",0.48,"Unknown"
2558,242.0902,5.54,4.88,"Metabolite","C10H14N2O5",0.3,"thymidine C10H14N2O5"
2559,233.1778,2.68,4.75,"Artifact","C15H23N1O1",0.7,"alpha-Isomethyl-ionone C14H22O1 + C1H1N1 -> C15H23N1O1"
2560,452.1213,13.49,4.85,"Artifact","C15H24N4O10S1",0.03,"glutamate C5H9N1O4 + Peak 403 -> C15H24N4O10S1"
2561,296.0006,14.19,4.86,"Artifact","C8H17Na1O2S4",1.04,"Peak 2483 C8H18O2S4 + H-1Na1 -> C8H17Na1O2S4"
2562,296.0006,16.38,3.74,"Unknown","Unknown",0.36,"Unknown"
2563,160.0598,13.9,4.91,"Artifact","Ring_artifact_[41]K1C4H7O4",0.59,"CH3COOK C2H3K1O2 + C2H4O2 + [41]K1K-1 -> [41]K1C4H7O4 + Ring_artifact -> Ring_artifact_[41]K1C4H7O4"
2564,119.9114,2.25,4.86,"Unknown","Unknown",0.76,"Unknown"
2565,636.0473,13.87,4.72,"Artifact","C16H31K2O19P1",-0.27,"Lactose C12H22O11 + C2H4O2 -> C14H26O13 + C2H3K1O2 -> C16H29K1O15 + H2K1O4P1 -> C16H31K2O19P1"
2566,117.2119,11.25,4.74,"Unknown","Unknown",0.77,"Unknown"
2567,442.3447,4.19,4.82,"Metabolite","C29H46O3",-0.01,"4beta-methylzymosterol-4alpha-carboxylic acid C29H46O3"
2568,310.083,13.5,4.8,"Artifact","[13]C1[34]S1C9H17N3O6",-0.14,"glutathione C10H17N3O6S1 + [13]C1C-1 -> [13]C1C9H17N3O6S1 + [34]S1S-1 -> [13]C1[34]S1C9H17N3O6"
2569,377.3142,4.99,4.89,"Artifact","C20H43N1O5",-0.2,"Phytosphingosine C18H39N1O3 + C2H4O2 -> C20H43N1O5"
2570,360.0853,5.02,4.88,"Artifact","C11H16N6O6S1",-0.27,"5'-Methylthioadenosine C11H15N5O3S1 + H1N1O3 -> C11H16N6O6S1"
2571,284.1083,2.13,4.89,"Putative metabolite","C14H20O4S1",-0.25,"Ubiquinone Q1 C14H18O4 + H2S1 -> C14H20O4S1"
2572,557.1261,14.19,4.82,"Putative metabolite","C18H28N3O15P1",-0.53,"CMP C9H14N3O8P1 + C11H17N1O8 -> C20H31N4O16P1 - H1N1 -> C20H30N3O16P1 - C2H2O1 -> C18H28N3O15P1"
2573,280.0023,4.22,4.97,"Unknown","Unknown",0.37,"Unknown"
2574,544.9513,14.23,4.89,"Artifact","C10H15K1N5O13P3",0.6,"ATP C10H16N5O13P3 + H-1K1 -> C10H15K1N5O13P3"
2575,197.9019,14.2,4.81,"Artifact","Cr1H3O7P1",1.25,"CrO3 Cr1O3 + H3O4P1"
2576,197.9021,16.2,3.79,"Artifact","Cr1H3O7P1",0.23,"CrO3 Cr1O3 + H3O4P1"
2577,375.0385,13.57,4.88,"Artifact","C8Cr1H22N1O10P1",0.37,"Glycerophosphocholine C8H20N1O6P1 + H2O1 + Cr1O3 -> C8Cr1H22N1O10P1"
2578,395.0997,13.51,4.8,"Artifact","C13H21N3O9S1",0.38,"glutamate C5H9N1O4 + Peak 2086 -> C13H21N3O9S1"
2579,408.2277,3.07,4.89,"Metabolite","C19H37O7P1",-0.02,"1-palmitoylglycerone 3-phosphate C19H37O7P1"
2580,248.1623,2.72,4.8,"Putative metabolite","C12H24O5",0.3,"L-arabinitol C5H12O5 + C2H4 -> C7H16O5 + C5H8 -> C12H24O5"
2581,248.1623,3.65,4.5,"Putative metabolite","C12H24O5",0.3,"L-arabinitol C5H12O5 + C2H4 -> C7H16O5 + C5H8 -> C12H24O5"
2582,204.061,11.8,4.95,"Artifact","C6H13Na1O6",-0.08,"D-glucitol C6H14O6 + H-1Na1 -> C6H13Na1O6"
2583,204.061,11.39,4.96,"Artifact","C6H13Na1O6",-0.08,"D-glucitol C6H14O6 + H-1Na1 -> C6H13Na1O6"
2584,622.1855,14.2,4.66,"Putative metabolite","C24H34N2O17",0.4,"2-Furoylglycine C7H7N1O4 + C6H10O5 -> C13H17N1O9 + C11H17N1O8 -> C24H34N2O17"
2585,214.0301,2.3,4.7,"Unknown","Unknown",0.46,"Unknown"
2586,255.3563,2.49,5.49,"Artifact","Ring_artifact_[13]C1C15H30O2",0.4,"palmitoleic acid C16H30O2 + [13]C1C-1 -> [13]C1C15H30O2 + Ring_artifact -> Ring_artifact_[13]C1C15H30O2"
2587,148.0929,9.9,4.85,"Artifact","[13]C1C5H13N1O3",-0.01,"Triethanolamine C6H15N1O3 - H2 + [13]C1C-1 -> [13]C1C5H13N1O3"
2588,571.725,13.89,4.62,"Artifact","C5H6K6O15S1",-0.03,"KHSO4 H1K1O4S1 + C2H3K1O2 + Peak 1663 -> C5H6K6O15S1"
2589,808.5104,7.06,4.72,"Metabolite","C41H77O13P1",-0.27,"PI(14:0/18:1(9Z)) C41H77O13P1"
2590,323.0253,3.08,4.83,"Unknown","Unknown",0.33,"Unknown"
2591,626.5124,2.55,4.74,"Artifact","C37H70O7",-0.39,"Peak 93 C36H68O4 + C1H2O3 -> C37H70O7"
2592,224.0644,10.8,4.8,"Artifact","C6H12N2O7",0.23,"O-Acetyl-L-homoserine C6H11N1O4 + H1N1O3 -> C6H12N2O7"
2593,224.0644,10.17,4.81,"Artifact","C6H12N2O7",0.23,"N-carbamoyl-L-aspartate C5H8N2O5 + O1 + C1H4O1 -> C6H12N2O7"
2594,224.0644,9.53,4.44,"Putative metabolite","C6H12N2O7",0.23,"Saccharopine C11H20N2O6 + O1 -> C11H20N2O7 - C5H8 -> C6H12N2O7"
2595,351.1926,7.09,4.78,"Unknown","Unknown",0.31,"Unknown"
2596,175.0592,12.61,3.77,"Putative metabolite","C5H9N3O4",0.6,"N-carbamoyl-L-aspartate C5H8N2O5 - H-1N-1O1 -> C5H9N3O4"
2597,211.0716,2.23,5.02,"Unknown","Unknown",0.47,"Unknown"
2598,115.0246,13.31,4.2,"Artifact","C2H6N1Na1O3",-0.54,"glycine C2H5N1O2 + H1Na1O1 -> C2H6N1Na1O3"
2599,145.0632,2.82,5.06,"Artifact","Ring_artifact_[13]C1C7H16O2",0.64,"Caprylic acid C8H16O2 + [13]C1C-1 -> [13]C1C7H16O2 + Ring_artifact -> Ring_artifact_[13]C1C7H16O2"
2600,349.8237,13.84,4.72,"Artifact","H4K2O11S2Si1",0.41,"KHSO4 H1K1O4S1 + H1K1O4S1 + H2O3Si1 -> H4K2O11S2Si1"
2601,258.158,7.08,4.8,"Artifact","C12H22N2O4",-0.17,"Butyrylcarnitine C11H21N1O4 + C1H1N1 -> C12H22N2O4"
2602,356.9537,13.89,4.78,"Unknown","Unknown",0.31,"Unknown"
2603,282.1501,2.16,4.66,"Putative metabolite","C12H26O5S1",-0.02,"Heptadecanoic acid C17H34O2 + O3S1 -> C17H34O5S1 - C5H8 -> C12H26O5S1"
2604,167.0855,8.83,4.79,"Artifact","[13]C2C7H11N1O2",1.13,"phenylalanine C9H11N1O2 + [13]C1C-1 -> [13]C1C8H11N1O2 + [13]C1C-1 -> [13]C2C7H11N1O2"
2605,393.186,13.62,4.75,"Artifact","C14H27N5O8",-0.09,"citrulline C6H13N3O3 + Peak 241 -> C14H27N5O8"
2606,282.0085,7.05,4.82,"Artifact","[37]Cl1C6H14O8P1",0.11,"2-deoxy-D-glucose 6-phosphate C6H13O8P1 + Cl1H1 -> C6Cl1H14O8P1 + [37]Cl1Cl-1 -> [37]Cl1C6H14O8P1"
2607,141.846,9.53,4.32,"Unknown","Unknown",0.65,"Unknown"
2608,211.1652,2.7,4.72,"Artifact","[13]C1C12H22O2",0.64,"3-Oxo-7,8-dihydro-alpha-ionol C13H22O2 + [13]C1C-1 -> [13]C1C12H22O2"
2609,367.15,2.36,4.84,"Unknown","Unknown",0.3,"Unknown"
2610,389.0526,13.47,4.73,"Artifact","C11Cr1H19N3O9",0.09,"Peak 267 C11H19N3O6 + Cr1O3 -> C11Cr1H19N3O9"
2611,278.163,2.97,4.85,"Putative metabolite","C15H22N2O3",0.15,"Porphobilinogen C10H14N2O4 + C5H8 -> C15H22N2O4 - O1 -> C15H22N2O3"
2612,317.9013,13.86,4.55,"Artifact","[41]K1C4H7K1Na1O8S1",0.52,"KHSO4 H1K1O4S1 + C2H3K1O2 + [41]K1K-1 -> [41]K1C2H4K1O6S1 + C2H3Na1O2 -> [41]K1C4H7K1Na1O8S1"
2613,329.0472,9.61,4.85,"Artifact","C9H12N3Na1O9",-0.23,"Uridine C9H12N2O6 + N1Na1O3 -> C9H12N3Na1O9"
2614,470.1549,2.79,4.52,"Artifact","C16H27N6Na1O7S1",2.26,"Peak 585 C16H26N6O6S1 + H1Na1O1 -> C16H27N6Na1O7S1"
2615,317.0314,11.31,4.82,"Artifact","C8Cr1H15N3O7",0.34,"Peak 167 C8H15N3O4 + Cr1O3 -> C8Cr1H15N3O7"
2616,445.8959,2.77,4.76,"Artifact","Ring_artifact_C17H30N6O6S1",0.27,"Peak 585 C16H26N6O6S1 - C1O2 -> C15H26N6O4S1 + C2H4O2 -> C17H30N6O6S1 + Ring_artifact -> Ring_artifact_C17H30N6O6S1"
2617,307.8229,13.85,4.73,"Artifact","H3K3O8S1Si1",0.03,"KOH H1K1O1 + H1K1O4S1 + H2O3Si1 -> H4K2O8S1Si1 + H-1K1 -> H3K3O8S1Si1"
2618,394.3812,2.35,4.81,"Putative metabolite","C26H50O2",-0.3,"Stearic acid C18H36O2 + C1H2 -> C19H38O2 + C5H8 -> C24H46O2 + C2H4 -> C26H50O2"
2619,267.9961,2.67,4.65,"Unknown","Unknown",0.39,"Unknown"
2620,263.6046,2.33,4.76,"Unknown","Unknown",0.39,"Unknown"
2621,215.9361,13.02,4.74,"Unknown","Unknown",0.46,"Unknown"
2622,754.4641,7.07,4.76,"Metabolite","C37H71O13P1",-1.15,"PI(10:0/18:0) C37H71O13P1"
2623,261.0572,11.32,4.86,"Artifact","C6H12N3Na1O7",0.36,"Diaminopimelic Acid C7H14N2O4 - C1H2 + N1Na1O3 -> C6H12N3Na1O7"
2624,261.0572,12.2,3.94,"Artifact","C6H12N3Na1O7",0.36,"Diaminopimelic Acid C7H14N2O4 - C1H2 + N1Na1O3 -> C6H12N3Na1O7"
2625,217.0435,13.31,4.53,"Unknown","Unknown",0.46,"Unknown"
2626,206.1153,7.1,4.49,"Putative metabolite","C9H18O5",0.6,"L-arabinitol C5H12O5 - C1H2 -> C4H10O5 + C5H8 -> C9H18O5"
2627,89.03044,13.02,5.13,"Artifact","Ring_artifact_C3H7N1O2",1.21,"alanine C3H7N1O2 + Ring_artifact -> Ring_artifact_C3H7N1O2"
2628,578.0141,13.85,4.78,"Artifact","[41]K1C14H26K1O17S1",0.87,"Lactose C12H22O11 + H1K1O4S1 -> C12H23K1O15S1 + C2H3K1O2 -> C14H26K2O17S1 + [41]K1K-1 -> [41]K1C14H26K1O17S1"
2629,245.0102,13.64,4.75,"Artifact","C5Cr1H11N3O5",0.73,"citrulline C6H13N3O3 + Cr1O3 -> C6Cr1H13N3O6 - C1H2O1 -> C5Cr1H11N3O5"
2630,247.0497,13.51,4.85,"Artifact","Ring_artifact_C5Cr1H9N1O7",0.41,"glutamate C5H9N1O4 + Cr1O3 -> C5Cr1H9N1O7 + Ring_artifact -> Ring_artifact_C5Cr1H9N1O7"
2631,231.1469,7.1,4.61,"Metabolite","C11H21N1O4",0.68,"Butyrylcarnitine C11H21N1O4"
2632,231.1469,2.98,4.46,"Metabolite","C11H21N1O4",0.68,"Butyrylcarnitine C11H21N1O4"
2633,174.0888,16.78,5.09,"Artifact","Ring_artifact_C6H14N4O2",0.55,"L-Arginine C6H14N4O2 + Ring_artifact -> Ring_artifact_C6H14N4O2"
2634,316.1234,16.8,4.85,"Unknown","Unknown",0.34,"Unknown"
2635,180.0978,2.89,4.66,"Artifact","[13]C1C9H13N1O2",1.02,"Peak 617 C10H13N1O2 + [13]C1C-1 -> [13]C1C9H13N1O2"
2636,280.1422,7.1,4.86,"Putative metabolite","C14H20N2O4",0.38,"Glycyl-L-tyrosine C11H14N2O4 + C2H4 -> C13H18N2O4 + C1H2 -> C14H20N2O4"
2637,374.1439,16.87,4.41,"Putative metabolite","C14H22N4O8",-0.36,"Argininosuccinic acid C10H18N4O6 + C2H2O1 -> C12H20N4O7 + C2H2O1 -> C14H22N4O8"
2638,374.1439,13.01,4.54,"Artifact","C14H22N4O8",-0.36,"2-Hydroxyhexanedioic Acid C6H10O5 + Peak 608 -> C14H22N4O8"
2639,374.1439,3.11,4.41,"Putative metabolite","C14H22N4O8",-0.36,"Argininosuccinic acid C10H18N4O6 + C2H2O1 -> C12H20N4O7 + C2H2O1 -> C14H22N4O8"
2640,335.0787,13.08,4.74,"Metabolite","C11H17N3O7S1",0.06,"S-Formylglutathione C11H17N3O7S1"
2641,188.0086,13.88,4.73,"Putative metabolite","C3H9O7P1",-0.06,"sn-glycerol-3-phosphate C3H9O6P1 + O1 -> C3H9O7P1"
2642,246.9976,13.39,4.83,"Artifact","[13]C1C4Cr1H10N2O6",0.6,"glutamine C5H10N2O3 + [13]C1C-1 -> [13]C1C4H10N2O3 + Cr1O3 -> [13]C1C4Cr1H10N2O6"
2643,188.045,9.91,4.8,"Artifact","C5Cl1H13O5",0.8,"D-Arabitol C5H12O5 + Cl1H1 -> C5Cl1H13O5"
2644,415.8385,13.85,4.61,"Artifact","C5H8K4O10S1",0.35,"KHSO4 H1K1O4S1 + C2H3K1O2 + C2H3K1O2 -> C4H7K3O8S1 + C1H1K1O2 -> C5H8K4O10S1"
2645,229.1184,2.73,4.68,"Artifact","[13]C1C14H16O2",-0.07,"Peak 981 C15H16O2 + [13]C1C-1 -> [13]C1C14H16O2"
2646,394.116,14.2,4.82,"Putative metabolite","C13H22N4O8S1",-0.42,"Cysteine-glutathione disulphide C13H22N4O8S2 - S1 -> C13H22N4O8S1"
2647,202.0565,11.19,4.82,"Artifact","C5H11N2Na1O5",0.33,"DL-Valine C5H11N1O2 + N1Na1O3 -> C5H11N2Na1O5"
2648,202.0565,11.46,4.82,"Putative metabolite","C11H10N2S1",-0.15,"Thiamine C12H16N4O1S1 - H3N1 -> C12H13N3O1S1 - H3N1 -> C12H10N2O1S1 - C1O1 -> C11H10N2S1"
2649,629.2762,13.62,4.74,"Artifact","C20H45N7Na1O12P1",-0.08,"citrulline C6H13N3O3 + Peak 1326 -> C14H33N4O9P1 + Peak 884 -> C20H45N7Na1O12P1"
2650,221.0146,11.41,4.51,"Artifact","C4H8N1Na1O8",0.73,"L-Threonic acid C4H8O5 + N1Na1O3 -> C4H8N1Na1O8"
2651,367.0564,13.49,4.66,"Artifact","C12Ca1H15N4O7",0.72,"Peak 855 C10H14N4O5 + C2Ca1H2O2 -> C12Ca1H16N4O7 - H1 -> C12Ca1H15N4O7"
2652,268.9606,13.83,4.74,"Artifact","C4H8K1N1O8S1",0.63,"CH3COOK C2H3K1O2 + C1H2O2 + C1H1N1 -> C4H6K1N1O4 + H2O4S1 -> C4H8K1N1O8S1"
2653,186.0639,12.67,4.85,"Putative metabolite","C7H10N2O4",0.7,"N-Acetyl-glutamine C7H12N2O4 - H2 -> C7H10N2O4"
2654,186.0639,13.74,4.86,"Artifact","C7H10N2O4",0.84,"erythro-4-hydroxy-L-glutamic acid C5H9N1O5 + C2H3N1 -> C7H12N2O5 - H2O1 -> C7H10N2O4"
2655,303.1067,9.26,4.84,"Artifact","C11H17N3O7",-0.17,"cytidine C9H13N3O5 + C2H4O2 -> C11H17N3O7"
2656,199.9217,13.86,4.55,"Artifact","[41]K1C1H3O7S1",0.37,"KHCO3 C1H1K1O3 + H2O4S1 + [41]K1K-1 -> [41]K1C1H3O7S1"
2657,114.9962,2.26,4.4,"Unknown","Unknown",0.78,"Unknown"
2658,113.0243,5.32,4.86,"Unknown","Unknown",0.8,"Unknown"
2659,355.13,13.01,4.69,"Artifact","C13H25N1O8S1",0.25,"Peak 1829 C11H21N1O6S1 + C2H4O2 -> C13H25N1O8S1"
2660,233.9096,14.14,4.86,"Artifact","H5K1O8P2",0.31,"H3PO4 dimer H6O8P2 + H-1K1"
2661,175.0156,13,4.64,"Unknown","Unknown",0.54,"Unknown"
2662,158.0184,13.89,5.26,"Artifact","Ring_artifact_C4H7K1O4",0.59,"CH3COOK C2H3K1O2 + C2H4O2 + Ring_artifact -> Ring_artifact_C4H7K1O4"
2663,652.1042,14.18,4.82,"Artifact","[34]S1C20H31K1N6O12S1",-0.86,"glutathione disulfide C20H32N6O12S2 + [34]S1S-1 -> [34]S1C20H32N6O12S1 + H-1K1 -> [34]S1C20H31K1N6O12S1"
2664,127.0997,2.32,4.49,"Putative metabolite","C7H13N1O1",0.11,"Acetylcholine C7H15N1O2 - H2O1 -> C7H13N1O1"
2665,203.9919,13.49,4.77,"Artifact","[13]C1C3Cr1H9N1O5",0.17,"glutamate C5H9N1O4 - C1O2 -> C4H9N1O2 + Cr1O3 -> C4Cr1H9N1O5 + [13]C1C-1 -> [13]C1C3Cr1H9N1O5"
2666,114.0793,13.64,4.77,"Artifact","C5H10N2O1",0.11,"Ornithine C5H12N2O2 - H2O1 -> C5H10N2O1"
2667,498.1007,13.5,4.82,"Artifact","C15H24N4Na2O10S1",0.31,"glutamate C5H9N1O4 + H-1Na1 -> C5H8N1Na1O4 + Peak 1046 -> C15H24N4Na2O10S1"
2668,359.3037,2.81,4.7,"Artifact","C20H41N1O4",-0.39,"Peak 3656 C21H41N1O6 - C1O2 -> C20H41N1O4"
2669,457.8857,13.9,4.67,"Artifact","[41]K1C8H12K3O12",0.27,"KHCO3 C1H1K1O3 + C2H4O2 + C2H3K1O2 -> C5H8K2O7 + Peak 1704 -> C8H12K4O12 + [41]K1K-1 -> [41]K1C8H12K3O12"
2670,382.0394,2.93,4.6,"Putative metabolite","C13H18O9S2",-0.46,"2-methyl-3-methyldithiofuran C6H8O1S2 + C1O2 -> C7H8O3S2 + O1 -> C7H8O4S2 + C6H10O5 -> C13H18O9S2"
2671,378.3134,2.19,4.18,"Putative metabolite","C24H42O3",-0.01,"Butyl 2-methyl-2-propenoate C8H14O2 + C16H30O1 -> C24H44O3 - H2 -> C24H42O3"
2672,741.923,13.93,4.76,"Artifact","C16H23K3N2O20P2",0.08,"UDP-D-glucose C15H24N2O17P2 + H-2K2 -> C15H22K2N2O17P2 + C1H1K1O3 -> C16H23K3N2O20P2"
2673,258.9784,11.33,4.82,"Artifact","C6Cr1H9N1O7",0.04,"Peak 160 C6H9N1O4 + Cr1O3 -> C6Cr1H9N1O7"
2674,277.9349,13.84,4.7,"Unknown","Unknown",0.37,"Unknown"
2675,368.0638,13.46,4.82,"Artifact","C10H16N4O9S1",0,"Peak 403 C10H15N3O6S1 + H1N1O3 -> C10H16N4O9S1"
2676,165.0095,7.07,4.6,"Putative metabolite","C4H7N1O4S1",0.48,"aspartate C4H7N1O4 + S1 -> C4H7N1O4S1"
2677,261.1435,14.13,4.81,"Putative metabolite","C9H19N5O4",0.78,"N-Acetyl-L-arginine C8H16N4O3 + H1N1 -> C8H17N5O3 + C1H2O1 -> C9H19N5O4"
2678,261.1435,14.4,4.81,"Putative metabolite","C9H19N5O4",0.78,"N-Acetyl-L-arginine C8H16N4O3 + H1N1 -> C8H17N5O3 + C1H2O1 -> C9H19N5O4"
2679,358.1417,2.84,4.65,"Artifact","C20H22O6",-0.17,"3-Hydroxyphenylacetic acid C8H8O3 + Peak 2390 -> C20H22O6"
2680,358.1449,2.22,4.26,"Unknown","Unknown",0.31,"Unknown"
2681,90.05096,9.06,4.86,"Unknown","Unknown",1.2,"Unknown"
2682,441.9581,14.09,4.77,"Artifact","C9H13K1N2O12P2",-0.05,"UDP C9H14N2O12P2 + H-1K1 -> C9H13K1N2O12P2"
2683,405.1451,13.88,4.63,"Artifact","[13]C1[18]O1C13H26O12",-0.39,"Lactose C12H22O11 + C2H4O2 -> C14H26O13 + [13]C1C-1 -> [13]C1C13H26O13 + [18]O1O-1 -> [13]C1[18]O1C13H26O12"
2684,405.1451,14.83,4.17,"Artifact","[13]C1[18]O1C13H26O12",-0.39,"Trehalose C12H22O11 + C2H4O2 -> C14H26O13 + [13]C1C-1 -> [13]C1C13H26O13 + [18]O1O-1 -> [13]C1[18]O1C13H26O12"
2685,371.8697,13.84,4.6,"Artifact","C4H8K3Na1O9S1",0.25,"KHSO4 H1K1O4S1 + C2H3K1O2 + C2H3K1O2 -> C4H7K3O8S1 + H1Na1O1 -> C4H8K3Na1O9S1"
2686,273.0057,13.54,4.76,"Artifact","C8H7N3O6S1",-0.53,"Peak 1834 C7H5N3O3S1 + C1H2O3 -> C8H7N3O6S1"
2687,504.345,2.79,4.67,"Artifact","C30H48O6",0.18,"Peak 1702 C28H44O4 + C2H4O2 -> C30H48O6"
2688,411.7477,13.88,4.72,"Artifact","C2H1K5O10S1",-0.3,"KHCO3 C1H1K1O3 + H2O4S1 + H-2K2 -> C1H1K3O7S1 + C1H1K1O3 -> C2H2K4O10S1 + H-1K1 -> C2H1K5O10S1"
2689,117.8918,13.31,4.79,"Unknown","Unknown",0.77,"Unknown"
2690,322.0565,13.56,4.74,"Artifact","Ring_artifact_C10H18N4O6S1",0.33,"Peak 230 C10H18N4O6S1 + Ring_artifact -> Ring_artifact_C10H18N4O6S1"
2691,441.0961,13.88,4.52,"Artifact","[13]C1C13H25K1O13",1.08,"Lactose C12H22O11 + [13]C1C-1 -> [13]C1C11H22O11 + C2H3K1O2 -> [13]C1C13H25K1O13"
2692,441.0964,14.83,4.2,"Artifact","[13]C1C13H25K1O13",0.4,"Trehalose C12H22O11 + [13]C1C-1 -> [13]C1C11H22O11 + C2H3K1O2 -> [13]C1C13H25K1O13"
2693,161.9446,13.78,4.47,"Unknown","Unknown",0.58,"Unknown"
2694,427.1339,13.04,4.69,"Artifact","[13]C1C14H26N2O10S1",0.63,"Peak 2909 C13H23N1O10S1 + C2H3N1 -> C15H26N2O10S1 + [13]C1C-1 -> [13]C1C14H26N2O10S1"
2695,433.8498,13.88,4.63,"Artifact","C5H10K4O11S1",-1.36,"CH3COOK C2H3K1O2 + C2H4O2 + H1K1O1 -> C4H8K2O5 + Peak 1877 -> C5H10K4O11S1"
2696,635.1375,14.19,4.77,"Artifact","[13]C1C19H31N6Na1O12S2",-0.38,"glutathione disulfide C20H32N6O12S2 + [13]C1C-1 -> [13]C1C19H32N6O12S2 + H-1Na1 -> [13]C1C19H31N6Na1O12S2"
2697,481.9892,14.16,4.79,"Metabolite","C10H17N2O14P3",0.13,"dTTP C10H17N2O14P3"
2698,499.2911,7.11,4.74,"Artifact","C22H46N1O9P1",-0.16,"PA(18:1(9Z)/0:0) C21H41O7P1 + H3N1 -> C21H44N1O7P1 + C1H2O2 -> C22H46N1O9P1"
2699,180.0997,7.08,4.77,"Artifact","C7H16O5",0.41,"(R)-2,3-Dihydroxy-3-methylvalerate C6H12O4 + C1H4O1 -> C7H16O5"
2700,245.0484,13,4.54,"Artifact","C6Cl1H16N1O5Si1",0.93,"alanine C3H7N1O2 + C3H8O3Si1 -> C6H15N1O5Si1 + Cl1H1 -> C6Cl1H16N1O5Si1"
2701,505.7466,13.84,4.73,"Artifact","C2H6K4O14S3",0.38,"KHSO4 H1K1O4S1 + C2H3K1O2 + Peak 136 -> C2H6K4O14S3"
2702,176.0512,13.36,4.66,"Artifact","[13]C1C5H9N1O5",1.29,"Peak 580 C6H9N1O5 + [13]C1C-1 -> [13]C1C5H9N1O5"
2703,206.2598,2.58,5.48,"Artifact","Ring_artifact_C14H22O1",0.47,"alpha-Isomethyl-ionone C14H22O1 + Ring_artifact -> Ring_artifact_C14H22O1"
2704,218.9964,2.65,4.41,"Putative metabolite","C3H10N1O6P1S1",1.12,"D-phospho-L-serine C3H8N1O6P1 + H2S1 -> C3H10N1O6P1S1"
2705,185.0663,12.2,4.83,"Artifact","C6H12N1Na1O4",0.55,"b-Aminoisobutyric acid C4H9N1O2 + C2H3Na1O2 -> C6H12N1Na1O4"
2706,185.0663,11.19,4.39,"Artifact","C6H12N1Na1O4",0.55,"DL-Valine C5H11N1O2 + C1H1Na1O2 -> C6H12N1Na1O4"
2707,505.9504,14.38,4.78,"Artifact","C9H14N2Na1O15P3",0.14,"UTP C9H15N2O15P3 + H-1Na1 -> C9H14N2Na1O15P3"
2708,98.15895,13.84,4.62,"Unknown","Unknown",1.11,"Unknown"
2709,261.0959,13.59,4.8,"Artifact","C9H15N3O6",0.71,"Peak 1222 C7H12N2O6 + C2H3N1 -> C9H15N3O6"
2710,261.096,13.96,4.8,"Artifact","C9H15N3O6",0.33,"Peak 2478 C10H17N3O7 - C1H2O1 -> C9H15N3O6"
2711,261.0959,11.98,4.27,"Putative metabolite","C9H15N3O6",0.6,"Cytidine C9H13N3O5 + H2O1 -> C9H15N3O6"
2712,405.7997,13.88,4.47,"Artifact","C2H6K4O10S1Si1",0.55,"KHSO4 H1K1O4S1 + C2H3K1O2 + Peak 3105 -> C2H6K4O10S1Si1"
2713,231.0143,13.78,4.81,"Artifact","C4H10N1O8P1",0.44,"D-phospho-L-serine C3H8N1O6P1 + C1H2O2 -> C4H10N1O8P1"
2714,402.3924,14.82,4.14,"Artifact","Ring_artifact_C14H26O13",0.28,"Trehalose C12H22O11 + C2H4O2 -> C14H26O13 + Ring_artifact -> Ring_artifact_C14H26O13"
2715,447.0638,14.01,4.78,"Artifact","[13]C1C10H20N4O11P2",-0.14,"CDP-Ethanolamine C11H20N4O11P2 + [13]C1C-1 -> [13]C1C10H20N4O11P2"
2716,331.1969,14.4,4.79,"Putative metabolite","C20H29N1O1S1",0.26,"Retinoic Acid C20H28O2 + S1 -> C20H28O2S1 - H-1N-1O1 -> C20H29N1O1S1"
2717,200.0854,11.2,4.77,"Artifact","[13]C1C6H14N1Na1O4",0.04,"DL-Valine C5H11N1O2 + [13]C1C-1 -> [13]C1C4H11N1O2 + C2H3Na1O2 -> [13]C1C6H14N1Na1O4"
2718,226.9885,13.5,4.74,"Artifact","C6Cr1H9N1O5",0.35,"Peak 2152 C4H7N1O1 + Cr1O3 -> C4Cr1H7N1O4 - H2O1 -> C4Cr1H5N1O3 + C2H4O2 -> C6Cr1H9N1O5"
2719,376.0455,13.97,4.77,"Artifact","C10H17K1N4O7S1",0,"Peak 3134 C10H16N4O6S1 + H1K1O1 -> C10H17K1N4O7S1"
2720,291.0024,13.86,4.8,"Artifact","C6H11K1N3O6P1",-0.5,"Creatinine C4H7N3O1 + H1O3P1 + C2H3K1O2 -> C6H11K1N3O6P1"
2721,558.3365,3.07,4.81,"Unknown","Unknown",0.23,"Unknown"
2722,454.289,3.07,4.83,"Artifact","[13]C1C20H44N1O7P1",-0.23,"PA(18:1(9Z)/0:0) C21H41O7P1 + H3N1 -> C21H44N1O7P1 + [13]C1C-1 -> [13]C1C20H44N1O7P1"
2723,234.0149,13,4.67,"Artifact","C6H12N2Ni1O4",0.64,"alanine C3H7N1O2 * 2 -> C6H14N2O4 + H-2Ni1 -> C6H12N2Ni1O4"
2724,408.1314,14.25,4.76,"Putative metabolite","C14H24N4O8S1",0.21,"Cysteine-glutathione disulphide C13H22N4O8S2 + C1H2 -> C14H24N4O8S2 - S1 -> C14H24N4O8S1"
2725,314.1551,2.24,4.84,"Putative metabolite","C16H26O4S1",0.25,"N-Formyl-L-methionine C6H11N1O3S1 + H-1N-1O1 -> C6H10O4S1 + C5H8 -> C11H18O4S1 + C5H8 -> C16H26O4S1"
2726,643.0331,14.1,4.83,"Artifact","C16H24K1N5O16P2",-0.1,"Peak 499 C16H25N5O16P2 + H-1K1 -> C16H24K1N5O16P2"
2727,254.1365,4.52,4.82,"Artifact","C10H22O7",0.21,"Peak 529 C8H18O5 + C2H4O2 -> C10H22O7"
2728,436.195,2.1,4.37,"Putative metabolite","C20H36O6S2",0.76,"Linoleic acid C18H32O2 + C2H2O1 -> C20H34O3 + O3S1 -> C20H34O6S1 + H2S1 -> C20H36O6S2"
2729,217.0041,11.31,4.81,"Artifact","Ring_artifact_C8H15N3O4",0.46,"Peak 167 C8H15N3O4 + Ring_artifact -> Ring_artifact_C8H15N3O4"
2730,205.0574,7.75,4.86,"Artifact","C6H8N5Na1O2",0.83,"7-Methylguanine C6H7N5O1 + H1Na1O1 -> C6H8N5Na1O2"
2731,174.148,16.77,4.16,"Artifact","Ring_artifact_C6H14N4O2",0.55,"L-Arginine C6H14N4O2 + Ring_artifact -> Ring_artifact_C6H14N4O2"
2732,561.7229,13.85,4.68,"Artifact","C4H8K6O13S2",-0.05,"CH3COOK C2H3K1O2 + Peak 1786 -> C4H8K6O13S2"
2733,193.0246,4.07,4.3,"Unknown","Unknown",0.5,"Unknown"
2734,323.1217,12.96,4.18,"Artifact","C12H21N1O9",-0.21,"Peak 1250 C10H17N1O7 + C2H4O2 -> C12H21N1O9"
2735,213.842,7.17,4.78,"Unknown","Unknown",0.46,"Unknown"
2736,222.0115,13.29,4.8,"Artifact","C6H8Na2O6",0.57,"Succinic acid C4H6O4 + H-1Na1 -> C4H5Na1O4 + C2H3Na1O2 -> C6H8Na2O6"
2737,311.2462,2.28,4.76,"Putative metabolite","C18H33N1O3",-0.5,"Linoleic acid C18H32O2 + H1N1 -> C18H33N1O2 + O1 -> C18H33N1O3"
2738,241.9842,14.35,4.73,"Artifact","C4.5H7.5N1O7.5P1.5",0.26,"UTP C9H15N2O15P3 / 2 -> C4.5H7.5N1O7.5P1.5"
2739,151.0162,2.52,5.24,"Unknown","Unknown",0.62,"Unknown"
2740,419.2213,2.08,4.8,"Unknown","Unknown",0.28,"Unknown"
2741,570.2803,3.06,4.7,"Metabolite","C25H47O12P1",0.37,"PI(16:1(9Z)/0:0) C25H47O12P1"
2742,405.0056,14.11,4.85,"Artifact","[13]C1C8H14N2O12P2",-0.12,"UDP C9H14N2O12P2 + [13]C1C-1 -> [13]C1C8H14N2O12P2"
2743,276.1151,13.64,4.76,"Artifact","[13]C1C9H17N3O6",-0.04,"Peak 759 C10H17N3O6 + [13]C1C-1 -> [13]C1C9H17N3O6"
2744,322.072,13.01,4.64,"Putative metabolite","C12H18O8S1",0.74,"2-[(Methylthio)methyl]-2-butenal C6H10O1S1 + C6H8O6 -> C12H18O7S1 + O1 -> C12H18O8S1"
2745,264.1571,4.2,4.4,"Artifact","C12H24O6",0.71,"ethyl 3-hydroxybutanoate C6H12O3 * 2 -> C12H24O6"
2746,133.0988,9.83,4.81,"Artifact","[18]O1C6H13N1O1",0.56,"isoleucine C6H13N1O2 + [18]O1O-1 -> [18]O1C6H13N1O1"
2747,133.0988,9.31,4.74,"Artifact","[18]O1C6H13N1O1",0.56,"leucine C6H13N1O2 + [18]O1O-1 -> [18]O1C6H13N1O1"
2748,681.6336,13.87,4.61,"Unknown","Unknown",0.2,"Unknown"
2749,697.4504,16.77,4.83,"Artifact","[13]C1C23H56N16O8",-0.49,"L-Arginine C6H14N4O2 * 4 -> C24H56N16O8 + [13]C1C-1 -> [13]C1C23H56N16O8"
2750,212.0715,3.01,4.33,"Artifact","C6H16O6Si1",0.54,"4-Methylvaleric acid C6H12O2 + H4O4Si1 -> C6H16O6Si1"
2751,258.9577,13.89,4.77,"Artifact","[13]C1C4H8K2O7",0.28,"CH3COOK C2H3K1O2 + C2H4O2 + [13]C1C-1 -> [13]C1C3H7K1O4 + C1H1K1O3 -> [13]C1C4H8K2O7"
2752,224.9708,13.87,4.55,"Artifact","C3H8K1N1O6S1",0.62,"CH3COOK C2H3K1O2 + C1H2O2 + C1H1N1 -> C4H6K1N1O4 + H2O4S1 -> C4H8K1N1O8S1 - C1O2 -> C3H8K1N1O6S1"
2753,569.7645,13.88,4.55,"Artifact","[41]K1C7H10K5O13S1",0.13,"CH3COOK C2H3K1O2 + C2H4O2 + Peak 738 -> C7H10K6O13S1 + [41]K1K-1 -> [41]K1C7H10K5O13S1"
2754,174.796,13.65,4.69,"Unknown","Unknown",0.54,"Unknown"
2755,481.3074,7.1,4.8,"Artifact","[13]C2C21H46N1O7P1",1.04,"Peak 3587 C21H43O7P1 + C2H3N1 -> C23H46N1O7P1 + [13]C1C-1 -> [13]C1C22H46N1O7P1 + [13]C1C-1 -> [13]C2C21H46N1O7P1"
2756,299.9065,13.88,4.68,"Artifact","[41]K2C5H7K1O7",0.12,"KHCO3 C1H1K1O3 + C2H3K1O2 + C2H3K1O2 -> C5H7K3O7 + [41]K1K-1 -> [41]K1C5H7K2O7 + [41]K1K-1 -> [41]K2C5H7K1O7"
2757,272.0081,13.55,4.73,"Unknown","Unknown",0.38,"Unknown"
2758,380.0901,14.83,4.13,"Artifact","[37]Cl1C12H23O11",-0.42,"Trehalose C12H22O11 + Cl1H1 -> C12Cl1H23O11 + [37]Cl1Cl-1 -> [37]Cl1C12H23O11"
2759,246.1327,12.61,4.83,"Putative metabolite","C9H18N4O4",0.43,"N-Acetyl-L-arginine C8H16N4O3 + C1H2O1 -> C9H18N4O4"
2760,703.9674,13.93,4.8,"Artifact","C16H24K2N2O20P2",-0.32,"UDP-D-glucose C15H24N2O17P2 + H-1K1 -> C15H23K1N2O17P2 + C1H1K1O3 -> C16H24K2N2O20P2"
2761,243.1036,11.81,4.76,"Unknown","Unknown",0.42,"Unknown"
2762,243.1035,11.36,4.67,"Unknown","Unknown",0.42,"Unknown"
2763,374.2164,13.44,4.8,"Artifact","C16H30N4O6",0.36,"Pyroglutamic acid C5H7N1O3 + Peak 968 -> C16H30N4O6"
2764,323.0627,13.01,4.82,"Artifact","C10H22K1N1O4S2",0.1,"alanine C3H7N1O2 + Peak 2723 -> C10H22K1N1O4S2"
2765,475.7457,13.88,4.38,"Artifact","C3H5K5O11S2",0.34,"KHSO4 H1K1O4S1 + Peak 2970 -> C3H5K5O11S2"
2766,151.8709,7.17,4.73,"Unknown","Unknown",0.61,"Unknown"
2767,497.8021,13.92,4.72,"Artifact","C6H7K5O14",0.03,"KHCO3 C1H1K1O3 + C2H4O2 + Peak 1663 -> C6H7K5O14"
2768,293.9309,14.11,4.8,"Artifact","C2H9K1O10P2",-0.34,"H3PO4 dimer H6O8P2 + C2H3K1O2"
2769,195.9248,2.33,4.83,"Unknown","Unknown",0.5,"Unknown"
2770,214.0197,3.5,3.97,"Unknown","Unknown",0.46,"Unknown"
2771,203.0091,2.32,4.79,"Unknown","Unknown",0.48,"Unknown"
2772,191.0874,4.13,4.8,"Artifact","[13]C1C7H14O5",0.41,"3-hydroxy-2-isopropyl-4-methoxy-4-oxobutanoate C8H14O5 + [13]C1C-1 -> [13]C1C7H14O5"
2773,215.0405,13.58,4.79,"Artifact","C6H10N1Na1O6",0.38,"aspartate C4H7N1O4 + C2H3Na1O2 -> C6H10N1Na1O6"
2774,142.2022,14.45,4.77,"Unknown","Unknown",0.65,"Unknown"
2775,430.9804,13.92,4.57,"Artifact","C10H15K2N3O9S1",-0.2,"Peak 1291 C10H17N3O9S1 + H-2K2 -> C10H15K2N3O9S1"
2776,187.0956,7.09,4.8,"Putative metabolite","C7H13N3O3",0.49,"N-Acetyl-glutamine C7H12N2O4 - H-1N-1O1 -> C7H13N3O3"
2777,118.9217,13.01,4.71,"Unknown","Unknown",0.76,"Unknown"
2778,459.9688,13.93,4.79,"Artifact","C9H15K1N2O13P2",-0.34,"UMP C9H13N2O9P1 + H2K1O4P1 -> C9H15K1N2O13P2"
2779,377.1257,13,4.69,"Unknown","Unknown",0.3,"Unknown"
2780,227.0558,13.58,4.71,"Putative metabolite","C6H14N1O6P1",0.32,"Phosphorylcholine C5H14N1O4P1 + C1O2 -> C6H14N1O6P1"
2781,389.1956,2.08,4.67,"Unknown","Unknown",0.29,"Unknown"
2782,356.9348,13.89,4.66,"Artifact","[13]C1C6H11K3O9",-0.05,"CH3COOK C2H3K1O2 + C2H4O2 + Peak 1704 -> C7H11K3O9 + [13]C1C-1 -> [13]C1C6H11K3O9"
2783,325.0442,13.68,4.59,"Artifact","C7H17K1N3O7P1",-0.25,"Peak 1367 C7H18N3O7P1 + H-1K1 -> C7H17K1N3O7P1"
2784,131.0218,8.84,4.83,"Metabolite","C4H5N1O4",0.44,"Iminoaspartic acid C4H5N1O4"
2785,303.1066,8.79,4.57,"Artifact","C11H17N3O7",0.16,"thymidine C10H14N2O5 + H1N1 + C1H2O2 -> C11H17N3O7"
2786,169.9782,13.42,4.77,"Artifact","C3Cr1H6N2O3",0.88,"asparagine C4H8N2O3 + Cr1O3 -> C4Cr1H8N2O6 - C1O2 -> C3Cr1H8N2O4 - H2O1 -> C3Cr1H6N2O3"
2787,443.7461,13.85,4.55,"Artifact","H4K4O12S2Si1",0.16,"KHSO4 H1K1O4S1 + H1K1O4S1 + Peak 3105 -> H4K4O12S2Si1"
2788,163.9471,2.6,4.61,"Unknown","Unknown",0.58,"Unknown"
2789,281.9923,13.83,4.62,"Putative metabolite","C3H11N2O9P1S1",-0.05,"D-phospho-L-serine C3H8N1O6P1 + H2O1 -> C3H10N1O7P1 + O3S1 -> C3H10N1O10P1S1 - H-1N-1O1 -> C3H11N2O9P1S1"
2790,281.0681,13.96,4.74,"Putative metabolite","C8H15N3O6S1",0.2,"glutathione C10H17N3O6S1 - C2H4 -> C8H13N3O6S1 + H2 -> C8H15N3O6S1"
2791,391.1414,12.33,4.25,"Unknown","Unknown",0.29,"Unknown"
2792,334.2356,2.76,4.59,"Unknown","Unknown",0.33,"Unknown"
2793,375.1797,2.09,4.68,"Unknown","Unknown",0.3,"Unknown"
2794,434.2034,13.61,4.68,"Artifact","[18]O1C14H33N4O8P1",-1.47,"citrulline C6H13N3O3 + Peak 1326 -> C14H33N4O9P1 + [18]O1O-1 -> [18]O1C14H33N4O8P1"
2795,321.063,13.7,4.73,"Putative metabolite","C10H15N3O7S1",0.22,"S-Formylglutathione C11H17N3O7S1 - C1H2 -> C10H15N3O7S1"
2796,203.0078,13.37,4.6,"Artifact","[13]C1C3Cr1H10N2O4",0.59,"glutamine C5H10N2O3 + [13]C1C-1 -> [13]C1C4H10N2O3 + Cr1O3 -> [13]C1C4Cr1H10N2O6 - C1O2 -> [13]C1C3Cr1H10N2O4"
2797,134.0344,13.59,4.77,"Artifact","Ring_artifact_C4H6O5",0.68,"malate C4H6O5 + Ring_artifact -> Ring_artifact_C4H6O5"
2798,252.0858,7.19,4.79,"Metabolite","C10H12N4O4",0.22,"deoxyinosine C10H12N4O4"
2799,440.3655,2.3,4.75,"Putative metabolite","C30H48O2",-0.16,"Obtusifoliol C30H50O2 - H2 -> C30H48O2"
2800,272.0772,8.72,4.83,"Artifact","C12H13N2Na1O4",0.37,"tryptophan C11H12N2O2 + C1H1Na1O2 -> C12H13N2Na1O4"
2801,309.1172,11.29,4.76,"Artifact","C10H19N3O8",0.05,"DL-Valine C5H11N1O2 + Peak 3520 -> C10H19N3O8"
2802,481.3167,7.1,4.66,"Metabolite","C23H48N1O7P1",0.29,"PE(18:0/0:0) C23H48N1O7P1"
2803,484.972,14.39,4.65,"Artifact","[13]C1C8H15N2O15P3",-0.24,"UTP C9H15N2O15P3 + [13]C1C-1 -> [13]C1C8H15N2O15P3"
2804,177.0767,11.3,4.76,"Artifact","[15]N1C6H12N1O4",0.24,"Diaminopimelic Acid C7H14N2O4 - C1H2 + [15]N1N-1 -> [15]N1C6H12N1O4"
2805,436.259,3.08,4.74,"Metabolite","C21H41O7P1",-0.02,"PA(18:1(9Z)/0:0) C21H41O7P1"
2806,305.0899,13,4.61,"Putative metabolite","C15H15N1O6",0.12,"Epigallocatechin C15H14O7 - H-1N-1O1 -> C15H15N1O6"
2807,243.1915,2.68,4.74,"Artifact","[13]C1C13H26O3",0.2,"3-Oxo-7,8-dihydro-alpha-ionol C13H22O2 + C1H4O1 -> C14H26O3 + [13]C1C-1 -> [13]C1C13H26O3"
2808,249.1728,2.61,4.7,"Putative metabolite","C15H23N1O2",0.32,"alpha-Isomethyl-ionone C14H22O1 + C1O1 -> C15H22O2 + H1N1 -> C15H23N1O2"
2809,204.0569,7.2,4.74,"Artifact","C7H12N2O3S1",-0.18,"N-Formyl-L-methionine C6H11N1O3S1 + C1H1N1 -> C7H12N2O3S1"
2810,168.0694,4.2,4.61,"Artifact","[13]C2C7H10O3",1.81,"Phenylacetaldehyde C8H8O1 + C1H2O2 -> C9H10O3 + [13]C1C-1 -> [13]C1C8H10O3 + [13]C1C-1 -> [13]C2C7H10O3"
2811,197.9219,2.33,4.8,"Unknown","Unknown",0.49,"Unknown"
2812,116.2445,4.24,4.58,"Unknown","Unknown",0.78,"Unknown"
2813,356.143,11.3,4.8,"Artifact","C12H24N2O10",0.27,"Peak 1039 C10H21N1O10 + C2H3N1 -> C12H24N2O10"
2814,205.0374,7.49,4.78,"Metabolite","C10H7N1O4",0.53,"Xanthurenic acid C10H7N1O4"
2815,359.1428,13,4.4,"Artifact","C12H25N1O11",-0.11,"Peak 4395 C10H21N1O9 + C2H4O2 -> C12H25N1O11"
2816,266.0701,9.06,4.78,"Artifact","C10H15N2Na1O3S1",0.03,"biotin C10H16N2O3S1 + H-1Na1 -> C10H15N2Na1O3S1"
2817,437.7809,13.93,4.72,"Artifact","C4H3K5O12",0.19,"KHCO3 C1H1K1O3 + C1H2O3 + H-2K2 -> C2H1K3O6 + C1H1K1O3 -> C3H2K4O9 + C1H1K1O3 -> C4H3K5O12"
2818,283.128,13.05,4.72,"Metabolite","C11H17N5O4",0.19,"1-Methyladenosine C11H17N5O4"
2819,283.1268,12.1,4.28,"Putative metabolite","C10H21N1O8",-0.29,"threonine C4H9N1O3 + C6H10O5 -> C10H19N1O8 + H2 -> C10H21N1O8"
2820,249.1041,11.29,4.76,"Artifact","[13]C1C8H16N2O6",0.37,"Peak 717 C9H16N2O6 + [13]C1C-1 -> [13]C1C8H16N2O6"
2821,250.1933,2.61,4.6,"Putative metabolite","C16H26O2",-0.08,"palmitoleic acid C16H30O2 - H2 -> C16H28O2 - H2 -> C16H26O2"
2822,344.0767,13.67,4.77,"Artifact","C10H17N4Na1O6S1",-0.15,"Peak 230 C10H18N4O6S1 + H-1Na1 -> C10H17N4Na1O6S1"
2823,608.2973,13.62,4.69,"Artifact","[13]C1C19H46N7O12P1",0.43,"citrulline C6H13N3O3 + Peak 226 -> C20H46N7O12P1 + [13]C1C-1 -> [13]C1C19H46N7O12P1"
2824,483.1746,13.38,4.69,"Artifact","[13]C1C14H28N6Na2O9",0.09,"glutamine C5H10N2O3 + Peak 550 -> C10H19N4Na1O6 + Peak 550 -> C15H28N6Na2O9 + [13]C1C-1 -> [13]C1C14H28N6Na2O9"
2825,305.094,7.59,4.79,"Artifact","[13]C1C10H16N2O8",0.07,"uridine C9H12N2O6 + C2H4O2 -> C11H16N2O8 + [13]C1C-1 -> [13]C1C10H16N2O8"
2826,175.0729,11.26,4.47,"Artifact","[18]O1C7H11N1O3",0.88,"N-Acetyl-L-glutamate 5-semialdehyde C7H11N1O4 + [18]O1O-1 -> [18]O1C7H11N1O3"
2827,175.0728,10.32,3.79,"Artifact","[18]O1C7H11N1O3",1.45,"N-Acetyl-L-glutamate 5-semialdehyde C7H11N1O4 + [18]O1O-1 -> [18]O1C7H11N1O3"
2828,255.9947,13.45,4.82,"Unknown","Unknown",0.4,"Unknown"
2829,297.9259,13.9,4.7,"Artifact","C5H9K3O7",0.16,"CH3COOK C2H3K1O2 + C2H4O2 + H1K1O1 -> C4H8K2O5 + C1H1K1O2 -> C5H9K3O7"
2830,793.5472,4.45,4.78,"Putative metabolite","C41H80N1O11P1",-0.38,"PS(18:0/0:0) C24H48N1O9P1 + C1H2O1 -> C25H50N1O10P1 + C16H30O1 -> C41H80N1O11P1"
2831,365.195,7.1,4.81,"Unknown","Unknown",0.31,"Unknown"
2832,320.0968,7.99,4.59,"Putative metabolite","C10H16N4O8",0.04,"Cytidine C9H13N3O5 + H2O1 -> C9H15N3O6 + C1O2 -> C10H15N3O8 + H1N1 -> C10H16N4O8"
2833,320.0968,7.25,4.79,"Artifact","C10H16N4O8",0.04,"thymidine C10H14N2O5 + H1N1 + H1N1O3 -> C10H16N4O8"
2834,318.1063,5.3,4.82,"Artifact","C12H18N2O8",0.05,"Ribothymidine C10H14N2O6 + C2H4O2 -> C12H18N2O8"
2835,318.1063,13.78,4.76,"Putative metabolite","C12H18N2O8",0.05,"gamma-amino-gamma-cyanobutanoic acid C5H8N2O2 + C6H8O6 -> C11H16N2O8 + C1H2 -> C12H18N2O8"
2836,190.0378,7.15,4.78,"Putative metabolite","C9H6N2O3",0.22,"Kynurenic acid C10H7N1O3 + H1N1 -> C10H8N2O3 - C1H2 -> C9H6N2O3"
2837,196.033,11.29,4.65,"Artifact","C4H8N2O7",0.77,"Aminoadipic acid C6H11N1O4 - C2H4 + H1N1O3 -> C4H8N2O7"
2838,295.251,2.82,4.68,"Putative metabolite","C18H33N1O2",0.44,"Linoleic acid C18H32O2 + H1N1 -> C18H33N1O2"
2839,149.0312,7.11,4.68,"Artifact","[34]S1C5H9N1O2",-0.03,"N-Formyl-L-methionine C6H11N1O3S1 + [34]S1S-1 -> [34]S1C6H11N1O3 - C1H2O1 -> [34]S1C5H9N1O2"
2840,149.0313,8.74,3.95,"Artifact","[34]S1C5H9N1O2",-0.7,"Peak 1051 C5H9N1O2S1 + [34]S1S-1 -> [34]S1C5H9N1O2"
2841,647.0357,13.77,4.74,"Artifact","[41]K1C17H26N3O17P2",-0.2,"Uridine diphosphate-N-acetylglucosamine C17H27N3O17P2 + H-1K1 -> C17H26K1N3O17P2 + [41]K1K-1 -> [41]K1C17H26N3O17P2"
2842,269.0779,8.65,4.82,"Artifact","[15]N1C10H12N3O5",-0.36,"inosine C10H12N4O5 + [15]N1N-1 -> [15]N1C10H12N3O5"
2843,274.0454,13.67,4.71,"Artifact","C7H15O9P1",-0.11,"deoxyribose-phosphate C5H11O7P1 + C2H4O2 -> C7H15O9P1"
2844,134.1845,13.54,4.64,"Unknown","Unknown",0.68,"Unknown"
2845,460.1768,13.37,4.72,"Unknown","Unknown",0.26,"Unknown"
2846,760.5086,3.04,4.75,"Artifact","[13]C1C39H74N1O10P1",-0.28,"PS(16:1(9Z)/18:1(9Z)) C40H74N1O10P1 + [13]C1C-1 -> [13]C1C39H74N1O10P1"
2847,246.0736,7.59,4.4,"Artifact","[18]O1C9H12N2O5",0.74,"uridine C9H12N2O6 + [18]O1O-1 -> [18]O1C9H12N2O5"
2848,338.0479,14.19,4.76,"Unknown","Unknown",0.32,"Unknown"
2849,200.01,13.37,4.73,"Artifact","C7H5K1N4O1",0.21,"hypoxanthine C5H4N4O1 + C1O1 + C2H3K1O2 -> C8H7K1N4O4 - H2O1 -> C8H5K1N4O3 - C1O2 -> C7H5K1N4O1"
2850,593.8188,13.91,4.51,"Artifact","[41]K1C8H14K4O16P1",-0.34,"CH3COOK C2H3K1O2 + C2H4O2 + Peak 1550 -> C8H14K5O16P1 + [41]K1K-1 -> [41]K1C8H14K4O16P1"
2851,380.0721,13.91,4.59,"Artifact","C12H21K1O11",-0.02,"Lactose C12H22O11 + H-1K1 -> C12H21K1O11"
2852,380.0722,14.81,4.14,"Artifact","C12H21K1O11",-0.28,"Trehalose C12H22O11 + H-1K1 -> C12H21K1O11"
2853,149.0766,13.4,4.77,"Artifact","[13]C1[18]O1C4H10N2O2",0.96,"glutamine C5H10N2O3 + [13]C1C-1 -> [13]C1C4H10N2O3 + [18]O1O-1 -> [13]C1[18]O1C4H10N2O2"
2854,167.0217,13.36,5.62,"Metabolite","C7H5N1O4",0.94,"quinolinate C7H5N1O4"
2855,217.06,13.61,4.7,"Artifact","[18]O1C5H14N1O5P1",0.55,"Peak 440 C4H12N1O4P1 + C1H2O2 -> C5H14N1O6P1 + [18]O1O-1 -> [18]O1C5H14N1O5P1"
2856,165.0121,8.85,4.91,"Artifact","Ring_artifact_C9H11N1O2",0.57,"phenylalanine C9H11N1O2 + Ring_artifact -> Ring_artifact_C9H11N1O2"
2857,160.0928,7.1,4.7,"Artifact","[13]C1C6H13N1O3",0.61,"N-Iso valerylglycine C7H13N1O3 + [13]C1C-1 -> [13]C1C6H13N1O3"
2858,199.9905,14.24,4.78,"Artifact","C3H9O6P1Si1",0.5,"H3PO4 H3O4P1 - H2O1 -> H1O3P1 + C3H8O3Si1 -> C3H9O6P1Si1"
2859,337.0581,13.68,4.78,"Putative metabolite","C10H15N3O8S1",-0.34,"Cytidine C9H13N3O5 + C1H2 -> C10H15N3O5 + O3S1 -> C10H15N3O8S1"
2860,337.0581,14,4.78,"Artifact","C10H15N3O8S1",-0.34,"Peak 1291 C10H17N3O9S1 - H2O1 -> C10H15N3O8S1"
2861,123.9925,14.37,4.74,"Artifact","C2H5O4P1",0.36,"trehalose-6-Phosphate C12H23O14P1 - Library_MS2_fragment -> C2H5O4P1"
2862,406.161,13.56,4.55,"Artifact","[18]O1C13H29N2O9P1",-1.9,"Peak 263 C13H29N2O10P1 + [18]O1O-1 -> [18]O1C13H29N2O9P1"
2863,335.9029,13.94,4.61,"Artifact","C5H8K3Na1O8",-0.28,"KHCO3 C1H1K1O3 + C2H3K1O2 + C2H3K1O2 -> C5H7K3O7 + H1Na1O1 -> C5H8K3Na1O8"
2864,288.1361,2.73,4.59,"Artifact","C17H20O4",0.21,"Peak 981 C15H16O2 + C2H4O2 -> C17H20O4"
2865,231.1217,11.26,4.76,"Artifact","C9H17N3O4",0.89,"N-Acetyl-L-glutamate 5-semialdehyde C7H11N1O4 + H3N1 -> C7H14N2O4 + C2H3N1 -> C9H17N3O4"
2866,282.0615,7.84,5.09,"Artifact","C9Cl1H15N2O6",1.29,"Peak 868 C9H14N2O6 + Cl1H1 -> C9Cl1H15N2O6"
2867,282.058,11.27,4.46,"Artifact","C8H11N4Na1O6",-1.32,"Peak 418 C8H11N3O3 + N1Na1O3 -> C8H11N4Na1O6"
2868,282.0599,13.37,4.38,"Artifact","[13]C1C8H15N1O7S1",1.34,"Peak 1259 C9H15N1O7S1 + [13]C1C-1 -> [13]C1C8H15N1O7S1"
2869,145.0631,4.21,5.09,"Artifact","Ring_artifact_[13]C1C7H16O2",0.64,"Caprylic acid C8H16O2 + [13]C1C-1 -> [13]C1C7H16O2 + Ring_artifact -> Ring_artifact_[13]C1C7H16O2"
2870,512.1899,2.35,4.67,"Artifact","C19H29N8O7P1",-0.43,"Peak 78 C8H16N3O4P1 + Peak 1249 -> C19H29N8O7P1"
2871,348.1021,16.26,4.71,"Artifact","C8H24N2O9Si2",-0.19,"ornithine C5H12N2O2 + H4O4Si1 -> C5H16N2O6Si1 + C3H8O3Si1 -> C8H24N2O9Si2"
2872,368.121,13.76,4.66,"Artifact","C10H21N6O7P1",-0.18,"citrulline C6H13N3O3 + Peak 2428 -> C10H21N6O7P1"
2873,151.988,2.93,4.87,"Artifact","Ring_artifact_C8H8O3",0.61,"3-Hydroxyphenylacetic acid C8H8O3 + Ring_artifact -> Ring_artifact_C8H8O3"
2874,277.1184,2.15,4.69,"Unknown","Unknown",0.38,"Unknown"
2875,277.1159,13.62,4.5,"Putative metabolite","C11H19N1O7",0.91,"Saccharopine C11H20N2O6 + H-1N-1O1 -> C11H19N1O7"
2876,348.1104,13.34,4.73,"Artifact","C12H20N4O6S1",-0.13,"glutathione C10H17N3O6S1 + C2H3N1 -> C12H20N4O6S1"
2877,164.1306,2.94,4.71,"Unknown","Unknown",0.57,"Unknown"
2878,162.0509,7.13,4.74,"Artifact","[13]C1C8H7N1O2",0.82,"Indole-2-carboxylic acid C9H7N1O2 + [13]C1C-1 -> [13]C1C8H7N1O2"
2879,591.8393,13.9,4.61,"Artifact","[41]K1C9H16K4O15P1",0.06,"H3PO4 H3O4P1 + Peak 817 -> C9H16K5O15P1 + [41]K1K-1 -> [41]K1C9H16K4O15P1"
2880,131.9361,13.02,4.46,"Unknown","Unknown",0.69,"Unknown"
2881,131.9362,13.42,4.47,"Artifact","Ring_artifact_C4H8N2O3",0.69,"asparagine C4H8N2O3 + Ring_artifact -> Ring_artifact_C4H8N2O3"
2882,560.175,2.35,4.73,"Artifact","C25H36O10S2",-0.02,"Peak 73 C12H18O1S2 + Peak 540 -> C24H34O7S2 + C1H2O3 -> C25H36O10S2"
2883,201.0095,3.72,4.77,"Putative metabolite","C7H7N1O4S1",0.39,"2-Furoylglycine C7H7N1O4 + S1 -> C7H7N1O4S1"
2884,331.1685,13.66,4.67,"Artifact","[13]C1C19H26O2S1",0.62,"Peak 910 C20H26O2S1 + [13]C1C-1 -> [13]C1C19H26O2S1"
2885,806.4944,7.06,4.64,"Putative metabolite","C41H75O13P1",0.16,"PI(14:0/18:1(9Z)) C41H77O13P1 - H2 -> C41H75O13P1"
2886,446.9517,13.82,4.62,"Artifact","C6H16K2N3O11P1S1",0.07,"citrulline C6H13N3O3 + H1K1O4S1 -> C6H14K1N3O7S1 + H2K1O4P1 -> C6H16K2N3O11P1S1"
2887,304.1117,13.58,4.78,"Artifact","[13]C1C8H22N1O8P1",-0.14,"Peak 115 C7H18N1O6P1 + [13]C1C-1 -> [13]C1C6H18N1O6P1 + C2H4O2 -> [13]C1C8H22N1O8P1"
2888,286.1617,16.25,4.81,"Unknown","Unknown",0.37,"Unknown"
2889,312.5884,14.17,4.57,"Unknown","Unknown",0.34,"Unknown"
2890,214.1317,9.82,4.76,"Metabolite","C10H18N2O3",0.2,"Dethiobiotin C10H18N2O3"
2891,214.1316,8.69,3.86,"Metabolite","C10H18N2O3",0.67,"Dethiobiotin C10H18N2O3"
2892,555.3437,7.09,4.72,"Artifact","[13]C2C24H52N1O9P1",1.76,"Peak 588 C27H54N1O10P1 - C1H2O1 -> C26H52N1O9P1 + [13]C1C-1 -> [13]C1C25H52N1O9P1 + [13]C1C-1 -> [13]C2C24H52N1O9P1"
2893,478.0486,13.88,4.67,"Artifact","C12H24K1O15P1",0.81,"Lactose C12H22O11 + H2K1O4P1 -> C12H24K1O15P1"
2894,214.1065,9.7,4.75,"Putative metabolite","C8H14N4O3",0.42,"2-(3-Carboxy-3-aminopropyl)-L-histidine C10H16N4O4 - C2H2O1 -> C8H14N4O3"
2895,214.1066,9.99,4.75,"Putative metabolite","C8H14N4O3",-0.05,"2-(3-Carboxy-3-aminopropyl)-L-histidine C10H16N4O4 - C2H2O1 -> C8H14N4O3"
2896,571.7436,13.9,4.49,"Artifact","[41]K1C6H8K5O14S1",0.41,"CH3COOK C2H3K1O2 + C2H4O2 + Peak 2688 -> C6H8K6O14S1 + [41]K1K-1 -> [41]K1C6H8K5O14S1"
2897,454.9117,13.91,4.68,"Artifact","[13]C1C8H14K4O11",0.21,"CH3COOK C2H3K1O2 + C2H4O2 + Peak 173 -> C9H14K4O11 + [13]C1C-1 -> [13]C1C8H14K4O11"
2898,172.0371,11.7,4.52,"Metabolite","C7H8O5",0.43,"3-Dehydroshikimic acid C7H8O5"
2899,132.0753,13.64,4.69,"Artifact","Ring_artifact_C5H12N2O2",0.69,"Ornithine C5H12N2O2 + Ring_artifact -> Ring_artifact_C5H12N2O2"
2900,202.0953,12.81,4.21,"Putative metabolite","C8H14N2O4",0.28,"N-Acetyl-glutamine C7H12N2O4 + C1H2 -> C8H14N2O4"
2901,202.0953,8.47,4.13,"Putative metabolite","C8H14N2O4",0.28,"N-Acetyl-glutamine C7H12N2O4 + C1H2 -> C8H14N2O4"
2902,202.0953,11.89,4,"Putative metabolite","C8H14N2O4",0.28,"N-Acetyl-glutamine C7H12N2O4 + C1H2 -> C8H14N2O4"
2903,202.0953,9.68,4.75,"Putative metabolite","C8H14N2O4",0.28,"N-Acetyl-glutamine C7H12N2O4 + C1H2 -> C8H14N2O4"
2904,202.0953,11.29,4.18,"Artifact","C8H14N2O4",0.28,"Diaminopimelic Acid C7H14N2O4 - H1N1 + C1H1N1 -> C8H14N2O4"
2905,202.0953,9.94,4.75,"Putative metabolite","C8H14N2O4",0.28,"N-Acetyl-glutamine C7H12N2O4 + C1H2 -> C8H14N2O4"
2906,263.0833,13.4,4.6,"Artifact","[13]C1C8H14N2O7",0.59,"Peak 866 C9H14N2O7 + [13]C1C-1 -> [13]C1C8H14N2O7"
2907,229.0745,13.38,5.22,"Artifact","[13]C1C6H13N2Na1O5",4.68,"glutamine C5H10N2O3 + [13]C1C-1 -> [13]C1C4H10N2O3 + C2H3Na1O2 -> [13]C1C6H13N2Na1O5"
2908,229.0715,14.35,4.73,"Artifact","C6H16N1O6P1",0.1,"Peak 439 C4H12N1O4P1 + C2H4O2 -> C6H16N1O6P1"
2909,385.1041,13.03,4.71,"Putative metabolite","C13H23N1O10S1",0.43,"cystathionine C7H14N2O4S1 + C6H10O5 -> C13H24N2O9S1 + H-1N-1O1 -> C13H23N1O10S1"
2910,157.605,13.89,4.72,"Unknown","Unknown",0.59,"Unknown"
2911,731.4738,3.04,4.69,"Metabolite","C38H70N1O10P1",-0.09,"PS(16:1(9Z)/16:1(9Z)) C38H70N1O10P1"
2912,186.1003,11.99,4.76,"Putative metabolite","C8H14N2O3",0.76,"Acetyllysine C8H16N2O3 - H2 -> C8H14N2O3"
2913,153.0303,9,4.78,"Artifact","[15]N1C5H4N3O2",1.05,"Xanthine C5H4N4O2 + [15]N1N-1 -> [15]N1C5H4N3O2"
2914,333.0663,5.02,4.72,"Artifact","C11Cl1H16N5O3S1",-0.19,"5'-Methylthioadenosine C11H15N5O3S1 + Cl1H1 -> C11Cl1H16N5O3S1"
2915,145.72,13.39,4.64,"Unknown","Unknown",0.64,"Unknown"
2916,205.9204,14.4,4.78,"Unknown","Unknown",0.48,"Unknown"
2917,116.0603,11.96,4.75,"Unknown","Unknown",0.78,"Unknown"
2918,364.0984,14.82,4.78,"Artifact","C12H21Na1O11",-0.67,"Trehalose C12H22O11 + H-1Na1 -> C12H21Na1O11"
2919,214.971,13,4.18,"Putative metabolite","C7H5N1O3S2",0.39,"4-Nitrophenol C6H5N1O3 + H2S1 -> C6H7N1O3S1 + S1 -> C6H7N1O3S2 - H2O1 -> C6H5N1O2S2 + C1O1 -> C7H5N1O3S2"
2920,462.3192,2.68,4.53,"Artifact","C24H46O8",0.15,"Peak 930 C23H44O6 + C1H2O2 -> C24H46O8"
2921,203.0558,10.75,4.79,"Artifact","C9H10N1Na1O3",0.19,"tyrosine C9H11N1O3 + H-1Na1 -> C9H10N1Na1O3"
2922,201.1112,13.63,4.65,"Artifact","C8H15N3O3",0.7,"Ala-Ala C6H12N2O3 + C2H3N1 -> C8H15N3O3"
2923,203.0582,3.63,3.83,"Metabolite","C11H9N1O3",0.21,"3-(indol-3-yl)pyruvic acid C11H9N1O3"
2924,280.1997,11.21,4.73,"Unknown","Unknown",0.37,"Unknown"
2925,520.3761,2.67,4.47,"Artifact","C31H52O6",0.56,"Peak 1687 C30H48O5 + C1H4O1 -> C31H52O6"
2926,154.054,2.92,4.56,"Artifact","[13]C2C6H8O3",0.35,"3-Hydroxyphenylacetic acid C8H8O3 + [13]C1C-1 -> [13]C1C7H8O3 + [13]C1C-1 -> [13]C2C6H8O3"
2927,381.3011,6.98,4.74,"Unknown","Unknown",0.3,"Unknown"
2928,336.2132,4.18,4.46,"Artifact","[13]C1C18H29N1O4",-0.56,"Peak 1010 C19H29N1O4 + [13]C1C-1 -> [13]C1C18H29N1O4"
2929,255.998,13.45,4.56,"Unknown","Unknown",0.4,"Unknown"
2930,129.0557,13.4,4.7,"Artifact","Ring_artifact_C5H7N1O3",0.71,"glutamate C5H9N1O4 - H2O1 -> C5H7N1O3 + Ring_artifact -> Ring_artifact_C5H7N1O3"
2931,147.1283,13.37,4.77,"Artifact","Ring_artifact_[13]C1C4H10N2O3",0.63,"glutamine C5H10N2O3 + [13]C1C-1 -> [13]C1C4H10N2O3 + Ring_artifact -> Ring_artifact_[13]C1C4H10N2O3"
2932,268.1157,7.62,4.79,"Artifact","C10H20O8",0.44,"Peak 3514 C8H16O6 + C2H4O2 -> C10H20O8"
2933,268.1157,7.34,4.79,"Artifact","C10H20O8",0.44,"Peak 2173 C8H16O6 + C2H4O2 -> C10H20O8"
2934,326.0727,7.6,4.69,"Artifact","C11H15N2Na1O8",-0.28,"uridine C9H12N2O6 + C2H3Na1O2 -> C11H15N2Na1O8"
2935,251.1116,12.98,4.67,"Artifact","C8H17N3O6",0.54,"Acetyllysine C8H16N2O3 + H1N1O3 -> C8H17N3O6"
2936,354.0845,13.68,4.66,"Artifact","C10H18N4O8S1",0.1,"Peak 2859 C10H15N3O8S1 + H3N1 -> C10H18N4O8S1"
2937,174.0835,16.81,4.55,"Artifact","Ring_artifact_C6H14N4O2",0.55,"L-Arginine C6H14N4O2 + Ring_artifact -> Ring_artifact_C6H14N4O2"
2938,275.2097,3.01,4.73,"Artifact","C14H29N1O4",-0.15,"Peak 2347 C13H25N1O4 - C1O2 -> C12H25N1O2 + C2H4O2 -> C14H29N1O4"
2939,195.1186,4.34,4.67,"Artifact","[13]C1C7H18O5",0.91,"2-Hydroxycaproic acid C6H12O3 + H2 + C2H4O2 -> C8H18O5 + [13]C1C-1 -> [13]C1C7H18O5"
2940,422.1797,2.08,4.23,"Putative metabolite","C19H26N4O7",1.06,"tryptophan C11H12N2O2 - H-1N-1O1 -> C11H13N3O1 - C1H2O1 -> C10H11N3 - C2H4 -> C8H7N3 + C11H17N1O8 -> C19H24N4O8 - C1O1 -> C18H24N4O7 + C1H2 -> C19H26N4O7"
2941,175.9411,13.49,4.63,"Artifact","Ring_artifact_[13]C1C5H13N3O3",0.54,"citrulline C6H13N3O3 + [13]C1C-1 -> [13]C1C5H13N3O3 + Ring_artifact -> Ring_artifact_[13]C1C5H13N3O3"
2942,229.1758,2.76,4.59,"Artifact","[13]C1C12H24O3",0.43,"2-Hydroxyoctanoic acid C8H16O3 + C5H8 + [13]C1C-1 -> [13]C1C12H24O3"
2943,290.0627,8.68,4.71,"Artifact","C10H11N4Na1O5",0.05,"inosine C10H12N4O5 + H-1Na1 -> C10H11N4Na1O5"
2944,299.158,11.36,4.7,"Artifact","C11H25N1O8",0.06,"Peak 4644 C12H25N1O10 - C1O2 -> C11H25N1O8"
2945,92.02934,2.6,6.08,"Metabolite","C3H8O1S1",2.67,"2-Methylthio-ethanol C3H8O1S1"
2946,269.0933,13.89,4.43,"Putative metabolite","C9H19N1O6S1",0.03,"pantothenate C9H17N1O5 + H2S1 -> C9H19N1O5S1 + O1 -> C9H19N1O6S1"
2947,285.2384,2.56,4.55,"Artifact","Ring_artifact_[13]C1C17H36O2",0.37,"Stearic acid C18H36O2 + [13]C1C-1 -> [13]C1C17H36O2 + Ring_artifact -> Ring_artifact_[13]C1C17H36O2"
2948,358.1141,14.98,4.71,"Artifact","[13]C1C12H19N5O5S1",-0.16,"5'-Methylthioadenosine C11H15N5O3S1 + C2H4O2 -> C13H19N5O5S1 + [13]C1C-1 -> [13]C1C12H19N5O5S1"
2949,369.8419,13.88,4.64,"Artifact","Ring_artifact_H4K2O12S3",0.3,"KHSO4 H1K1O4S1 + H2O4S1 + H1K1O4S1 -> H4K2O12S3 + Ring_artifact -> Ring_artifact_H4K2O12S3"
2950,498.279,3.06,4.29,"Artifact","[13]C1C21H44N1O9P1",-0.56,"PS(16:0/0:0) C22H44N1O9P1 + [13]C1C-1 -> [13]C1C21H44N1O9P1"
2951,216.0722,16.22,4.79,"Artifact","C6H13N2Na1O5",0.07,"ornithine C5H12N2O2 + C1H1Na1O3 -> C6H13N2Na1O5"
2952,491.2236,2.86,4.51,"Unknown","Unknown",0.25,"Unknown"
2953,583.3596,16.78,4.77,"Artifact","[13]C1C19H46N12O8",-0.15,"L-Arginine C6H14N4O2 + Peak 454 -> C20H46N12O8 + [13]C1C-1 -> [13]C1C19H46N12O8"
2954,410.1741,2.09,4.71,"Unknown","Unknown",0.28,"Unknown"
2955,233.0575,11.2,4.79,"Unknown","Unknown",0.43,"Unknown"
2956,224.0908,11.32,4.61,"Artifact","C9H12N4O3",0.63,"Peak 418 C8H11N3O3 + C1H1N1 -> C9H12N4O3"
2957,586.0843,13.95,4.7,"Artifact","C16H29K1N4O13P2",0.02,"Citicoline C14H26N4O11P2 + C2H3K1O2 -> C16H29K1N4O13P2"
2958,307.1492,13.62,4.74,"Artifact","Ring_artifact_C10H17N3O6S1",0.35,"glutathione C10H17N3O6S1 + Ring_artifact -> Ring_artifact_C10H17N3O6S1"
2959,302.1114,5.55,4.76,"Artifact","C12H18N2O7",0,"thymidine C10H14N2O5 + C2H4O2 -> C12H18N2O7"
2960,166.1301,4.2,4.68,"Artifact","Ring_artifact_C9H10O3",0.57,"Phenylacetaldehyde C8H8O1 + C1H2O2 -> C9H10O3 + Ring_artifact -> Ring_artifact_C9H10O3"
2961,360.0377,13.51,4.39,"Artifact","[60]Ni1C11H16N4O6",0.2,"Peak 855 C10H14N4O5 + C1H4O1 -> C11H18N4O6 + H-2Ni1 -> C11H16N4Ni1O6 + [60]Ni1Ni-1 -> [60]Ni1C11H16N4O6"
2962,482.2642,2.88,4.81,"Putative metabolite","C22H43O9P1",0.56,"PS(16:0/0:0) C22H44N1O9P1 - H1N1 -> C22H43O9P1"
2963,318.0926,13.5,4.5,"Artifact","Ring_artifact_[13]C1C9H24N1O8P1",0.34,"Glycerophosphocholine C8H20N1O6P1 + C2H4O2 -> C10H24N1O8P1 + [13]C1C-1 -> [13]C1C9H24N1O8P1 + Ring_artifact -> Ring_artifact_[13]C1C9H24N1O8P1"
2964,258.0504,13.58,4.63,"Artifact","C7H15O8P1",0.21,"Peak 1568 C5H11O6P1 + C2H4O2 -> C7H15O8P1"
2965,507.3321,3.06,4.69,"Putative metabolite","C25H50N1O7P1",0.77,"PE(18:1(9Z)/0:0) C23H46N1O7P1 + C2H4 -> C25H50N1O7P1"
2966,305.0859,5.56,4.76,"Artifact","C10H15N3O8",0.05,"thymidine C10H14N2O5 + H1N1O3 -> C10H15N3O8"
2967,175.3949,13.63,4.63,"Unknown","Unknown",0.54,"Unknown"
2968,284.1039,13.37,4.59,"Putative metabolite","C9H20N2O6S1",1.08,"asparagine C4H8N2O3 + C6H10O5 -> C10H18N2O8 + H2S1 -> C10H20N2O8S1 - C1O2 -> C9H20N2O6S1"
2969,284.1054,14.98,4.34,"Putative metabolite","C10H16N6O2S1",0.44,"5'-Methylthioadenosine C11H15N5O3S1 - C1O1 -> C10H15N5O2S1 + H1N1 -> C10H16N6O2S1"
2970,339.8229,13.93,4.63,"Artifact","[41]K1C3H2K3O9",-0.21,"KHCO3 C1H1K1O3 + C1H2O3 + H-2K2 -> C2H1K3O6 + [41]K1K-1 -> [41]K1C2H1K2O6 + C1H1K1O3 -> [41]K1C3H2K3O9"
2971,143.9751,13,4.59,"Artifact","C2Cr1H6N1O3",1.22,"alanine C3H7N1O2 + Cr1O3 -> C3Cr1H7N1O5 - C1O2 -> C2Cr1H7N1O3 - H1 -> C2Cr1H6N1O3"
2972,229.9678,13.52,4.46,"Artifact","[53]Cr1C5H7N1O6",0.81,"glutamate C5H9N1O4 - H2O1 -> C5H7N1O3 + Cr1O3 -> C5Cr1H7N1O6 + [53]Cr1Cr-1 -> [53]Cr1C5H7N1O6"
2973,765.516,3.07,4.67,"Artifact","C39H76N1O11P1",-0.52,"PS(16:0/16:1(9Z)) C38H72N1O10P1 + C1H4O1 -> C39H76N1O11P1"
2974,323.1521,13.6,4.7,"Artifact","[13]C1C10H22N4O7",0.32,"Peak 831 C11H22N4O7 + [13]C1C-1 -> [13]C1C10H22N4O7"
2975,598.3115,3.07,4.77,"Metabolite","C27H51O12P1",0.52,"PI(18:1(9Z)/0:0) C27H51O12P1"
2976,243.0509,11.33,4.74,"Artifact","C6H14N1O7P1",-0.46,"D-glucosamine-1/6-phosphate C6H14N1O8P1 + H3N1O-1 - H3N1 -> C6H14N1O7P1"
2977,326.059,7.05,4.66,"Putative metabolite","C11H19O7P1S1",-0.28,"N-Formyl-L-methionine C6H11N1O3S1 + H-1N-1O1 -> C6H10O4S1 + C5H8 -> C11H18O4S1 + H1O3P1 -> C11H19O7P1S1"
2978,297.0894,14.98,4.8,"Metabolite","C11H15N5O3S1",0.54,"5'-Methylthioadenosine C11H15N5O3S1"
2979,259.9712,13.88,4.56,"Artifact","[41]K2C6H10O6",0.73,"CH3COOK C2H3K1O2 + C2H4O2 + [41]K1K-1 -> [41]K1C4H7O4 + C2H3K1O2 -> [41]K1C6H10K1O6 + [41]K1K-1 -> [41]K2C6H10O6"
2980,280.0421,13.57,4.72,"Unknown","Unknown",0.37,"Unknown"
2981,266.1397,7.08,4.75,"Putative metabolite","C10H23N2O4P1",-0.59,"Phosphorylcholine C5H14N1O4P1 + H1N1 -> C5H15N2O4P1 + C5H8 -> C10H23N2O4P1"
2982,295.0547,13.72,4.74,"Artifact","C8H15K1N3Na1O5",-0.18,"citrulline C6H13N3O3 + C2H3K1O2 -> C8H16K1N3O5 + H-1Na1 -> C8H15K1N3Na1O5"
2983,328.0783,14.19,4.73,"Artifact","C10H17K1N4O6",0.66,"Argininosuccinic acid C10H18N4O6 + H-1K1 -> C10H17K1N4O6"
2984,600.3276,3.07,4.75,"Metabolite","C27H53O12P1",-0.23,"PI(18:0/0:0) C27H53O12P1"
2985,133.0504,13.39,4.75,"Artifact","[15]N1C4H8N1O3",0.95,"asparagine C4H8N2O3 + [15]N1N-1 -> [15]N1C4H8N1O3"
2986,361.8694,13.88,4.57,"Artifact","C4H5K3O12",-0.49,"KHCO3 C1H1K1O3 + C1H2O3 + H-2K2 -> C2H1K3O6 + C1H2O3 -> C3H3K3O9 + C1H2O3 -> C4H5K3O12"
2987,240.0746,2,4.26,"Putative metabolite","C10H12N2O5",0.09,"Nicotinamide riboside C11H14N2O5 - C1H2 -> C10H12N2O5"
2988,240.073,13.09,4.25,"Artifact","[18]O1C8H14O7",0.47,"Peak 348 C8H14O8 + [18]O1O-1 -> [18]O1C8H14O7"
2989,242.0304,13.77,4.72,"Artifact","C7H11K1N2O5",0.43,"erythro-4-hydroxy-L-glutamic acid C5H9N1O5 + C2H3N1 -> C7H12N2O5 + H-1K1 -> C7H11K1N2O5"
2990,198.0738,9.9,4.76,"Artifact","C6H14O7",0.77,"D-Arabitol C5H12O5 + C1H2O2 -> C6H14O7"
2991,497.8209,13.91,4.56,"Artifact","[41]K1C7H9K4O13",0.14,"CH3COOK C2H3K1O2 + C2H4O2 + Peak 1663 -> C7H9K5O13 + [41]K1K-1 -> [41]K1C7H9K4O13"
2992,301.0886,13.46,4.57,"Artifact","C9H16N3Na1O7",-0.02,"Peak 2709 C9H15N3O6 + H1Na1O1 -> C9H16N3Na1O7"
2993,304.0621,13.04,4.71,"Artifact","C8H15N2Na3O6",0.72,"alanine C3H7N1O2 + Peak 199 -> C8H17N2Na1O6 + H-2Na2 -> C8H15N2Na3O6"
2994,358.1166,11.16,4.74,"Unknown","Unknown",0.31,"Unknown"
2995,358.1166,9.21,4.41,"Unknown","Unknown",0.31,"Unknown"
2996,358.1167,12.82,4.12,"Unknown","Unknown",0.31,"Unknown"
2997,244.0306,11.34,4.74,"Artifact","C6H9N2Na1O7",0.6,"Peak 160 C6H9N1O4 + N1Na1O3 -> C6H9N2Na1O7"
2998,226.0226,11.15,4.76,"Artifact","C8H6N2O6",-0.06,"Peak 5385 C7H4N2O3 + C1H2O3 -> C8H6N2O6"
2999,268.1951,2.58,4.54,"Artifact","Ring_artifact_C17H32O2",0.38,"Peak 127 C17H32O2 + Ring_artifact -> Ring_artifact_C17H32O2"
3000,142.0458,12.92,4.74,"Artifact","[13]C1C5H7N1O3",1.04,"2-Amino-3-carboxymuconic acid semialdehyde C7H7N1O5 - C1O2 -> C6H7N1O3 + [13]C1C-1 -> [13]C1C5H7N1O3"
3001,280.1534,8.16,4.76,"Putative metabolite","C13H20N4O3",0.5,"(6R)-6-(l-erythro-1,2-dihydroxypropyl)-5,6,7,8-tetrahydro-4a-hydroxypterin C9H14N4O3 - C1H2 -> C8H12N4O3 + C5H8 -> C13H20N4O3"
3002,198.0615,11.3,4.74,"Artifact","C6H11N2Na1O4",0.76,"Diaminopimelic Acid C7H14N2O4 - C1H2 + H-1Na1 -> C6H11N2Na1O4"
3003,359.1152,13.02,4.32,"Artifact","C12Cr1H25N3O6",-0.99,"Peak 1102 C12H25N3O3 + Cr1O3 -> C12Cr1H25N3O6"
3004,132.0058,13.41,4.71,"Artifact","Ring_artifact_C4H8N2O3",0.69,"asparagine C4H8N2O3 + Ring_artifact -> Ring_artifact_C4H8N2O3"
3005,629.7668,13.88,4.47,"Artifact","C8H12K6O16S1",0.07,"CH3COOK C2H3K1O2 + C2H4O2 + Peak 1142 -> C8H12K6O16S1"
3006,161.0404,13.37,4.69,"Artifact","[13]C1C5H8O5",0.8,"Oxoadipic acid C6H8O5 + [13]C1C-1 -> [13]C1C5H8O5"
3007,199.965,13.51,4.54,"Unknown","Unknown",0.49,"Unknown"
3008,400.1343,13.02,4.73,"Artifact","[13]C1C12H25N3O9S1",0.51,"Peak 776 C13H25N3O9S1 + [13]C1C-1 -> [13]C1C12H25N3O9S1"
3009,159.0723,13.64,4.73,"Artifact","[13]C1C5H10N2O3",1.24,"citrulline C6H13N3O3 + [13]C1C-1 -> [13]C1C5H13N3O3 - H3N1 -> [13]C1C5H10N2O3"
3010,325.0541,14.16,4.69,"Artifact","B1C11H12N3O6S1",-0.35,"Peak 3332 C11H15N3O6S1 + B1H-3 -> B1C11H12N3O6S1"
3011,763.0867,13.92,4.65,"Unknown","Unknown",0.19,"Unknown"
3012,593.0864,14.19,4.71,"Unknown","Unknown",0.22,"Unknown"
3013,111.99,5.33,4.82,"Unknown","Unknown",0.8,"Unknown"
3014,676.9942,13.9,4.63,"Artifact","C15H23K1N5O17P3",-0.46,"Cyclic-ADP-ribose C15H21N5O13P2 + H2K1O4P1 -> C15H23K1N5O17P3"
3015,569.2506,13.65,4.62,"Artifact","C18H37N9Na2O9",0.64,"citrulline C6H13N3O3 + Peak 606 -> C18H38N9Na1O9 + H-1Na1 -> C18H37N9Na2O9"
3016,818.5867,4.37,4.7,"Unknown","Unknown",0.18,"Unknown"
3017,818.5866,3.08,4.44,"Unknown","Unknown",0.18,"Unknown"
3018,157.972,13.9,4.36,"Artifact","Ring_artifact_C4H7K1O4",0.59,"CH3COOK C2H3K1O2 + C2H4O2 + Ring_artifact -> Ring_artifact_C4H7K1O4"
3019,357.9485,13.88,4.54,"Artifact","C10Ca1H6O12",0.05,"fumarate C4H4O4 + C1O2 + Peak 1135 -> C10Ca1H6O12"
3020,294.0579,13.37,4.68,"Unknown","Unknown",0.36,"Unknown"
3021,313.0678,13.85,4.53,"Metabolite","C8H16N3O8P1",-0.96,"2-formamido-N(1)-(5-phospho-D-ribosyl)acetamidine C8H16N3O8P1"
3022,215.8402,7.18,4.67,"Unknown","Unknown",0.46,"Unknown"
3023,320.1313,13.58,4.73,"Artifact","[13]C1[18]O1C9H24N1O7P1",0.79,"Glycerophosphocholine C8H20N1O6P1 + C2H4O2 -> C10H24N1O8P1 + [13]C1C-1 -> [13]C1C9H24N1O8P1 + [18]O1O-1 -> [13]C1[18]O1C9H24N1O7P1"
3024,144.1391,2.83,5.08,"Artifact","Ring_artifact_C8H16O2",0.64,"Caprylic acid C8H16O2 + Ring_artifact -> Ring_artifact_C8H16O2"
3025,229.091,11.22,4.65,"Unknown","Unknown",0.44,"Unknown"
3026,229.0926,9.96,4.25,"Artifact","C8H16N1Na1O5",0.08,"Triethanolamine C6H15N1O3 - H2 + C2H3Na1O2 -> C8H16N1Na1O5"
3027,300.4314,2.61,4.79,"Artifact","Ring_artifact_C18H36O3",0.35,"Stearic acid C18H36O2 + O1 + Ring_artifact -> Ring_artifact_C18H36O3"
3028,167.083,8.86,4.74,"Artifact","[18]O1C9H11N1O1",1.34,"phenylalanine C9H11N1O2 + [18]O1O-1 -> [18]O1C9H11N1O1"
3029,272.0796,16.78,4.72,"Artifact","C8Ca1H16N4O4",0.54,"L-Arginine C6H14N4O2 + C2Ca1H2O2 -> C8Ca1H16N4O4"
3030,192.9727,7.2,4.68,"Artifact","[53]Cr1C3H8O6",0.19,"Glycerol C3H8O3 + Cr1O3 -> C3Cr1H8O6 + [53]Cr1Cr-1 -> [53]Cr1C3H8O6"
3031,244.1057,13.65,4.64,"Putative metabolite","C10H16N2O5",0.8,"N-carbamoyl-L-aspartate C5H8N2O5 + C5H8 -> C10H16N2O5"
3032,283.9787,7.15,4.7,"Artifact","C3Cl1H13O9Si2",-0.13,"Glycerol C3H8O3 + Cl1H1 -> C3Cl1H9O3 + H2O3Si1 -> C3Cl1H11O6Si1 + H2O3Si1 -> C3Cl1H13O9Si2"
3033,228.1838,3.06,4.66,"Putative metabolite","C12H24N2O2",-0.1,"Ornithine C5H12N2O2 + C2H4 -> C7H16N2O2 + C5H8 -> C12H24N2O2"
3034,319.8597,13.86,4.42,"Artifact","[41]K1C3H5K2O8S1",0.16,"KHSO4 H1K1O4S1 + C2H3K1O2 + [41]K1K-1 -> [41]K1C2H4K1O6S1 + C1H1K1O2 -> [41]K1C3H5K2O8S1"
3035,372.12,13.05,4.68,"Artifact","C12H24N2O9S1",0.67,"Peak 2909 C13H23N1O10S1 - C1H2O1 -> C12H21N1O9S1 + H3N1 -> C12H24N2O9S1"
3036,155.0194,13.57,4.63,"Artifact","C4H6N1Na1O4",0.34,"aspartate C4H7N1O4 + H-1Na1 -> C4H6N1Na1O4"
3037,510.2952,2.83,4.62,"Putative metabolite","C27H46N2O3S2",-0.42,"tryptophan C11H12N2O2 + H2S1 -> C11H14N2O2S1 + H2S1 -> C11H16N2O2S2 + C16H30O1 -> C27H46N2O3S2"
3038,312.3496,2.1,4.8,"Unknown","Unknown",0.34,"Unknown"
3039,257.0567,10.54,4.74,"Putative metabolite","C7H15N1O7S1",0.87,"2-Isopropylmalic acid C7H12O5 + H3N1O-1 -> C7H15N1O4 + O3S1 -> C7H15N1O7S1"
3040,231.9786,13.43,4.63,"Artifact","C4Cr1H8N2O6",0.62,"asparagine C4H8N2O3 + Cr1O3 -> C4Cr1H8N2O6"
3041,177.0886,12.24,4.75,"Artifact","[18]O1C7H13N1O3",0.59,"Diaminopimelic Acid C7H14N2O4 - H1N1 + [18]O1O-1 -> [18]O1C7H13N1O3"
3042,155.0088,13.77,4.76,"Unknown","Unknown",0.6,"Unknown"
3043,314.9432,13.89,4.5,"Unknown","Unknown",0.34,"Unknown"
3044,203.1098,13.44,4.61,"Artifact","[13]C1C6H14N4O3",0.71,"Peak 684 C7H14N4O3 + [13]C1C-1 -> [13]C1C6H14N4O3"
3045,334.1791,2.07,4.63,"Unknown","Unknown",0.33,"Unknown"
3046,217.0673,16.24,4.72,"Artifact","C5H12N3Na1O5",0.76,"ornithine C5H12N2O2 + N1Na1O3 -> C5H12N3Na1O5"
3047,246.1771,13.44,4.63,"Artifact","[13]C1C10H23N3O3",0.8,"Peak 968 C11H23N3O3 + [13]C1C-1 -> [13]C1C10H23N3O3"
3048,401.8836,14.82,4.15,"Artifact","Ring_artifact_C14H26O13",0.29,"Trehalose C12H22O11 + C2H4O2 -> C14H26O13 + Ring_artifact -> Ring_artifact_C14H26O13"
3049,363.1278,13.4,4.67,"Artifact","C13H21N3O9",-0.06,"histidine C6H9N3O2 + C6H10O5 + C1H2O2 -> C13H21N3O9"
3050,175.0417,16.76,4.72,"Artifact","Ring_artifact_[13]C1C5H14N4O2",0.54,"L-Arginine C6H14N4O2 + [13]C1C-1 -> [13]C1C5H14N4O2 + Ring_artifact -> Ring_artifact_[13]C1C5H14N4O2"
3051,260.0731,13.71,4.71,"Artifact","C6H13N4Na1O6",0.69,"citrulline C6H13N3O3 + N1Na1O3 -> C6H13N4Na1O6"
3052,369.1319,11.86,4.73,"Artifact","[10]B1C12H23O12",-0.03,"Peak 1817 C12H26O12 + B1H-3 -> B1C12H23O12 - [10]B-1B1 -> [10]B1C12H23O12"
3053,358.1044,12.97,4.44,"Artifact","C11H22N2O9S1",0.56,"Peak 1829 C11H21N1O6S1 + H1N1O3 -> C11H22N2O9S1"
3054,277.1677,2.14,4.51,"Putative metabolite","C16H23N1O3",0.34,"alpha-Isomethyl-ionone C14H22O1 + C1O1 -> C15H22O2 + H1N1 -> C15H23N1O2 + C1O1 -> C16H23N1O3"
3055,119.0856,11.23,4.71,"Artifact","[13]C2C3H11N1O2",0.74,"DL-Valine C5H11N1O2 + [13]C1C-1 -> [13]C1C4H11N1O2 + [13]C1C-1 -> [13]C2C3H11N1O2"
3056,597.364,3.07,4.72,"Putative metabolite","C28H56N1O10P1",0.31,"PS(16:0/0:0) C22H44N1O9P1 + H2 -> C22H46N1O9P1 + C1H2O1 -> C23H48N1O10P1 + C5H8 -> C28H56N1O10P1"
3057,253.859,13.82,4.35,"Artifact","Ring_artifact_C3H5K3O6",0.4,"KHCO3 C1H1K1O3 + C2H3K1O2 + H1K1O1 -> C3H5K3O6 + Ring_artifact -> Ring_artifact_C3H5K3O6"
3058,193.997,7.68,4.73,"Artifact","C5Cl1H4N4Na1O1",0.69,"hypoxanthine C5H4N4O1 + H-1Na1 -> C5H3N4Na1O1 + Cl1H1 -> C5Cl1H4N4Na1O1"
3059,260.1928,12.97,4.5,"Artifact","[13]C1C11H25N3O3",0.56,"Peak 1102 C12H25N3O3 + [13]C1C-1 -> [13]C1C11H25N3O3"
3060,243.0374,7.06,4.72,"Unknown","Unknown",0.42,"Unknown"
3061,210.0679,13.38,4.33,"Artifact","[13]C1C4H11N3O6",1.14,"glutamine C5H10N2O3 + [13]C1C-1 -> [13]C1C4H10N2O3 + H1N1O3 -> [13]C1C4H11N3O6"
3062,195.8575,13.84,5.01,"Artifact","Ring_artifact_C2H5K1O6S1",0.5,"KHSO4 H1K1O4S1 + C2H4O2 + Ring_artifact -> Ring_artifact_C2H5K1O6S1"
3063,182.0014,11.35,4.55,"Artifact","Ring_artifact_C6H14O6",0.53,"D-glucitol C6H14O6 + Ring_artifact -> Ring_artifact_C6H14O6"
3064,204.1303,14.71,4.69,"Artifact","[13]C1C7H17N3O3",0.23,"Peak 677 C8H17N3O3 + [13]C1C-1 -> [13]C1C7H17N3O3"
3065,231.0198,12.23,4.62,"Artifact","C6Cr1H13N1O5",0.35,"Diaminopimelic Acid C7H14N2O4 - H1N1 + Cr1O3 -> C7Cr1H13N1O7 - C1O2 -> C6Cr1H13N1O5"
3066,311.8067,13.86,4.72,"Artifact","Ring_artifact_C6H11K3O7",0.34,"CH3COOK C2H3K1O2 + C2H4O2 + C2H3K1O2 -> C6H10K2O6 + H1K1O1 -> C6H11K3O7 + Ring_artifact -> Ring_artifact_C6H11K3O7"
3067,213.0193,7.11,4.58,"Unknown","Unknown",0.46,"Unknown"
3068,152.1268,7.19,5.44,"Artifact","Ring_artifact_C5H12O5",0.61,"L-arabinitol C5H12O5 + Ring_artifact -> Ring_artifact_C5H12O5"
3069,346.1505,13.58,4.71,"Artifact","C11H27N2O8P1",0.01,"Peak 882 C12H27N2O10P1 - C1O2 -> C11H27N2O8P1"
3070,297.1243,13.01,4.5,"Putative metabolite","C13H20N3O3P1",-0.24,"tryptophan C11H12N2O2 + H1O3P1 -> C11H13N2O5P1 - O1 -> C11H13N2O4P1 + H3N1O-1 -> C11H16N3O3P1 + C2H4 -> C13H20N3O3P1"
3071,292.1312,11.25,4.75,"Putative metabolite","C16H20O5",-0.43,"Ubiquinone Q1 C14H18O4 + C2H2O1 -> C16H20O5"
3072,292.1312,2.19,4.5,"Putative metabolite","C16H20O5",-0.43,"Ubiquinone Q1 C14H18O4 + C2H2O1 -> C16H20O5"
3073,292.1312,13.04,4.53,"Putative metabolite","C16H20O5",-0.43,"Ubiquinone Q1 C14H18O4 + C2H2O1 -> C16H20O5"
3074,494.1679,13.02,4.55,"Artifact","C17H30N4O11Si1",0.27,"Peak 2638 C14H22N4O8 + C3H8O3Si1 -> C17H30N4O11Si1"
3075,158.0283,13.88,4.95,"Artifact","Ring_artifact_C4H7K1O4",0.59,"CH3COOK C2H3K1O2 + C2H4O2 + Ring_artifact -> Ring_artifact_C4H7K1O4"
3076,187.9888,13.43,4.66,"Artifact","C3Cr1H8N2O4",0.61,"asparagine C4H8N2O3 + Cr1O3 -> C4Cr1H8N2O6 - C1O2 -> C3Cr1H8N2O4"
3077,211.026,13.64,4.68,"Putative metabolite","C4H9N3O5S1",1.38,"asparagine C4H8N2O3 + O3S1 -> C4H8N2O6S1 - H-1N-1O1 -> C4H9N3O5S1"
3078,364.1593,11.3,4.61,"Artifact","C13H24N4O8",0.31,"Peak 4762 C13H23N3O5 + H1N1O3 -> C13H24N4O8"
3079,364.1582,11.79,3.86,"Artifact","C12H28O12",-0.34,"D-glucitol C6H14O6 * 2 -> C12H28O12"
3080,252.058,13.39,4.64,"Artifact","[34]S1C8H14N2O5",0.55,"Gamma-Glutamylcysteine C8H14N2O5S1 + [34]S1S-1 -> [34]S1C8H14N2O5"
3081,295.0203,13.11,4.6,"Putative metabolite","C7H10N3O8P1",0.85,"CMP C9H14N3O8P1 - C2H4 -> C7H10N3O8P1"
3082,137.8702,7.11,4.7,"Unknown","Unknown",0.67,"Unknown"
3083,147.1082,13.52,6.15,"Artifact","Ring_artifact_C5H9N1O4",0.63,"glutamate C5H9N1O4 + Ring_artifact -> Ring_artifact_C5H9N1O4"
3084,106.0455,13.45,5.33,"Artifact","[13]C1C2H7N1O3",4.22,"serine C3H7N1O3 + [13]C1C-1 -> [13]C1C2H7N1O3"
3085,117.0675,11.98,4.73,"Unknown","Unknown",0.77,"Unknown"
3086,117.067,11.25,4.49,"Artifact","Ring_artifact_C5H11N1O2",0.77,"DL-Valine C5H11N1O2 + Ring_artifact -> Ring_artifact_C5H11N1O2"
3087,289.091,14.03,4.66,"Artifact","C10H15N3O7",0,"Peak 867 C9H14N2O7 + C1H1N1 -> C10H15N3O7"
3088,118.9322,13.04,4.55,"Unknown","Unknown",0.76,"Unknown"
3089,320.9323,13.82,4.55,"Artifact","C3H9K1N1O10P1S1",-0.36,"D-phospho-L-serine C3H8N1O6P1 + H1K1O4S1 -> C3H9K1N1O10P1S1"
3090,317.1046,12.71,3.86,"Putative metabolite","C12H19N3O5S1",-0.18,"N(pros)-methyl-L-histidine C7H11N3O2 + O3S1 -> C7H11N3O5S1 + C5H8 -> C12H19N3O5S1"
3091,318.0155,13.59,4.58,"Artifact","Ring_artifact_[13]C1C9H24N1O8P1",0.34,"Glycerophosphocholine C8H20N1O6P1 + C2H4O2 -> C10H24N1O8P1 + [13]C1C-1 -> [13]C1C9H24N1O8P1 + Ring_artifact -> Ring_artifact_[13]C1C9H24N1O8P1"
3092,329.0526,8.93,4.75,"Metabolite","C10H12N5O6P1",-0.24,"cyclic-AMP C10H12N5O6P1"
3093,329.0526,9.46,4.28,"Metabolite","C10H12N5O6P1",-0.24,"2',3'-cyclic AMP C10H12N5O6P1"
3094,329.0525,9.74,4.21,"Metabolite","C10H12N5O6P1",0.06,"2',3'-cyclic AMP C10H12N5O6P1"
3095,273.177,7.06,4.69,"Unknown","Unknown",0.38,"Unknown"
3096,298.047,13.97,4.67,"Putative metabolite","C8H14N2O8S1",0.29,"L-gamma-Glutamyl-L-alanine C8H14N2O5 + O3S1 -> C8H14N2O8S1"
3097,139.035,11.86,3.9,"Unknown","Unknown",0.66,"Unknown"
3098,836.5412,7.05,4.49,"Metabolite","C43H81O13P1",0.33,"PI(16:0/18:1(9Z)) C43H81O13P1"
3099,341.0695,13.98,4.6,"Artifact","[34]S1C10H17N3O8",-0.2,"Peak 3096 C8H14N2O8S1 + C2H3N1 -> C10H17N3O8S1 + [34]S1S-1 -> [34]S1C10H17N3O8"
3100,89.08385,13,4.7,"Artifact","Ring_artifact_C3H7N1O2",1.21,"alanine C3H7N1O2 + Ring_artifact -> Ring_artifact_C3H7N1O2"
3101,181.9592,14.36,4.7,"Artifact","C3H4K1Na1O5",0.82,"KHCO3 C1H1K1O3 + C2H3Na1O2"
3102,228.0455,2.23,4.7,"Putative metabolite","C10H12O4S1",0.57,"Ferulic acid C10H10O4 + H2S1 -> C10H12O4S1"
3103,446.0435,13.78,4.61,"Artifact","[13]C1C11H17K1N5O9P1",-0.11,"dGMP C10H14N5O7P1 + [13]C1C-1 -> [13]C1C9H14N5O7P1 + C2H3K1O2 -> [13]C1C11H17K1N5O9P1"
3104,353.0584,8.68,4.74,"Artifact","C10H12N5Na1O8",-0.12,"inosine C10H12N4O5 + N1Na1O3 -> C10H12N5Na1O8"
3105,171.8998,13.83,4.55,"Artifact","Cl1H2K1O4S1",0.81,"KHSO4 H1K1O4S1 + Cl1H1"
3106,181.9994,13.38,4.69,"Artifact","C6Cl1H3N4O1",0.76,"hypoxanthine C5H4N4O1 + C1O1 + Cl1H1 -> C6Cl1H5N4O2 - H2O1 -> C6Cl1H3N4O1"
3107,182.0005,11.78,4.69,"Artifact","Ring_artifact_C6H14O6",0.53,"D-glucitol C6H14O6 + Ring_artifact -> Ring_artifact_C6H14O6"
3108,217.9709,13.52,4.54,"Artifact","Ring_artifact_C8H14N2O5",0.45,"L-gamma-Glutamyl-L-alanine C8H14N2O5 + Ring_artifact -> Ring_artifact_C8H14N2O5"
3109,149.0769,5.76,4.93,"Artifact","[13]C1C5H12O4",0.09,"(R)-2,3-Dihydroxy-3-methylvalerate C6H12O4 + [13]C1C-1 -> [13]C1C5H12O4"
3110,600.089,13.9,4.49,"Artifact","[41]K1C16H32O19P1",0.61,"Lactose C12H22O11 + C2H4O2 -> C14H26O13 + C2H3K1O2 -> C16H29K1O15 + H3O4P1 -> C16H32K1O19P1 + [41]K1K-1 -> [41]K1C16H32O19P1"
3111,297.9146,13.9,4.59,"Artifact","[18]O1C5H7K3O6",-0.19,"KHCO3 C1H1K1O3 + C2H3K1O2 + C2H3K1O2 -> C5H7K3O7 + [18]O1O-1 -> [18]O1C5H7K3O6"
3112,175.0665,7.1,4.62,"Artifact","C7H13N1O2S1",1.14,"Peak 3202 C8H13N1O4S1 - C1O2 -> C7H13N1O2S1"
3113,218.1032,11.3,4.65,"Artifact","[15]N1C8H15N2O4",0.42,"Peak 167 C8H15N3O4 + [15]N1N-1 -> [15]N1C8H15N2O4"
3114,256.1399,11.2,4.64,"Artifact","C10H21N2Na1O4",0.01,"DL-Valine C5H11N1O2 * 2 -> C10H22N2O4 + H-1Na1 -> C10H21N2Na1O4"
3115,170.0537,14.36,4.7,"Artifact","[13]C1C3H12N1O4P1",0.29,"Peak 439 C4H12N1O4P1 + [13]C1C-1 -> [13]C1C3H12N1O4P1"
3116,292.1283,13.26,4.67,"Putative metabolite","C12H16N6O3",0.3,"7-methylguanosine C11H15N5O5 + C1H2 -> C12H17N5O5 - H-1N-1O1 -> C12H18N6O4 - H2O1 -> C12H16N6O3"
3117,207.0174,13.01,4.51,"Artifact","C3H10N1Na1O6Si1",0.52,"alanine C3H7N1O2 + H4O4Si1 -> C3H11N1O6Si1 + H-1Na1 -> C3H10N1Na1O6Si1"
3118,304.5432,13.77,4.66,"Artifact","[18]O0.5C8.5H13.5N1.5O8P1",-0.96,"Uridine diphosphate-N-acetylglucosamine C17H27N3O17P2 / 2 -> C8.5H13.5N1.5O8.5P1 + [18]O0.5O-0.5 -> [18]O0.5C8.5H13.5N1.5O8P1"
3119,252.1208,9.12,4.72,"Putative metabolite","C10H20O7",0.41,"D-glucitol C6H14O6 + C2H2O1 -> C8H16O7 + C2H4 -> C10H20O7"
3120,228.0746,6.42,4.73,"Metabolite","C9H12N2O5",0.09,"deoxyuridine C9H12N2O5"
3121,228.0734,2.85,4.45,"Unknown","Unknown",0.44,"Unknown"
3122,583.3852,3.07,4.65,"Unknown","Unknown",0.22,"Unknown"
3123,232.0306,10.01,4.7,"Artifact","C5H9N2Na1O7",0.63,"O-acetyl-L-serine C5H9N1O4 + N1Na1O3 -> C5H9N2Na1O7"
3124,232.0306,10.29,4.7,"Artifact","C5H9N2Na1O7",0.63,"Peak 4118 C5H10N2O7 + H-1Na1 -> C5H9N2Na1O7"
3125,265.0909,13.61,4.51,"Putative metabolite","C8H15N3O7",0.38,"citrulline C6H13N3O3 + C2H2O1 -> C8H15N3O4 + O3S1 -> C8H15N3O7S1 - S1 -> C8H15N3O7"
3126,297.1423,11.21,4.62,"Putative metabolite","C11H23N1O8",0.22,"Trehalose C12H22O11 - H-1N-1O1 -> C12H23N1O10 - C1O2 -> C11H23N1O8"
3127,297.1423,11.87,4.4,"Putative metabolite","C11H23N1O8",0.22,"Trehalose C12H22O11 - H-1N-1O1 -> C12H23N1O10 - C1O2 -> C11H23N1O8"
3128,273.1939,4.24,4.4,"Putative metabolite","C14H27N1O4",0.4,"Pimelylcarnitine C14H25N1O6 - C1O2 -> C13H25N1O4 + C1H2 -> C14H27N1O4"
3129,323.0855,7.7,4.65,"Artifact","C11H10N9Na1O2",0.05,"7-Methylguanine C6H7N5O1 + Peak 1615 -> C11H10N9Na1O2"
3130,785.1568,13.34,4.66,"Metabolite","C27H33N9O15P2",0.43,"FAD C27H33N9O15P2"
3131,277.0408,12.17,4.28,"Artifact","C7H12N1Na1O9",0.63,"Peak 4291 C7H13N1O9 + H-1Na1 -> C7H12N1Na1O9"
3132,205.0584,13.4,4.6,"Artifact","C7H11N1O6",1.16,"Succinic acid C4H6O4 + C2H3N1 -> C6H9N1O4 + C1H2O2 -> C7H11N1O6"
3133,359.9089,13.91,4.61,"Artifact","[41]K1C6H9K2O10",-0.25,"KHCO3 C1H1K1O3 + C2H4O2 + Peak 1704 -> C6H9K3O10 + [41]K1K-1 -> [41]K1C6H9K2O10"
3134,320.079,13.8,4.67,"Putative metabolite","C10H16N4O6S1",0.17,"glutathione C10H17N3O6S1 + H1N1 -> C10H18N4O6S1 - H2 -> C10H16N4O6S1"
3135,343.2723,2.88,4.7,"Metabolite","C19H37N1O4",-0.12,"Dodecanoylcarnitine C19H37N1O4"
3136,271.0997,13.58,4.66,"Artifact","[13]C1C9H14N4O5",0.27,"Peak 855 C10H14N4O5 + [13]C1C-1 -> [13]C1C9H14N4O5"
3137,304.1457,2.99,4.54,"Putative metabolite","C13H24N2O4S1",-0.07,"cystathionine C7H14N2O4S1 + C5H8 -> C12H22N2O4S1 + C1H2 -> C13H24N2O4S1"
3138,304.1457,4.67,4.06,"Putative metabolite","C13H24N2O4S1",-0.07,"cystathionine C7H14N2O4S1 + C5H8 -> C12H22N2O4S1 + C1H2 -> C13H24N2O4S1"
3139,277.0472,13.06,4.57,"Unknown","Unknown",0.38,"Unknown"
3140,209.0647,11.3,4.66,"Artifact","C5H11N3O6",0.41,"L-Glutamine C5H10N2O3 + H1N1O3 -> C5H11N3O6"
3141,702.0683,13.9,4.47,"Artifact","[13]C1C20H26K1N7O14P2",0.08,"NAD C21H27N7O14P2 + [13]C1C-1 -> [13]C1C20H27N7O14P2 + H-1K1 -> [13]C1C20H26K1N7O14P2"
3142,759.5052,7.05,4.62,"Metabolite","C40H74N1O10P1",-0.22,"PS(16:1(9Z)/18:1(9Z)) C40H74N1O10P1"
3143,147.0684,8.95,4.74,"Artifact","C9H9N1O1",0.09,"Phenylacetaldehyde C8H8O1 + C1H1N1 -> C9H9N1O1"
3144,229.0714,13.54,4.66,"Artifact","C6H16N1O6P1",0.54,"Peak 440 C4H12N1O4P1 + C2H4O2 -> C6H16N1O6P1"
3145,368.0539,13.54,4.62,"Artifact","[60]Ni1C12H16N6O4",0.51,"Peak 5115 C12H18N6O4 + H-2Ni1 -> C12H16N6Ni1O4 + [60]Ni1Ni-1 -> [60]Ni1C12H16N6O4"
3146,223.0645,14.18,4.69,"Artifact","[15]N1C7H14N1O4S1",-0.17,"cystathionine C7H14N2O4S1 + [15]N1N-1 -> [15]N1C7H14N1O4S1"
3147,500.1704,2.37,4.71,"Artifact","[34]S1C24H34O7S1",-0.02,"Peak 73 C12H18O1S2 + Peak 540 -> C24H34O7S2 + [34]S1S-1 -> [34]S1C24H34O7S1"
3148,259.0883,5.26,4.69,"Artifact","[13]C1C9H14N2O6",0.93,"Ribothymidine C10H14N2O6 + [13]C1C-1 -> [13]C1C9H14N2O6"
3149,118.0851,11.23,4.74,"Artifact","[2]H1C5H10N1O2",1.32,"DL-Valine C5H11N1O2 + [2]H1H-1 -> [2]H1C5H10N1O2"
3150,213.0931,9.89,4.73,"Artifact","[13]C1C6H16O7",-0.67,"D-Arabitol C5H12O5 + C2H4O2 -> C7H16O7 + [13]C1C-1 -> [13]C1C6H16O7"
3151,182.0457,13.38,4.64,"Artifact","C5Cl1H11N2O3",0.66,"glutamine C5H10N2O3 + Cl1H1 -> C5Cl1H11N2O3"
3152,100.0637,13.4,4.64,"Artifact","C4H8N2O1",-0.37,"Ala-Ala C6H12N2O3 - Library_MS2_fragment -> C4H8N2O1"
3153,133.8582,13.53,4.69,"Unknown","Unknown",0.69,"Unknown"
3154,373.7917,13.88,4.33,"Artifact","C2H2K4O10S1",-0.01,"KHCO3 C1H1K1O3 + H2O4S1 + H-2K2 -> C1H1K3O7S1 + C1H1K1O3 -> C2H2K4O10S1"
3155,203.0195,13.8,4.59,"Artifact","C5H10K1N1O5",0.51,"CH3COOK C2H3K1O2 + C1H2O2 + C1H1N1 -> C4H6K1N1O4 + C1H4O1 -> C5H10K1N1O5"
3156,350.2821,2.2,4.65,"Putative metabolite","C22H38O3",-0.01,"Linoleic acid C18H32O2 + C2H4 -> C20H36O2 + C2H2O1 -> C22H38O3"
3157,178.1029,13.64,4.7,"Artifact","[13]C1[18]O1C5H13N3O2",2.2,"citrulline C6H13N3O3 + [13]C1C-1 -> [13]C1C5H13N3O3 + [18]O1O-1 -> [13]C1[18]O1C5H13N3O2"
3158,334.1893,4.17,4.48,"Putative metabolite","C18H26N2O4",-0.13,"Glycyl-L-tyrosine C11H14N2O4 + C2H4 -> C13H18N2O4 + C5H8 -> C18H26N2O4"
3159,427.0201,12.66,4.73,"Metabolite","C10H14N5O10P1S1",-0.47,"Adenosine phosphosulfate C10H14N5O10P1S1"
3160,187.9981,11.3,4.72,"Artifact","Ring_artifact_C7H12N2O4",0.51,"Peak 3989 C14H24N4O8 / 2 -> C7H12N2O4 + Ring_artifact -> Ring_artifact_C7H12N2O4"
3161,204.9868,13.49,4.38,"Putative metabolite","C6H7N1O3S2",-0.32,"4-Nitrophenol C6H5N1O3 + H2S1 -> C6H7N1O3S1 + S1 -> C6H7N1O3S2"
3162,177.0788,4.08,4.15,"Putative metabolite","C10H11N1O2",1.01,"N-(3-Phenylpropionyl)glycine C11H13N1O3 - C1H2O1 -> C10H11N1O2"
3163,186.9784,13.01,4.62,"Putative metabolite","C2H5N1O7S1",1.46,"serine C3H7N1O3 + O3S1 -> C3H7N1O6S1 + O1 -> C3H7N1O7S1 - C1H2 -> C2H5N1O7S1"
3164,834.5255,7.06,4.6,"Metabolite","C43H79O13P1",0.39,"PI(16:1(9Z)/18:1(9Z)) C43H79O13P1"
3165,475.1129,13.58,4.58,"Artifact","C19H20N6O7P1",0.44,"Peak 1691 C19H21N6O7P1 - H1 -> C19H20N6O7P1"
3166,329.0973,8.06,4.05,"Putative metabolite","C11H15N5O7",-0.46,"hypoxanthine C5H4N4O1 + C6H8O6 -> C11H12N4O7 + H3N1 -> C11H15N5O7"
3167,329.0973,13.07,4.26,"Artifact","[13]C1C9H20N2O8S1",0.28,"Peak 1288 C10H20N2O8S1 + [13]C1C-1 -> [13]C1C9H20N2O8S1"
3168,329.0973,8.8,3.88,"Artifact","C11H15N5O7",-0.52,"guanosine C10H13N5O5 - C1H2 + C2H4O2 -> C11H15N5O7"
3169,321.092,8.12,4.73,"Artifact","C9H15N5O8",0.19,"Peak 3959 C9H14N4O5 + H1N1O3 -> C9H15N5O8"
3170,92.02815,2.64,5.01,"Unknown","Unknown",1.18,"Unknown"
3171,175.0561,12.96,4.25,"Unknown","Unknown",0.54,"Unknown"
3172,324.0552,14.04,4.71,"Artifact","[13]C1C8H14N3O8P1",0.02,"CMP C9H14N3O8P1 + [13]C1C-1 -> [13]C1C8H14N3O8P1"
3173,158.0325,10.23,4.54,"Metabolite","C5H6N2O4",1.62,"L-Dihydroorotic acid C5H6N2O4"
3174,158.0325,10.76,4.49,"Metabolite","C5H6N2O4",1.62,"L-Dihydroorotic acid C5H6N2O4"
3175,320.0707,16.93,4.63,"Artifact","C6H20N2O9Si2",0.1,"lysine C6H14N2O2 + H4O4Si1 -> C6H18N2O6Si1 + H2O3Si1 -> C6H20N2O9Si2"
3176,425.9811,2.15,4.63,"Unknown","Unknown",0.27,"Unknown"
3177,241.0046,13.88,4.33,"Artifact","[13]C1C5H10K1Na1O6",-0.13,"CH3COOK C2H3K1O2 + C2H4O2 + [13]C1C-1 -> [13]C1C3H7K1O4 + C2H3Na1O2 -> [13]C1C5H10K1Na1O6"
3178,241.0046,14.4,4.11,"Artifact","[13]C1C5H10K1Na1O6",-0.13,"CH3COOK C2H3K1O2 + C2H3Na1O2 + C2H4O2 -> C6H10K1Na1O6 + [13]C1C-1 -> [13]C1C5H10K1Na1O6"
3179,709.4534,3.06,4.68,"Unknown","Unknown",0.2,"Unknown"
3180,239.0994,2.18,4.22,"Unknown","Unknown",0.42,"Unknown"
3181,182.9387,13.42,4.6,"Artifact","Ring_artifact_C7H5N1O5",0.52,"quinolinate C7H5N1O4 + O1 + Ring_artifact -> Ring_artifact_C7H5N1O5"
3182,240.0787,11.3,4.71,"Artifact","[13]C1C5H13N3O7",0.02,"Peak 544 C6H13N3O7 + [13]C1C-1 -> [13]C1C5H13N3O7"
3183,146.999,7.57,4.69,"Putative metabolite","C4H5N1O3S1",0.09,"Pyroglutamic acid C5H7N1O3 + S1 -> C5H7N1O3S1 - C1H2 -> C4H5N1O3S1"
3184,207.2644,2.58,4.59,"Artifact","Ring_artifact_[13]C1C13H22O1",0.47,"alpha-Isomethyl-ionone C14H22O1 + [13]C1C-1 -> [13]C1C13H22O1 + Ring_artifact -> Ring_artifact_[13]C1C13H22O1"
3185,166.9673,13.5,4.55,"Artifact","C4Cr1H5N1O3",0.9,"Peak 2152 C4H7N1O1 + Cr1O3 -> C4Cr1H7N1O4 - H2O1 -> C4Cr1H5N1O3"
3186,318.0352,14.03,4.67,"Putative metabolite","C8H15O11P1",-0.01,"D-Sedoheptulose 7-phosphate C7H15O10P1 + C1O1 -> C8H15O11P1"
3187,257.0389,7.58,4.71,"Artifact","C6H15N1O6S1Si1",0.13,"Peak 303 C6H11N1O2S1 + H4O4Si1 -> C6H15N1O6S1Si1"
3188,220.0582,13.54,4.6,"Putative metabolite","C8H12O7",0.47,"citrate/isocitrate C6H8O7 + C2H4 -> C8H12O7"
3189,220.0576,6.94,4.49,"Unknown","Unknown",0.45,"Unknown"
3190,220.0582,13.08,4.67,"Artifact","C8H12O7",0.47,"(2E)-2-(methoxycarbonylmethyl)but-2-enedioic acid C7H8O6 + C1H4O1 -> C8H12O7"
3191,585.3648,7.11,4.65,"Artifact","C27H56N1O10P1",-1.05,"Peak 588 C27H54N1O10P1 - C1H2O1 -> C26H52N1O9P1 + C1H4O1 -> C27H56N1O10P1"
3192,222.0487,11.35,4.74,"Artifact","C6H10N2O7",0.45,"Peak 160 C6H9N1O4 + H1N1O3 -> C6H10N2O7"
3193,153.0665,13.5,4.48,"Unknown","Unknown",0.61,"Unknown"
3194,213.1365,7.11,4.63,"Artifact","C11H19N1O3",-0.03,"Butyrylcarnitine C11H21N1O4 - H2O1 -> C11H19N1O3"
3195,213.1365,3.06,4.44,"Putative metabolite","C11H19N1O3",-0.03,"Butyrylcarnitine C11H21N1O4 - H2O1 -> C11H19N1O3"
3196,301.8669,13.93,4.56,"Artifact","[41]K1C3H3K2O9",0.15,"KHCO3 C1H1K1O3 + C1H2O3 + H-2K2 -> C2H1K3O6 + [41]K1K-1 -> [41]K1C2H1K2O6 + C1H2O3 -> [41]K1C3H3K2O9"
3197,748.085,14.18,4.59,"Artifact","C22H34K2N6O14S2",-0.19,"glutathione disulfide C20H32N6O12S2 + Peak 4389 -> C22H34K2N6O14S2"
3198,264.1044,15.39,4.71,"Metabolite","C12H16N4O1S1",0.31,"Thiamine C12H16N4O1S1"
3199,218.9519,13.31,4.67,"Artifact","[53]Cr1C4H6O7",0.47,"Succinic acid C4H6O4 + Cr1O3 -> C4Cr1H6O7 + [53]Cr1Cr-1 -> [53]Cr1C4H6O7"
3200,413.9645,13.92,4.57,"Unknown","Unknown",0.28,"Unknown"
3201,101.0194,13.3,4.65,"Artifact","[13]C1C3H4O3",-0.01,"Succinic acid C4H6O4 + [13]C1C-1 -> [13]C1C3H6O4 - H2O1 -> [13]C1C3H4O3"
3202,219.0564,7.09,4.56,"Artifact","C8H13N1O4S1",0.59,"N-Formyl-L-methionine C6H11N1O3S1 - H2O1 -> C6H9N1O2S1 + C2H4O2 -> C8H13N1O4S1"
3203,178.0299,3.47,4.62,"Putative metabolite","C6H10O4S1",0.45,"N-Formyl-L-methionine C6H11N1O3S1 + H-1N-1O1 -> C6H10O4S1"
3204,250.5913,2.35,4.6,"Unknown","Unknown",0.41,"Unknown"
3205,148.0373,4.95,5.96,"Metabolite","C5H8O5",-0.86,"L-2-Hydroxyglutaric acid C5H8O5"
3206,468.1555,13.4,4.53,"Artifact","C14H26N6Na2O9",0.35,"glutamine C5H10N2O3 + Peak 550 -> C10H19N4Na1O6 + Peak 3304 -> C14H26N6Na2O9"
3207,666.3628,2.06,4.58,"Unknown","Unknown",0.21,"Unknown"
3208,298.9117,13.9,4.51,"Artifact","[13]C1[41]K1C4H7K2O7",0.24,"KHCO3 C1H1K1O3 + C2H3K1O2 + C2H3K1O2 -> C5H7K3O7 + [41]K1K-1 -> [41]K1C5H7K2O7 + [13]C1C-1 -> [13]C1[41]K1C4H7K2O7"
3209,620.3123,16.75,4.62,"Artifact","C20H45K1N12O8",-0.42,"L-Arginine C6H14N4O2 + Peak 1983 -> C20H45K1N12O8"
3210,180.0898,5.18,4.71,"Putative metabolite","C9H12N2O2",0.43,"phenylalanine C9H11N1O2 + H1N1 -> C9H12N2O2"
3211,181.0326,13.05,4.4,"Artifact","C4H9N1Na2O4",0.54,"threonine C4H9N1O3 + H1Na1O1 -> C4H10N1Na1O4 + H-1Na1 -> C4H9N1Na2O4"
3212,809.1255,13.49,4.29,"Metabolite","C23H38N7O17P3S1",0.34,"acetyl-CoA C23H38N7O17P3S1"
3213,508.9999,14.24,4.7,"Artifact","[18]O1C10H16N5O12P3",0.18,"ATP C10H16N5O13P3 + [18]O1O-1 -> [18]O1C10H16N5O12P3"
3214,383.0194,3.08,4.51,"Putative metabolite","C8H17N1O12S2",-0.48,"diethyl tartrate C8H14O6 + H3N1 -> C8H17N1O6 + O3S1 -> C8H17N1O9S1 + O3S1 -> C8H17N1O12S2"
3215,183.0507,10.58,4.68,"Artifact","C6H10N1Na1O4",0.29,"O-Acetyl-L-homoserine C6H11N1O4 + H-1Na1 -> C6H10N1Na1O4"
3216,374.1287,13.38,4.59,"Artifact","C12H28N2Na2O4S2",-0.3,"Peak 86 C6H13N1O1S1 + Peak 2780 -> C12H28N2Na2O4S2"
3217,191.0679,13.26,4.47,"Artifact","[18]O1C7H11N1O4",0.36,"N-acetyl-L-glutamic acid C7H11N1O5 + [18]O1O-1 -> [18]O1C7H11N1O4"
3218,315.9784,13.93,4.63,"Artifact","C7H14K2O7Si1",-0.34,"C3H8SiO3 C3H8O3Si1 + C2H3K1O2 + C2H3K1O2 -> C7H14K2O7Si1"
3219,372.2009,11.24,4.67,"Putative metabolite","C16H28N4O6",-0.04,"Argininosuccinic acid C10H18N4O6 + C1H2 -> C11H20N4O6 + C5H8 -> C16H28N4O6"
3220,289.0838,9.83,4.7,"Artifact","C10Ca1H19N1O6",0.1,"isoleucine C6H13N1O2 + C2H4O2 -> C8H17N1O4 + C2Ca1H2O2 -> C10Ca1H19N1O6"
3221,289.0839,9.36,4.56,"Artifact","C10Ca1H19N1O6",-0.25,"leucine C6H13N1O2 + C2H4O2 -> C8H17N1O4 + C2Ca1H2O2 -> C10Ca1H19N1O6"
3222,209.1262,11.22,4.59,"Artifact","C8H19N1O5",0.59,"DL-Valine C5H11N1O2 + C2H4O2 -> C7H15N1O4 + C1H4O1 -> C8H19N1O5"
3223,506.3607,2.99,4.63,"Putative metabolite","C30H50O6",0.08,"Ubiquinone Q1 C14H18O4 + C16H30O1 -> C30H48O5 + H2O1 -> C30H50O6"
3224,114.1044,3.8,4.28,"Metabolite","C7H14O1",0.57,"2-Heptanone C7H14O1"
3225,92.03745,1.87,4.76,"Unknown","Unknown",1.18,"Unknown"
3226,217.0351,13.06,4.17,"Artifact","C6H12K1N1O5",0.71,"threonine C4H9N1O3 + C2H3K1O2 -> C6H12K1N1O5"
3227,286.1277,13.24,4.66,"Putative metabolite","C11H18N4O5",0.07,"2-(3-Carboxy-3-aminopropyl)-L-histidine C10H16N4O4 + C1H2O1 -> C11H18N4O5"
3228,248.9629,2.35,4.69,"Artifact","Ring_artifact_C12H17O3.5S1",0.41,"No edge connections."
3229,205.0713,8.82,4.67,"Artifact","C9H12N1Na1O3",0.92,"phenylalanine C9H11N1O2 + H1Na1O1 -> C9H12N1Na1O3"
3230,232.117,13.2,4.62,"Putative metabolite","C8H16N4O4",0.67,"N-Acetyl-L-arginine C8H16N4O3 + O1 -> C8H16N4O4"
3231,584.3886,7.09,4.54,"Unknown","Unknown",0.22,"Unknown"
3232,397.8835,13.92,4.43,"Artifact","C7Ca1H10K1Na1Ni1O9",0.99,"CH2COONi C2H2Ni1O2 + C2H3Na1O2 + Peak 1174 -> C6Ca1H8K1Na1Ni1O7 + C1H2O2 -> C7Ca1H10K1Na1Ni1O9"
3233,339.1166,11.34,4.53,"Artifact","C12H21N1O10",-0.16,"Peak 2813 C12H24N2O10 - H3N1 -> C12H21N1O10"
3234,209.0616,4.95,4.66,"Artifact","[13]C1C6H12O7",0.28,"L-2-Hydroxyglutaric acid C5H8O5 + C2H4O2 -> C7H12O7 + [13]C1C-1 -> [13]C1C6H12O7"
3235,450.1672,16.28,3.96,"Putative metabolite","C18H30N2O9S1",0,"Ethyl methionate C7H15N1O2S1 - H2O1 -> C7H13N1O1S1 + C11H17N1O8 -> C18H30N2O9S1"
3236,116.9909,13.87,4.51,"Artifact","[13]C1C1H5K1O3",0.26,"CH3OH C1H4O1 + C1H1K1O2 + [13]C1C-1 -> [13]C1C1H5K1O3"
3237,249.0473,7.75,4.61,"Artifact","C7H8N5Na1O4",0.4,"7-Methylguanine C6H7N5O1 + C1H1Na1O3 -> C7H8N5Na1O4"
3238,254.9031,13.93,4.5,"Artifact","[13]C1C2H5K3O6",-0.05,"KHCO3 C1H1K1O3 + C2H3K1O2 + H1K1O1 -> C3H5K3O6 + [13]C1C-1 -> [13]C1C2H5K3O6"
3239,277.0192,13.64,4.59,"Artifact","C5H12N1O10P1",2.46,"deoxyribose-phosphate C5H11O7P1 + H1N1O3 -> C5H12N1O10P1"
3240,738.4878,4.52,4.54,"Unknown","Unknown",0.19,"Unknown"
3241,738.4878,3.07,4.58,"Unknown","Unknown",0.19,"Unknown"
3242,149.0768,3.75,4.7,"Artifact","[13]C1C5H12O4",0.76,"(R)-2,3-Dihydroxy-3-methylvalerate C6H12O4 + [13]C1C-1 -> [13]C1C5H12O4"
3243,353.0907,13.59,4.57,"Artifact","C8H24N1O10P1Si1",0.03,"Glycerophosphocholine C8H20N1O6P1 + H4O4Si1 -> C8H24N1O10P1Si1"
3244,460.146,13.01,4.46,"Putative metabolite","C15H29N2O12P1",-0.41,"Phosphorylcholine C5H14N1O4P1 - C1H2 -> C4H12N1O4P1 + C11H17N1O8 -> C15H29N2O12P1"
3245,135.9507,13.82,4.34,"Artifact","Ring_artifact_H1K1O4S1",0.68,"KHSO4 H1K1O4S1 + Ring_artifact -> Ring_artifact_H1K1O4S1"
3246,207.0762,2.58,4.59,"Artifact","Ring_artifact_[13]C1C13H22O1",0.47,"alpha-Isomethyl-ionone C14H22O1 + [13]C1C-1 -> [13]C1C13H22O1 + Ring_artifact -> Ring_artifact_[13]C1C13H22O1"
3247,481.3072,3.07,4.67,"Artifact","[13]C2C21H46N1O7P1",1.45,"PE(18:1(9Z)/0:0) C23H46N1O7P1 + [13]C1C-1 -> [13]C1C22H46N1O7P1 + [13]C1C-1 -> [13]C2C21H46N1O7P1"
3248,134.0578,13.01,5.08,"Metabolite","C5H10O4",0.81,"(R)-2,3-Dihydroxy-isovalerate C5H10O4"
3249,134.0578,13.39,5.08,"Artifact","Ring_artifact_C4H6O5",0.68,"malate C4H6O5 + Ring_artifact -> Ring_artifact_C4H6O5"
3250,249.2123,2.34,4.64,"Artifact","Ring_artifact_C12H17O3.5S1",0.41,"No edge connections."
3251,204.0534,5.6,4.32,"Putative metabolite","C10H8N2O3",0.45,"Kynurenic acid C10H7N1O3 + H1N1 -> C10H8N2O3"
3252,350.1762,2.81,4.54,"Putative metabolite","C16H30O6S1",0.31,"palmitoleic acid C16H30O2 + O1 -> C16H30O3 + O3S1 -> C16H30O6S1"
3253,144.1688,2.84,6.06,"Artifact","Ring_artifact_C8H16O2",0.64,"Caprylic acid C8H16O2 + Ring_artifact -> Ring_artifact_C8H16O2"
3254,386.1793,16.77,4.53,"Artifact","C12H27K1N8O4",-0.17,"L-Arginine C6H14N4O2 + Peak 3337 -> C12H27K1N8O4"
3255,161.9427,12.99,4.62,"Artifact","Ring_artifact_C6H10O5",0.58,"2-Hydroxyhexanedioic Acid C6H10O5 + Ring_artifact -> Ring_artifact_C6H10O5"
3256,309.0692,7.58,4.66,"Artifact","[18]O1C9H13N3O8",0.73,"uridine C9H12N2O6 + H1N1O3 -> C9H13N3O9 + [18]O1O-1 -> [18]O1C9H13N3O8"
3257,330.0815,13.06,4.32,"Artifact","[13]C1C9H19N1O9S1",-0.28,"Peak 1070 C10H19N1O9S1 + [13]C1C-1 -> [13]C1C9H19N1O9S1"
3258,204.0277,13.36,4.63,"Artifact","C5Cl1H10N2Na1O3",0.32,"glutamine C5H10N2O3 + H-1Na1 -> C5H9N2Na1O3 + Cl1H1 -> C5Cl1H10N2Na1O3"
3259,834.5256,3.05,4.4,"Metabolite","C43H79O13P1",0.27,"PI(16:1(9Z)/18:1(9Z)) C43H79O13P1"
3260,270.0522,12.96,4.66,"Putative metabolite","C7H14N2O7S1",-0.11,"Diaminopimelic Acid C7H14N2O4 + O3S1 -> C7H14N2O7S1"
3261,351.0198,1.92,4.26,"Unknown","Unknown",0.31,"Unknown"
3262,204.0633,13.01,4.71,"Putative metabolite","C8H12O6",0.43,"2-Hydroxyhexanedioic Acid C6H10O5 + C2H2O1 -> C8H12O6"
3263,437.2623,7.1,4.61,"Artifact","[13]C1C20H41O7P1",0.1,"PA(18:1(9Z)/0:0) C21H41O7P1 + [13]C1C-1 -> [13]C1C20H41O7P1"
3264,197.9518,14.15,4.65,"Artifact","[41]K1C2H6O6P1",1.14,"KH2PO4 H2K1O4P1 + C2H4O2 + [41]K1K-1 -> [41]K1C2H6O6P1"
3265,214.9679,13.92,4.46,"Artifact","[13]C1C3H8K2O5",0.2,"CH3COOK C2H3K1O2 + C2H4O2 + [13]C1C-1 -> [13]C1C3H7K1O4 + H1K1O1 -> [13]C1C3H8K2O5"
3266,588.0369,13.94,4.49,"Artifact","C15H23N2Na1O17P2",0.11,"UDP-D-glucose C15H24N2O17P2 + H-1Na1 -> C15H23N2Na1O17P2"
3267,131.9384,6.98,4.63,"Unknown","Unknown",0.69,"Unknown"
3268,382.2122,7.11,4.63,"Metabolite","C17H35O7P1",-0.42,"PA(14:0/0:0) C17H35O7P1"
3269,320.008,14,4.69,"Artifact","C8H13K1N2O7S1",0.17,"Peak 1401 C8H14N2O7S1 + H-1K1 -> C8H13K1N2O7S1"
3270,565.0711,14,4.63,"Artifact","C14H28K1N1O18Si1",0.3,"H4SiO4 H4O4Si1 + C1H1K1O3 + Peak 130 -> C13H27K1O18Si1 + C1H1N1 -> C14H28K1N1O18Si1"
3271,349.0675,13.72,4.65,"Artifact","[18]O1C10H14N5O6P1",-0.49,"dGMP C10H14N5O7P1 + [18]O1O-1 -> [18]O1C10H14N5O6P1"
3272,709.4533,4.57,4.62,"Unknown","Unknown",0.2,"Unknown"
3273,448.1595,13.64,4.47,"Artifact","C14Ca1H28N6O8",-0.1,"citrulline C6H13N3O3 + Peak 1860 -> C14Ca1H28N6O8"
3274,174.0862,16.76,5.05,"Artifact","Ring_artifact_C6H14N4O2",0.55,"L-Arginine C6H14N4O2 + Ring_artifact -> Ring_artifact_C6H14N4O2"
3275,243.0541,7.58,4.72,"Artifact","C8H14N1Na1O4S1",0.1,"Peak 303 C6H11N1O2S1 + C2H3Na1O2 -> C8H14N1Na1O4S1"
3276,265.0812,13.47,4.57,"Artifact","[13]C1C8H16N2O5S1",0.56,"Peak 1894 C7H13N1O5S1 + C2H3N1 -> C9H16N2O5S1 + [13]C1C-1 -> [13]C1C8H16N2O5S1"
3277,255.1412,11.24,4.61,"Artifact","[13]C1C10H18N4O3",0.18,"Peak 1026 C11H18N4O3 + [13]C1C-1 -> [13]C1C10H18N4O3"
3278,232.0599,13.07,4.4,"Unknown","Unknown",0.43,"Unknown"
3279,457.8668,13.92,4.67,"Artifact","C7H10K4O13",0.37,"CH3COOK C2H3K1O2 + C2H4O2 + Peak 1396 -> C7H10K4O13"
3280,294.921,13.88,4.37,"Artifact","C4Ca1H9K1O7P1S0.5",-0.26,"No edge connections."
3281,644.2054,13.39,4.55,"Artifact","C20Ca1H37N8Na1O12",0.08,"glutamine C5H10N2O3 + Peak 550 -> C10H19N4Na1O6 + Peak 3660 -> C20Ca1H37N8Na1O12"
3282,253.0538,13,4.62,"Artifact","C7H13N1Na2O6",0.1,"alanine C3H7N1O2 + C2H3Na1O2 -> C5H10N1Na1O4 + C2H3Na1O2 -> C7H13N1Na2O6"
3283,182.1565,11.81,4.72,"Artifact","Ring_artifact_C6H14O6",0.53,"D-glucitol C6H14O6 + Ring_artifact -> Ring_artifact_C6H14O6"
3284,182.1565,11.37,4.65,"Artifact","Ring_artifact_C6H14O6",0.53,"D-glucitol C6H14O6 + Ring_artifact -> Ring_artifact_C6H14O6"
3285,317.3014,13.58,5.09,"Artifact","Ring_artifact_C10H24N1O8P1",0.34,"Glycerophosphocholine C8H20N1O6P1 + C2H4O2 -> C10H24N1O8P1 + Ring_artifact -> Ring_artifact_C10H24N1O8P1"
3286,325.2018,8.52,4.68,"Putative metabolite","C14H32N1O5P1",0.03,"PA(14:0/0:0) C17H35O7P1 + H1N1 -> C17H36N1O7P1 - C1O2 -> C16H36N1O5P1 - C2H4 -> C14H32N1O5P1"
3287,262.0098,13.4,4.53,"Artifact","C7H12N2Ni1O5",0.63,"glutamine C5H10N2O3 + C2H2Ni1O2 -> C7H12N2Ni1O5"
3288,382.1965,11.61,4.67,"Putative metabolite","C16H26N6O5",-0.08,"isoleucine C6H13N1O2 + C10H12N5O6P1 -> C16H25N6O8P1 - H1O3P1 -> C16H24N6O5 + H2 -> C16H26N6O5"
3289,382.1969,11.3,4.67,"Unknown","Unknown",0.3,"Unknown"
3290,520.1562,2.36,4.64,"Artifact","C24H33Na1O7S2",0.65,"Peak 73 C12H18O1S2 + Peak 540 -> C24H34O7S2 + H-1Na1 -> C24H33Na1O7S2"
3291,389.1506,13.7,4.49,"Artifact","[13]C1C11H25K1N6O6",0.05,"citrulline C6H13N3O3 + Peak 1363 -> C12H25K1N6O6 + [13]C1C-1 -> [13]C1C11H25K1N6O6"
3292,157.9522,13.88,4.67,"Artifact","Ring_artifact_C4H7K1O4",0.59,"CH3COOK C2H3K1O2 + C2H4O2 + Ring_artifact -> Ring_artifact_C4H7K1O4"
3293,473.1019,12.98,4.27,"Putative metabolite","C15H23N1O16",-0.46,"Malonic acid C3H4O4 + C6H8O6 -> C9H12O10 + H3N1 -> C9H15N1O10 + C6H8O6 -> C15H23N1O16"
3294,240.9947,8.53,4.67,"Artifact","C5H4N3Na1O7",-0.02,"Orotic acid C5H4N2O4 + N1Na1O3 -> C5H4N3Na1O7"
3295,120.0645,13.02,4.39,"Artifact","[2]H1C4H8N1O3",0.17,"threonine C4H9N1O3 + [2]H1H-1 -> [2]H1C4H8N1O3"
3296,299.1092,11.3,4.58,"Artifact","C10H18N3Na1O6",0.43,"Peak 167 C8H15N3O4 + C2H3Na1O2 -> C10H18N3Na1O6"
3297,585.3405,16.78,4.43,"Unknown","Unknown",0.22,"Unknown"
3298,330.0914,16.27,4.17,"Artifact","C8H22N2O8Si2",0.21,"ornithine C5H12N2O2 + C3H8O3Si1 -> C8H20N2O5Si1 + H2O3Si1 -> C8H22N2O8Si2"
3299,169.0542,13.39,4.69,"Artifact","[13]C1C4H9N2Na1O3",1.27,"glutamine C5H10N2O3 + [13]C1C-1 -> [13]C1C4H10N2O3 + H-1Na1 -> [13]C1C4H9N2Na1O3"
3300,193.095,13.03,4.41,"Artifact","C7H15N1O5",0.12,"Triethanolamine C6H15N1O3 - H2 + C1H2O2 -> C7H15N1O5"
3301,297.0015,13.74,4.62,"Artifact","C6H13K1N1O8P1",0.29,"D-glucosamine-1/6-phosphate C6H14N1O8P1 + H-1K1 -> C6H13K1N1O8P1"
3302,429.0338,13.98,4.61,"Artifact","[18]O1C10H15N5O9P2",-0.33,"dGDP C10H15N5O10P2 + [18]O1O-1 -> [18]O1C10H15N5O9P2"
3303,251.0429,3.73,4.67,"Putative metabolite","C11H9N1O6",0.35,"Hydroxyindoleacetic acid C10H9N1O3 + C1O2 -> C11H9N1O5 + O1 -> C11H9N1O6"
3304,154.0353,13.41,4.62,"Artifact","C4H7N2Na1O3",0.89,"asparagine C4H8N2O3 + H-1Na1 -> C4H7N2Na1O3"
3305,261.0781,13.47,4.57,"Artifact","C9H15N3O4S1",0.87,"Peak 403 C10H15N3O6S1 - C1O2 -> C9H15N3O4S1"
3306,231.5368,14.11,4.62,"Unknown","Unknown",0.43,"Unknown"
3307,278.0965,16.7,4.63,"Artifact","C8H16N4Na2O4",0.7,"L-Arginine C6H14N4O2 + C2H3Na1O2 -> C8H17N4Na1O4 + H-1Na1 -> C8H16N4Na2O4"
3308,278.0966,17.15,4.64,"Unknown","Unknown",0.37,"Unknown"
3309,463.1924,2.93,4.62,"Artifact","[13]C1C23H30O9",-0.14,"Peak 2442 C23H28O8 - C1H2O1 -> C22H26O7 + C2H4O2 -> C24H30O9 + [13]C1C-1 -> [13]C1C23H30O9"
3310,209.0404,11.86,4.57,"Artifact","[13]C1C9H8O5",0.61,"m-Coumaric acid C9H8O3 + C1O2 + [13]C1C-1 -> [13]C1C9H8O5"
3311,177.0643,7.47,4,"Unknown","Unknown",0.54,"Unknown"
3312,404.0719,13.99,4.64,"Putative metabolite","C12H21O13P1",0.19,"trehalose-6-Phosphate C12H23O14P1 - H2O1 -> C12H21O13P1"
3313,291.1343,2.14,4.44,"Unknown","Unknown",0.36,"Unknown"
3314,301.0645,13.11,4.43,"Artifact","C8H15N1O11",0.03,"Peak 348 C8H14O8 + H1N1O3 -> C8H15N1O11"
3315,247.068,7.76,4.65,"Artifact","C8H10N5Na1O3",0.54,"7-Methylguanine C6H7N5O1 + C2H3Na1O2 -> C8H10N5Na1O3"
3316,239.0881,11.31,4.63,"Artifact","C8H14N3Na1O4",0.42,"Peak 167 C8H15N3O4 + H-1Na1 -> C8H14N3Na1O4"
3317,475.8902,13.92,4.39,"Artifact","C9H13K4Na1O11",0.39,"KHCO3 C1H1K1O3 + C2H3K1O2 + H-1K1 -> C3H3K3O5 + Peak 894 -> C9H13K4Na1O11"
3318,264.0254,13.03,4.33,"Artifact","C7H14N2Ni1O5",0.81,"alanine C3H7N1O2 * 2 -> C6H14N2O4 + C2H2Ni1O2 -> C8H16N2Ni1O6 - C1H2O1 -> C7H14N2Ni1O5"
3319,404.333,2.86,4.64,"Artifact","[13]C1C21H45N1O5",0.32,"Peak 1514 C22H45N1O5 + [13]C1C-1 -> [13]C1C21H45N1O5"
3320,307.5716,14.2,4.46,"Unknown","Unknown",0.35,"Unknown"
3321,254.1808,2.48,5.27,"Artifact","Ring_artifact_C16H30O2",0.4,"palmitoleic acid C16H30O2 + Ring_artifact -> Ring_artifact_C16H30O2"
3322,257.1012,7.24,4.69,"Putative metabolite","C10H15N3O5",-0.11,"Cytidine C9H13N3O5 + C1H2 -> C10H15N3O5"
3323,257.1011,7.66,4.6,"Putative metabolite","C10H15N3O5",0.27,"Cytidine C9H13N3O5 + C1H2 -> C10H15N3O5"
3324,257.1012,8.76,4.15,"Putative metabolite","C10H15N3O5",-0.11,"Cytidine C9H13N3O5 + C1H2 -> C10H15N3O5"
3325,296.0588,5.32,4.62,"Artifact","[37]Cl1C10H15N2O6",0.38,"Ribothymidine C10H14N2O6 + Cl1H1 -> C10Cl1H15N2O6 + [37]Cl1Cl-1 -> [37]Cl1C10H15N2O6"
3326,470.2682,14.74,4.58,"Unknown","Unknown",0.26,"Unknown"
3327,304.1036,13.58,4.6,"Artifact","C8H21N2O8P1",-0.16,"Ornithine C5H12N2O2 + Peak 660 -> C8H21N2O8P1"
3328,688.0639,14.16,4.63,"Artifact","C20H30K2N6O12S2",-0.25,"glutathione disulfide C20H32N6O12S2 + H-2K2 -> C20H30K2N6O12S2"
3329,412.1334,13.64,4.46,"Artifact","C11H26N4Na1O9P1",0.27,"glutamate C5H9N1O4 + Peak 3276 -> C11H26N4Na1O9P1"
3330,178.0751,11.96,3.85,"Artifact","[13]C2C5H12O5",0.47,"2-Isopropylmalic acid C7H12O5 + [13]C1C-1 -> [13]C1C6H12O5 + [13]C1C-1 -> [13]C2C5H12O5"
3331,172.0377,2.82,5.13,"Unknown","Unknown",0.55,"Unknown"
3332,317.0669,14.21,4.57,"Artifact","C10H15.5N3Na0.5O6S1",0.17,"No edge connections."
3333,246.0055,13.56,4.48,"Metabolite","C5H12O7P2",1.32,"Dimethylallylpyrophosphate C5H12O7P2"
3334,161.9814,13.92,4.6,"Artifact","[18]O1C3H5K1O4",1.55,"KHCO3 C1H1K1O3 + C2H4O2 + [18]O1O-1 -> [18]O1C3H5K1O4"
3335,514.2032,13.57,4.55,"Artifact","C18H35N4O11P1",1.55,"cytidine C9H13N3O5 + C1H2 + Peak 1326 -> C18H35N4O11P1"
3336,289.0628,11.31,4.65,"Artifact","[13]C1C9H12N2O8",-0.28,"Peak 842 C10H12N2O8 + [13]C1C-1 -> [13]C1C9H12N2O8"
3337,212.0676,16.77,4.57,"Artifact","C6H13K1N4O2",-0.2,"L-Arginine C6H14N4O2 + H-1K1 -> C6H13K1N4O2"
3338,332.0798,8.68,4.62,"Artifact","[13]C1C9H13N5O8",-0.15,"inosine C10H12N4O5 + [13]C1C-1 -> [13]C1C9H12N4O5 + H1N1O3 -> [13]C1C9H13N5O8"
3339,329.1584,13.01,4.34,"Artifact","C14H23N3O6",0.87,"Acetyllysine C8H16N2O3 + Peak 584 -> C14H23N3O6"
3340,177.1188,16.78,4.6,"Artifact","[13]C1[18]O1C5H14N4O1",2.69,"L-Arginine C6H14N4O2 + [13]C1C-1 -> [13]C1C5H14N4O2 + [18]O1O-1 -> [13]C1[18]O1C5H14N4O1"
3341,384.101,7.06,4.55,"Artifact","C13H26Na2O6S1Si1",1.24,"Peak 2857 C8H16O1S1 + H-2Na2 -> C8H14Na2O1S1 + C3H8O3Si1 -> C11H22Na2O4S1Si1 + C2H4O2 -> C13H26Na2O6S1Si1"
3342,557.3229,3.07,4.59,"Artifact","[13]C2C23H50N1O10P1",1.87,"PS(18:1(9Z)/0:0) C24H46N1O9P1 + C1H4O1 -> C25H50N1O10P1 + [13]C1C-1 -> [13]C1C24H50N1O10P1 + [13]C1C-1 -> [13]C2C23H50N1O10P1"
3343,226.0477,12.4,4.61,"Metabolite","C10H10O6",0.17,"Chorismate C10H10O6"
3344,485.1621,2.37,4.52,"Artifact","[13]C1C16H25N8O7P1",-0.75,"Peak 1646 C17H25N8O7P1 + [13]C1C-1 -> [13]C1C16H25N8O7P1"
3345,279.0178,7.05,4.56,"Artifact","[13]C1C5H16O6P2S1",-0.59,"Peak 771 C6H16O6P2S1 + [13]C1C-1 -> [13]C1C5H16O6P2S1"
3346,182.9933,13.89,4.46,"Putative metabolite","C3H6N1O6P1",-0.15,"L-3-Oxoalanine C3H5N1O3 + H1O3P1 -> C3H6N1O6P1"
3347,282.1036,2.44,6.47,"Artifact","Ring_artifact_C18H34O2",0.37,"Oleic acid C18H34O2 + Ring_artifact -> Ring_artifact_C18H34O2"
3348,254.0854,16.25,4.64,"Artifact","C7H16N2Na2O5",0.24,"ornithine C5H12N2O2 + C2H3Na1O2 -> C7H15N2Na1O4 + H1Na1O1 -> C7H16N2Na2O5"
3349,350.0838,8.66,4.62,"Artifact","C12H15N4Na1O7",0.12,"inosine C10H12N4O5 + C2H3Na1O2 -> C12H15N4Na1O7"
3350,173.6567,16.77,4.62,"Unknown","Unknown",0.55,"Unknown"
3351,498.109,14.19,4.59,"Unknown","Unknown",0.25,"Unknown"
3352,251.0144,13.4,4.33,"Putative metabolite","C5H9N5O3S2",1.12,"7-Methylguanine C6H7N5O1 + O3S1 -> C6H7N5O4S1 + H2 -> C6H9N5O4S1 - C1O1 -> C5H9N5O3S1 + S1 -> C5H9N5O3S2"
3353,218.188,2.83,4.38,"Putative metabolite","C12H26O3",0.89,"Palmitic acid C16H32O2 + C1H2O1 -> C17H34O3 - C5H8 -> C12H26O3"
3354,529.3014,3.07,4.58,"Artifact","C23H48N1O10P1",0.35,"PS(16:0/0:0) C22H44N1O9P1 + C1H4O1 -> C23H48N1O10P1"
3355,170.0066,4.87,4.37,"Unknown","Unknown",0.56,"Unknown"
3356,549.1318,13.99,4.41,"Artifact","[13]C1C15H30N4O13P2",-0.03,"Citicoline C14H26N4O11P2 + C2H4O2 -> C16H30N4O13P2 + [13]C1C-1 -> [13]C1C15H30N4O13P2"
3357,107.0299,11.3,4.67,"Artifact","[13]C1C2H6O4",0.59,"Glyceric acid C3H6O4 + [13]C1C-1 -> [13]C1C2H6O4"
3358,262.0337,14.19,4.54,"Artifact","[18]O1C6H13O8P1",1.01,"glucose-1-phosphate C6H13O9P1 + [18]O1O-1 -> [18]O1C6H13O8P1"
3359,133.0959,16.77,4.45,"Artifact","[2]H1C5H11N2O2",1.91,"ornithine C5H12N2O2 + [2]H1H-1 -> [2]H1C5H11N2O2"
3360,542.1049,12.98,4.55,"Unknown","Unknown",0.23,"Unknown"
3361,311.1594,11.79,4.66,"Putative metabolite","C13H21N5O4",-0.15,"1-Methyladenosine C11H17N5O4 + C2H4 -> C13H21N5O4"
3362,539.322,7.09,4.49,"Artifact","C25H50N1O9P1",0.59,"Peak 3587 C21H43O7P1 + C2H3N1 -> C23H46N1O7P1 + C2H4O2 -> C25H50N1O9P1"
3363,270.0811,8.67,3.8,"Artifact","[13]C1[15]N1C9H12N3O5",0.22,"inosine C10H12N4O5 + [13]C1C-1 -> [13]C1C9H12N4O5 + [15]N1N-1 -> [13]C1[15]N1C9H12N3O5"
3364,157.0203,8.56,4.66,"Artifact","[13]C1C4H4N2O4",1.03,"Orotic acid C5H4N2O4 + [13]C1C-1 -> [13]C1C4H4N2O4"
3365,271.1531,11.4,4.63,"Putative metabolite","C12H21N3O4",0.39,"citrulline C6H13N3O3 + C1O1 -> C7H13N3O4 + C5H8 -> C12H21N3O4"
3366,159.9315,13.9,4.92,"Artifact","Ring_artifact_[41]K1C4H7O4",0.59,"CH3COOK C2H3K1O2 + C2H4O2 + [41]K1K-1 -> [41]K1C4H7O4 + Ring_artifact -> Ring_artifact_[41]K1C4H7O4"
3367,245.1374,9.35,4.62,"Putative metabolite","C10H19N3O4",0.52,"citrulline C6H13N3O3 + C2H2O1 -> C8H15N3O4 + C2H4 -> C10H19N3O4"
3368,490.3658,2.9,4.6,"Putative metabolite","C30H50O5",0.05,"Ubiquinone Q1 C14H18O4 + C16H30O1 -> C30H48O5 + H2 -> C30H50O5"
3369,157.9615,13.9,4.55,"Artifact","Ring_artifact_C4H7K1O4",0.59,"CH3COOK C2H3K1O2 + C2H4O2 + Ring_artifact -> Ring_artifact_C4H7K1O4"
3370,300.103,16.83,4.51,"Artifact","C6H16N6O8",-0.13,"L-Arginine C6H14N4O2 + H1N1O3 -> C6H15N5O5 + H1N1O3 -> C6H16N6O8"
3371,149.0406,4.95,4.67,"Artifact","[13]C1C4H8O5",-0.48,"L-2-Hydroxyglutaric acid C5H8O5 + [13]C1C-1 -> [13]C1C4H8O5"
3372,289.0893,4.33,4.54,"Artifact","[13]C1C12H12N4O4",-0.31,"Peak 1319 C13H12N4O4 + [13]C1C-1 -> [13]C1C12H12N4O4"
3373,289.175,14.47,4.56,"Putative metabolite","C11H23N5O4",0.01,"2-(3-Carboxy-3-aminopropyl)-L-histidine C10H16N4O4 + H2O1 -> C10H18N4O5 + H3N1O-1 -> C10H21N5O4 + C1H2 -> C11H23N5O4"
3374,176.0057,11.3,4.64,"Artifact","Ring_artifact_C6H12N2O4",0.54,"Diaminopimelic Acid C7H14N2O4 - C1H2 + Ring_artifact -> Ring_artifact_C6H12N2O4"
3375,397.9868,13.91,4.3,"Artifact","C7H8N6Na2O9S1",0.22,"guanine C5H5N5O1 + O3S1 + C2H3Na1O2 -> C7H8N5Na1O6S1 + N1Na1O3 -> C7H8N6Na2O9S1"
3376,174.1361,16.8,5.07,"Artifact","Ring_artifact_C6H14N4O2",0.55,"L-Arginine C6H14N4O2 + Ring_artifact -> Ring_artifact_C6H14N4O2"
3377,233.1374,12.04,4.56,"Putative metabolite","C9H19N3O4",0.67,"citrulline C6H13N3O3 + C2H4 -> C8H17N3O3 + C1H2O1 -> C9H19N3O4"
3378,131.8941,13.65,4.51,"Unknown","Unknown",0.69,"Unknown"
3379,233.0275,10.35,4.27,"Artifact","C7H9N1Na2O5",0.48,"Pyroglutamic acid C5H7N1O3 + H-1Na1 -> C5H6N1Na1O3 + C2H3Na1O2 -> C7H9N1Na2O5"
3380,233.0275,11.13,4.56,"Artifact","C7H9N1Na2O5",0.48,"Pyroglutamic acid C5H7N1O3 + H-1Na1 -> C5H6N1Na1O3 + C2H3Na1O2 -> C7H9N1Na2O5"
3381,233.0275,10.84,4.56,"Unknown","Unknown",0.43,"Unknown"
3382,450.1826,2.8,4.92,"Unknown","Unknown",0.26,"Unknown"
3383,164.0684,11.35,4.97,"Metabolite","C6H12O5",0.45,"2-deoxy-D-glucose C6H12O5"
3384,164.0684,11.8,4.85,"Metabolite","C6H12O5",0.45,"2-deoxy-D-glucose C6H12O5"
3385,583.3745,7.09,4.59,"Unknown","Unknown",0.22,"Unknown"
3386,375.1642,11.42,4.62,"Putative metabolite","C15H25N3O8",-0.09,"Cytidine C9H13N3O5 + C1H2 -> C10H15N3O5 - C1O2 -> C9H15N3O3 + C6H10O5 -> C15H25N3O8"
3387,375.1643,11.76,4.62,"Putative metabolite","C15H25N3O8",-0.36,"Cytidine C9H13N3O5 + C1H2 -> C10H15N3O5 - C1O2 -> C9H15N3O3 + C6H10O5 -> C15H25N3O8"
3388,403.2109,2.06,4.57,"Artifact","[13]C1C19H34O6S1",0.16,"Peak 1730 C20H34O6S1 + [13]C1C-1 -> [13]C1C19H34O6S1"
3389,248.0561,14.33,4.65,"Metabolite","C8H13N2O5P1",0.44,"pyridoxamine-5-phosphate C8H13N2O5P1"
3390,286.0641,11.81,4.62,"Artifact","C8H16Na2O8",-0.15,"D-glucitol C6H14O6 + H-1Na1 -> C6H13Na1O6 + C2H3Na1O2 -> C8H16Na2O8"
3391,286.064,11.38,4.6,"Artifact","C8H16Na2O8",0.2,"D-glucitol C6H14O6 + H-1Na1 -> C6H13Na1O6 + C2H3Na1O2 -> C8H16Na2O8"
3392,236.116,7.11,4.59,"Putative metabolite","C12H16N2O3",0.39,"L-Kynurenine C10H12N2O3 + C2H4 -> C12H16N2O3"
3393,236.116,7.51,4.62,"Artifact","C12H16N2O3",0.39,"Peak 3908 C13H18N2O4 - C1H2O1 -> C12H16N2O3"
3394,547.2685,13.65,4.48,"Artifact","C18H38N9Na1O9",0.95,"citrulline C6H13N3O3 + Peak 606 -> C18H38N9Na1O9"
3395,189.9762,13.02,4.38,"Artifact","[13]C1C2Cr1H7N1O5",0.45,"alanine C3H7N1O2 + [13]C1C-1 -> [13]C1C2H7N1O2 + Cr1O3 -> [13]C1C2Cr1H7N1O5"
3396,243.1218,13.05,4.51,"Artifact","C10H17N3O4",0.44,"Peak 1113 C10H18N2O5 + C1H1N1 -> C11H19N3O5 - C1H2O1 -> C10H17N3O4"
3397,193.0574,7.1,4.58,"Artifact","[34]S1C7H13N1O3",0.05,"N-Acetyl-L-methionine C7H13N1O3S1 + [34]S1S-1 -> [34]S1C7H13N1O3"
3398,341.0777,13,4.43,"Artifact","C11H19N1O9S1",1.03,"Peak 2422 C11H17N1O5 + H2O4S1 -> C11H19N1O9S1"
3399,525.2966,7.1,4.55,"Putative metabolite","C24H47N1O9S1",1.05,"threonine C4H9N1O3 + C6H10O5 -> C10H19N1O8 - C2H4 -> C8H15N1O8 + H2S1 -> C8H17N1O8S1 + C16H30O1 -> C24H47N1O9S1"
3400,341.1256,4.32,4.66,"Putative metabolite","C11H23N3O7S1",0.21,"Ornithine C5H12N2O2 + H2S1 -> C5H14N2O2S1 + C6H8O6 -> C11H22N2O8S1 - H-1N-1O1 -> C11H23N3O7S1"
3401,341.1237,4.88,4.27,"Artifact","[13]C1C13H20N4O4S1",0.53,"Peak 1190 C12H16N4O2S1 + C2H4O2 -> C14H20N4O4S1 + [13]C1C-1 -> [13]C1C13H20N4O4S1"
3402,221.1343,4.22,4.4,"Unknown","Unknown",0.45,"Unknown"
3403,385.1404,13.05,4.44,"Putative metabolite","C14H27N1O9S1",0.65,"O-Acetyl-L-homoserine C6H11N1O4 + C6H10O5 -> C12H21N1O9 + H2S1 -> C12H23N1O9S1 + C2H4 -> C14H27N1O9S1"
3404,174.1588,16.78,4.27,"Artifact","Ring_artifact_C6H14N4O2",0.55,"L-Arginine C6H14N4O2 + Ring_artifact -> Ring_artifact_C6H14N4O2"
3405,97.94646,14.19,4.96,"Artifact","Ring_artifact_H3O4P1",1.11,"H3PO4 H3O4P1 + Ring_artifact -> Ring_artifact_H3O4P1"
3406,402.1119,7.11,4.34,"Putative metabolite","C12H22N2O13",0.72,"glutamate C5H9N1O4 + C6H8O6 -> C11H17N1O10 + C1O2 -> C12H17N1O12 + H3N1 -> C12H20N2O12 + H2O1 -> C12H22N2O13"
3407,735.5052,3.07,4.56,"Artifact","C38H74N1O10P1",-0.23,"PE(16:0/16:1(9Z)) C37H72N1O8P1 + C1H2O2 -> C38H74N1O10P1"
3408,307.254,13.49,4.76,"Artifact","Ring_artifact_C10H17N3O6S1",0.35,"glutathione C10H17N3O6S1 + Ring_artifact -> Ring_artifact_C10H17N3O6S1"
3409,192.3075,14.17,4.7,"Unknown","Unknown",0.5,"Unknown"
3410,131.93,16.76,4.43,"Unknown","Unknown",0.69,"Unknown"
3411,179.0217,4.15,4.55,"Putative metabolite","C8H5N1O4",0.88,"Xanthurenic acid C10H7N1O4 + O1 -> C10H7N1O5 - C2H2O1 -> C8H5N1O4"
3412,171.0198,13.33,4.6,"Artifact","C2H9N1O6Si1",0.66,"glycine C2H5N1O2 + H4O4Si1 -> C2H9N1O6Si1"
3413,282.115,15.42,4.64,"Putative metabolite","C12H18N4O2S1",0.17,"Thiamine C12H16N4O1S1 + H2O1 -> C12H18N4O2S1"
3414,443.3844,2.31,4.53,"Artifact","[13]C1C29H50O2",0.08,"Obtusifoliol C30H50O2 + [13]C1C-1 -> [13]C1C29H50O2"
3415,176.9716,7.15,4.67,"Artifact","Ring_artifact_C6H11N1O3S1",0.54,"N-Formyl-L-methionine C6H11N1O3S1 + Ring_artifact -> Ring_artifact_C6H11N1O3S1"
3416,227.0383,7.1,4.56,"Artifact","C7Cl1H14N1O3S1",-0.04,"N-Acetyl-L-methionine C7H13N1O3S1 + Cl1H1 -> C7Cl1H14N1O3S1"
3417,227.0395,7.76,4.32,"Artifact","C6H7N5Na2O2",0.06,"7-Methylguanine C6H7N5O1 + H1Na1O1 -> C6H8N5Na1O2 + H-1Na1 -> C6H7N5Na2O2"
3418,148.2266,13.41,4.43,"Unknown","Unknown",0.63,"Unknown"
3419,556.3573,3.07,4.41,"Artifact","[13]C1C25H54N1O9P1",-0.59,"Peak 1810 C26H54N1O9P1 + [13]C1C-1 -> [13]C1C25H54N1O9P1"
3420,229.9826,14.12,4.63,"Artifact","C6H7K1O7",1.24,"citrate/isocitrate C6H8O7 + H-1K1 -> C6H7K1O7"
3421,290.1478,14.14,4.58,"Putative metabolite","C12H22N2O6",-0.05,"Saccharopine C11H20N2O6 + C1H2 -> C12H22N2O6"
3422,196.0581,13.27,4.5,"Metabolite","C6H12O7",1.03,"Gluconic acid C6H12O7"
3423,283.9649,14.42,4.57,"Artifact","C6H8K1Na3O6",0.72,"CH3COOK C2H3K1O2 + C2H3Na1O2 + C2H4O2 -> C6H10K1Na1O6 + H-2Na2 -> C6H8K1Na3O6"
3424,163.901,2.25,4.56,"Unknown","Unknown",0.58,"Unknown"
3425,288.0958,6.4,4.59,"Artifact","C11H16N2O7",-0.17,"deoxyuridine C9H12N2O5 + C2H4O2 -> C11H16N2O7"
3426,128.013,13.37,4.66,"Artifact","Ring_artifact_C5H8N2O2",0.71,"glutamine C5H10N2O3 - H2O1 -> C5H8N2O2 + Ring_artifact -> Ring_artifact_C5H8N2O2"
3427,191.0443,7.26,4.66,"Putative metabolite","C7H5N5O2",0.13,"7-Methylguanine C6H7N5O1 + C1O1 -> C7H7N5O2 - H2 -> C7H5N5O2"
3428,379.8929,13.93,4.43,"Artifact","C6H8K3Na1O10",-0.69,"KHCO3 C1H1K1O3 + C2H3K1O2 + C2H3K1O2 -> C5H7K3O7 + C1H1Na1O3 -> C6H8K3Na1O10"
3429,275.0097,12.24,4.65,"Artifact","C7Cr1H13N1O7",0.03,"Diaminopimelic Acid C7H14N2O4 - H1N1 + Cr1O3 -> C7Cr1H13N1O7"
3430,311.1231,7.22,4.59,"Putative metabolite","C12H17N5O5",-0.42,"7-methylguanosine C11H15N5O5 + C1H2 -> C12H17N5O5"
3431,158.0344,13.9,4.51,"Artifact","Ring_artifact_C4H7K1O4",0.59,"CH3COOK C2H3K1O2 + C2H4O2 + Ring_artifact -> Ring_artifact_C4H7K1O4"
3432,171.0311,7.46,4.6,"Artifact","C5Cl1H6N5",0.43,"adenine C5H5N5 + Cl1H1 -> C5Cl1H6N5"
3433,271.9422,13.97,4.59,"Artifact","Ring_artifact_H2K2O8S2",0.38,"KHSO4 H1K1O4S1 + H1K1O4S1 + Ring_artifact -> Ring_artifact_H2K2O8S2"
3434,325.1792,2.11,4.61,"Unknown","Unknown",0.33,"Unknown"
3435,158.077,12.24,4.44,"Artifact","[13]C1C6H11N1O3",1.57,"N-acetyl-D-proline C7H11N1O3 + [13]C1C-1 -> [13]C1C6H11N1O3"
3436,250.0298,2.91,4.56,"Putative metabolite","C12H10O4S1",0.72,"Kynurenic acid C10H7N1O3 + C2H2O1 -> C12H9N1O4 - H1N1 -> C12H8O4 + H2S1 -> C12H10O4S1"
3437,496.2632,3.07,4.55,"Artifact","[13]C1C21H42N1O9P1",-0.26,"Peak 1660 C22H42N1O9P1 + [13]C1C-1 -> [13]C1C21H42N1O9P1"
3438,211.0228,11.19,4.27,"Putative metabolite","C7H5N3O5",0.57,"inosine C10H12N4O5 - C2H2O1 -> C8H10N4O4 - H3N1O-1 -> C8H7N3O5 - C1H2 -> C7H5N3O5"
3439,417.186,13.16,4.52,"Putative metabolite","C16H27N5O8",-0.09,"(6R)-6-(l-erythro-1,2-dihydroxypropyl)-5,6,7,8-tetrahydro-4a-hydroxypterin C9H14N4O3 + C6H8O6 -> C15H22N4O9 + H3N1O-1 -> C15H25N5O8 + C1H2 -> C16H27N5O8"
3440,372.2008,14.43,4.54,"Putative metabolite","C16H28N4O6",0.23,"Argininosuccinic acid C10H18N4O6 + C1H2 -> C11H20N4O6 + C5H8 -> C16H28N4O6"
3441,195.0345,14.18,4.65,"Artifact","[13]C1[18]O1C5H8O6",0.53,"citrate/isocitrate C6H8O7 + [18]O1O-1 -> [18]O1C6H8O6 + [13]C1C-1 -> [13]C1[18]O1C5H8O6"
3442,174.9571,13.31,4.44,"Artifact","C2Cr1H5N1O5",1.03,"glycine C2H5N1O2 + Cr1O3 -> C2Cr1H5N1O5"
3443,332.8763,13.84,4.45,"Unknown","Unknown",0.33,"Unknown"
3444,661.4684,4.26,4.34,"Metabolite","C35H68N1O8P1",-0.22,"PE(14:0/16:1(9Z)) C35H68N1O8P1"
3445,175.1036,11.3,4.59,"Artifact","[13]C1C6H14N2O3",1.13,"N-Acetylornithine C7H14N2O3 + [13]C1C-1 -> [13]C1C6H14N2O3"
3446,175.1037,11.92,4.02,"Artifact","[13]C1C6H14N2O3",0.55,"N-Acetylornithine C7H14N2O3 + [13]C1C-1 -> [13]C1C6H14N2O3"
3447,253.4931,13.96,4.45,"Unknown","Unknown",0.4,"Unknown"
3448,307.0028,11.3,4.61,"Putative metabolite","C6H13N1O9S2",1.21,"citrate/isocitrate C6H8O7 + H2S1 -> C6H10O7S1 + H3N1O-1 -> C6H13N1O6S1 + O3S1 -> C6H13N1O9S2"
3449,225.0039,2.23,4.52,"Putative metabolite","C5H8N1O7P1",-0.28,"glutamate C5H9N1O4 - H2 -> C5H7N1O4 + H1O3P1 -> C5H8N1O7P1"
3450,293.041,11.24,4.54,"Artifact","C9H17N1Ni1O6",-0.24,"DL-Valine C5H11N1O2 + C2H4O2 -> C7H15N1O4 + C2H2Ni1O2 -> C9H17N1Ni1O6"
3451,276.9889,13.47,4.39,"Artifact","C6Cr1H11N1O8",0.27,"Oxoadipic acid C6H8O5 + H3N1 -> C6H11N1O5 + Cr1O3 -> C6Cr1H11N1O8"
3452,344.0695,7.12,4.59,"Putative metabolite","C11H21O8P1S1",-0.07,"2-Hydroxyhexanedioic Acid C6H10O5 + H1O3P1 -> C6H11O8P1 + C5H8 -> C11H19O8P1 + H2S1 -> C11H21O8P1S1"
3453,432.0434,13.99,4.54,"Artifact","C11H22K1O13P1",0.25,"1-(sn-glycero-3-phospho)-1D-myo-inositol C9H19O11P1 + C2H3K1O2 -> C11H22K1O13P1"
3454,271.1028,16.78,4.17,"Artifact","[13]C1C5H18N4O6Si1",0.43,"L-Arginine C6H14N4O2 + [13]C1C-1 -> [13]C1C5H14N4O2 + H4O4Si1 -> [13]C1C5H18N4O6Si1"
3455,501.2704,7.12,4.49,"Artifact","C21H44N1O10P1",-0.23,"Peak 1534 C20H40N1O9P1 + C1H4O1 -> C21H44N1O10P1"
3456,270.0877,8.68,4.27,"Artifact","[13]C2C8H12N4O5",-0.82,"inosine C10H12N4O5 + [13]C1C-1 -> [13]C1C9H12N4O5 + [13]C1C-1 -> [13]C2C8H12N4O5"
3457,195.0823,4.5,4.61,"Artifact","[13]C1C6H14O6",0.48,"Peak 757 C7H14O6 + [13]C1C-1 -> [13]C1C6H14O6"
3458,243.1583,15.74,4.59,"Putative metabolite","C11H21N3O3",-0.03,"citrulline C6H13N3O3 + C5H8 -> C11H21N3O3"
3459,266.0514,10.78,4.62,"Artifact","C9H11N2Na1O6",0.3,"tyrosine C9H11N1O3 + N1Na1O3 -> C9H11N2Na1O6"
3460,266.0514,9.58,4.35,"Artifact","C9H11N2Na1O6",0.3,"Uridine C9H12N2O6 + H-1Na1 -> C9H11N2Na1O6"
3461,247.9928,13.37,4.5,"Unknown","Unknown",0.41,"Unknown"
3462,174.138,16.76,4.8,"Artifact","Ring_artifact_C6H14N4O2",0.55,"L-Arginine C6H14N4O2 + Ring_artifact -> Ring_artifact_C6H14N4O2"
3463,276.1515,14.14,4.46,"Artifact","[13]C1C10H21N3O5",-0.09,"Peak 1275 C11H21N3O5 + [13]C1C-1 -> [13]C1C10H21N3O5"
3464,170.9933,13.81,4.56,"Artifact","C4H6K1N1O4",0.52,"CH3COOK C2H3K1O2 + C1H2O2 + C1H1N1 -> C4H6K1N1O4"
3465,245.9466,13.45,4.44,"Artifact","Ring_artifact_C5Cr1H10N2O6",0.41,"glutamine C5H10N2O3 + Cr1O3 -> C5Cr1H10N2O6 + Ring_artifact -> Ring_artifact_C5Cr1H10N2O6"
3466,281.1026,4.87,4.57,"Artifact","[13]C1C11H16N4O2S1",0.54,"Peak 1190 C12H16N4O2S1 + [13]C1C-1 -> [13]C1C11H16N4O2S1"
3467,368.143,11.28,4.5,"Artifact","C13H24N2O10",0.26,"Peak 270 C11H21N1O10 + C2H3N1 -> C13H24N2O10"
3468,132.1117,13.64,4.6,"Artifact","Ring_artifact_C5H12N2O2",0.69,"Ornithine C5H12N2O2 + Ring_artifact -> Ring_artifact_C5H12N2O2"
3469,157.9517,13.49,4.68,"Unknown","Unknown",0.59,"Unknown"
3470,320.0328,7.02,4.45,"Artifact","C7H17O10P1Si1",0.19,"trans-4-Hydroxycyclohexanecarboxylic Acid C7H12O3 + H1O3P1 + H4O4Si1 -> C7H17O10P1Si1"
3471,197.0687,13.01,4.46,"Metabolite","C9H11N1O4",0.55,"L-Dopa C9H11N1O4"
3472,197.0687,11.25,4.42,"Artifact","Ring_artifact_C8H11N3O3",0.49,"Peak 418 C8H11N3O3 + Ring_artifact -> Ring_artifact_C8H11N3O3"
3473,201.9618,14.39,4.55,"Artifact","C4H5K1Na2O4",1.14,"CH3COOK C2H3K1O2 + C2H3Na1O2 + H-1Na1 -> C4H5K1Na2O4"
3474,270.0848,8.65,4.6,"Artifact","[18]O1C10H12N4O4",0.8,"inosine C10H12N4O5 + [18]O1O-1 -> [18]O1C10H12N4O4"
3475,251.0882,2.34,4.42,"Unknown","Unknown",0.41,"Unknown"
3476,215.0192,13.65,4.46,"Artifact","Ring_artifact_C5H14N1O6P1",0.46,"Peak 440 C4H12N1O4P1 + C1H2O2 -> C5H14N1O6P1 + Ring_artifact -> Ring_artifact_C5H14N1O6P1"
3477,672.0898,14.17,4.58,"Artifact","C20H30K1N6Na1O12S2",-0.02,"glutathione disulfide C20H32N6O12S2 + H-1K1 -> C20H31K1N6O12S2 + H-1Na1 -> C20H30K1N6Na1O12S2"
3478,371.0884,3.09,4.16,"Putative metabolite","C12H21N1O10S1",0.58,"N-Formyl-L-methionine C6H11N1O3S1 + C6H8O6 -> C12H19N1O9S1 + H2O1 -> C12H21N1O10S1"
3479,314.1069,4.32,4.52,"Unknown","Unknown",0.34,"Unknown"
3480,260.0755,11.28,4.61,"Artifact","C8H12N4O6",0.71,"Peak 418 C8H11N3O3 + H1N1O3 -> C8H12N4O6"
3481,212.0085,14.26,5.13,"Putative metabolite","C5H9O7P1",0.42,"2-Methylsuccinic acid C5H8O4 + H1O3P1 -> C5H9O7P1"
3482,148.0731,13.38,6.07,"Artifact","[18]O1C5H10N2O2",1.94,"glutamine C5H10N2O3 + [18]O1O-1 -> [18]O1C5H10N2O2"
3483,311.1638,2.13,4.59,"Unknown","Unknown",0.34,"Unknown"
3484,345.1148,13.34,4.57,"Artifact","C6H24N3O11P1",0.13,"Ammonium phosphate H9N2O4P1 + H3N1 + Peak 3422 -> C6H24N3O11P1"
3485,339.0211,3.08,4.5,"Putative metabolite","C7H18N1O8P1S2",0.13,"D-glucosamine-1/6-phosphate C6H14N1O8P1 + C1H2 -> C7H16N1O8P1 + H2S1 -> C7H18N1O8P1S1 + S1 -> C7H18N1O8P1S2"
3486,148.1127,13.5,4.9,"Artifact","Ring_artifact_[13]C1C4H9N1O4",0.63,"glutamate C5H9N1O4 + [13]C1C-1 -> [13]C1C4H9N1O4 + Ring_artifact -> Ring_artifact_[13]C1C4H9N1O4"
3487,128.1041,13.38,4.64,"Artifact","Ring_artifact_C5H8N2O2",0.71,"glutamine C5H10N2O3 - H2O1 -> C5H8N2O2 + Ring_artifact -> Ring_artifact_C5H8N2O2"
3488,199.0456,13.22,4.64,"Artifact","C6H10N1Na1O5",0.34,"Peak 395 C6H11N1O5 + H-1Na1 -> C6H10N1Na1O5"
3489,199.0456,11.97,4.28,"Unknown","Unknown",0.49,"Unknown"
3490,131.93,13.67,4.83,"Unknown","Unknown",0.69,"Unknown"
3491,178.0429,7.17,4.47,"Artifact","[15]N1C6H11O3S1",0.56,"N-Formyl-L-methionine C6H11N1O3S1 + [15]N1N-1 -> [15]N1C6H11O3S1"
3492,183.0946,13.41,4.56,"Artifact","Ring_artifact_C7H5N1O5",0.52,"quinolinate C7H5N1O4 + O1 + Ring_artifact -> Ring_artifact_C7H5N1O5"
3493,100.0889,7.01,4.28,"Metabolite","C6H12O1",-0.85,"cyclohexanol C6H12O1"
3494,358.1225,11.8,4.62,"Putative metabolite","C11H22N2O11",-0.39,"N-carbamoyl-L-aspartate C5H8N2O5 + H2O1 -> C5H10N2O6 + C6H10O5 -> C11H20N2O11 + H2 -> C11H22N2O11"
3495,358.1223,11.25,4.29,"Putative metabolite","C11H22N2O11",0.17,"N-carbamoyl-L-aspartate C5H8N2O5 + H2O1 -> C5H10N2O6 + C6H10O5 -> C11H20N2O11 + H2 -> C11H22N2O11"
3496,147.0037,13.5,4.46,"Artifact","Ring_artifact_C5H9N1O4",0.63,"glutamate C5H9N1O4 + Ring_artifact -> Ring_artifact_C5H9N1O4"
3497,247.1167,12.01,4.55,"Putative metabolite","C9H17N3O5",0.38,"citrulline C6H13N3O3 + C2H2O1 -> C8H15N3O4 + C1H2O1 -> C9H17N3O5"
3498,287.0672,11.72,3.87,"Putative metabolite","C8H17N1O8S1",1,"threonine C4H9N1O3 + C6H10O5 -> C10H19N1O8 - C2H4 -> C8H15N1O8 + H2S1 -> C8H17N1O8S1"
3499,161.0573,11.33,4.5,"Artifact","[18]O1C6H9N1O3",0.64,"Peak 160 C6H9N1O4 + [18]O1O-1 -> [18]O1C6H9N1O3"
3500,171.053,13.25,4.61,"Artifact","C7H9N1O4",0.92,"N-acetyl-L-glutamic acid C7H11N1O5 - H2O1 -> C7H9N1O4"
3501,171.0531,12.07,4.4,"Putative metabolite","C7H9N1O4",0.34,"Pyroglutamic acid C5H7N1O3 + C2H2O1 -> C7H9N1O4"
3502,176.1534,11.3,4.63,"Artifact","Ring_artifact_C6H12N2O4",0.54,"Diaminopimelic Acid C7H14N2O4 - C1H2 + Ring_artifact -> Ring_artifact_C6H12N2O4"
3503,114.0793,16.76,4.6,"Artifact","C5H10N2O1",0.11,"ornithine C5H12N2O2 - H2O1 -> C5H10N2O1"
3504,372.2068,7.04,4.57,"Unknown","Unknown",0.3,"Unknown"
3505,232.0806,7.77,4.51,"Artifact","C7H12N4O5",0.73,"N(pros)-methyl-L-histidine C7H11N3O2 + H1N1O3 -> C7H12N4O5"
3506,358.2581,11.72,4.6,"Unknown","Unknown",0.31,"Unknown"
3507,233.0567,13.01,4.52,"Artifact","C4H15N1O8Si1",-0.03,"threonine C4H9N1O3 + H4O4Si1 -> C4H13N1O7Si1 + C1H2O3 -> C5H15N1O10Si1 - C1O2 -> C4H15N1O8Si1"
3508,326.0042,2.07,4.78,"Unknown","Unknown",0.33,"Unknown"
3509,155.0558,11.95,4.61,"Unknown","Unknown",0.6,"Unknown"
3510,245.051,10.56,4.58,"Artifact","C7H12N1Na1O7",0.6,"O-Acetyl-L-homoserine C6H11N1O4 + C1H1Na1O3 -> C7H12N1Na1O7"
3511,94.05157,7.07,4.52,"Artifact","[18]O1C3H8O2",0.21,"Glycerol C3H8O3 + [18]O1O-1 -> [18]O1C3H8O2"
3512,169.0197,4.11,4.46,"Putative metabolite","C7H7N1O2S1",0.29,"cystathionine C7H14N2O4S1 - H2O1 -> C7H12N2O3S1 - H2O1 -> C7H10N2O2S1 - H3N1 -> C7H7N1O2S1"
3513,349.9843,13.65,4.56,"Artifact","Ring_artifact_C12H26N6O6",0.31,"citrulline C6H13N3O3 * 2 -> C12H26N6O6 + Ring_artifact -> Ring_artifact_C12H26N6O6"
3514,208.0945,7.59,4.51,"Putative metabolite","C8H16O6",0.9,"3-hydroxy-2-isopropyl-4-methoxy-4-oxobutanoate C8H14O5 + H2O1 -> C8H16O6"
3515,117.0903,11.23,4.37,"Artifact","Ring_artifact_C5H11N1O2",0.77,"DL-Valine C5H11N1O2 + Ring_artifact -> Ring_artifact_C5H11N1O2"
3516,237.0597,11.31,4.42,"Artifact","C6H11N3O7",0,"Aminoadipic acid C6H11N1O4 - C2H4 + C2H3N1 -> C6H10N2O4 + H1N1O3 -> C6H11N3O7"
3517,237.0589,12.23,4.25,"Artifact","C7H13N1Na2O5",0.05,"Diaminopimelic Acid C7H14N2O4 - H1N1 + H-1Na1 -> C7H12N1Na1O4 + H1Na1O1 -> C7H13N1Na2O5"
3518,313.1024,7.64,4.53,"Artifact","C11H15N5O6",-0.59,"Adenosine C10H13N5O4 + C1H2O2 -> C11H15N5O6"
3519,352.0632,8.65,4.57,"Artifact","C11H13N4Na1O8",-0.26,"inosine C10H12N4O5 + C1H1Na1O3 -> C11H13N4Na1O8"
3520,192.0382,11.13,4.6,"Artifact","C5H8N2O6",0.19,"Pyroglutamic acid C5H7N1O3 + H1N1O3 -> C5H8N2O6"
3521,192.0382,10.85,4.6,"Putative metabolite","C5H8N2O6",0.19,"N-carbamoyl-L-aspartate C5H8N2O5 + O1 -> C5H8N2O6"
3522,192.0383,10.34,3.93,"Artifact","C5H8N2O6",-0.33,"Pyroglutamic acid C5H7N1O3 + H1N1O3 -> C5H8N2O6"
3523,211.9808,7.21,4.54,"Unknown","Unknown",0.46,"Unknown"
3524,165.0506,12.4,4.6,"Artifact","[13]C1C8H8O3",0.6,"trans-4-Coumaric acid C9H8O3 + [13]C1C-1 -> [13]C1C8H8O3"
3525,261.0697,13.08,4.49,"Artifact","C8H16N3O3P1Si1",0.59,"Peak 822 C9H14N3O2P1 + H2O3Si1 -> C9H16N3O5P1Si1 - C1O2 -> C8H16N3O3P1Si1"
3526,284.0588,7.84,4.61,"Artifact","[37]Cl1C9H15N2O6",0.4,"Peak 868 C9H14N2O6 + Cl1H1 -> C9Cl1H15N2O6 + [37]Cl1Cl-1 -> [37]Cl1C9H15N2O6"
3527,126.9361,2.09,4.55,"Artifact","C1Cr1H1N1O3",0.4,"HCN C1H1N1 + Cr1O3"
3528,670.0671,14.21,4.54,"Artifact","[60]Ni1C20H30N6O12S2",0,"glutathione disulfide C20H32N6O12S2 + H-2Ni1 -> C20H30N6Ni1O12S2 + [60]Ni1Ni-1 -> [60]Ni1C20H30N6O12S2"
3529,181.0666,4.17,4.43,"Unknown","Unknown",0.53,"Unknown"
3530,364.1054,13.59,4.3,"Putative metabolite","C12H20N4O7S1",-0.36,"glutathione C10H17N3O6S1 + H1N1 -> C10H18N4O6S1 + C2H2O1 -> C12H20N4O7S1"
3531,735.5049,4.51,4.58,"Metabolite","C38H74N1O10P1",0.18,"PS(16:0/16:0) C38H74N1O10P1"
3532,602.333,7.09,4.5,"Artifact","[13]C2C25H53O12P1",1.95,"PI(18:0/0:0) C27H53O12P1 + [13]C1C-1 -> [13]C1C26H53O12P1 + [13]C1C-1 -> [13]C2C25H53O12P1"
3533,176.0251,13.65,4.54,"Artifact","Ring_artifact_[13]C1C5H13N3O3",0.54,"citrulline C6H13N3O3 + [13]C1C-1 -> [13]C1C5H13N3O3 + Ring_artifact -> Ring_artifact_[13]C1C5H13N3O3"
3534,322.0311,13.37,4.38,"Artifact","C9H16N2Ni1O7",-0.02,"glutamine C5H10N2O3 + C2H2Ni1O2 -> C7H12N2Ni1O5 + C2H4O2 -> C9H16N2Ni1O7"
3535,194.9644,13.88,4.37,"Artifact","[29]Si1C2H7K1O6",0.33,"H4SiO4 H4O4Si1 + C2H3K1O2 + [29]Si1Si-1 -> [29]Si1C2H7K1O6"
3536,107.0245,13.39,4.4,"Unknown","Unknown",0.84,"Unknown"
3537,204.0029,13.41,4.43,"Unknown","Unknown",0.48,"Unknown"
3538,158.1053,16.24,4.62,"Putative metabolite","C7H14N2O2",1.44,"Acetyllysine C8H16N2O3 - C1H2O1 -> C7H14N2O2"
3539,281.1052,11.3,4.54,"Artifact","[13]C1C7H16N4O7",0.19,"Peak 883 C8H16N4O7 + [13]C1C-1 -> [13]C1C7H16N4O7"
3540,362.0055,7.6,4.5,"Putative metabolite","C11H10N2O10S1",0.32,"uridine C9H12N2O6 + C1O2 -> C10H12N2O8 + S1 -> C10H12N2O8S1 - H2 -> C10H10N2O8S1 + C1O2 -> C11H10N2O10S1"
3541,216.0324,9.02,4.62,"Artifact","[13]C1C4H5N5O5",0.11,"Xanthine C5H4N4O2 + H1N1O3 -> C5H5N5O5 + [13]C1C-1 -> [13]C1C4H5N5O5"
3542,254.0877,13.42,4.51,"Artifact","C9H15N2Na1O5",0.65,"Glycyl-L-proline C7H12N2O3 + C2H3Na1O2 -> C9H15N2Na1O5"
3543,119.0988,13.01,5.46,"Artifact","Ring_artifact_C4H9N1O3",0.76,"threonine C4H9N1O3 + Ring_artifact -> Ring_artifact_C4H9N1O3"
3544,217.0309,12.54,3.85,"Artifact","C4H8N3Na1O6",0.83,"L-Asparagine C4H8N2O3 + N1Na1O3 -> C4H8N3Na1O6"
3545,349.0998,7.63,4.53,"Artifact","C12H16N5Na1O6",0.03,"Adenosine C10H13N5O4 + C2H3Na1O2 -> C12H16N5Na1O6"
3546,247.0884,7.84,4.59,"Artifact","[13]C1C8H14N2O6",0.57,"Peak 868 C9H14N2O6 + [13]C1C-1 -> [13]C1C8H14N2O6"
3547,247.0871,9.1,4.06,"Artifact","[13]C1[34]S1C9H16N2O3",0.87,"biotin C10H16N2O3S1 + [34]S1S-1 -> [34]S1C10H16N2O3 + [13]C1C-1 -> [13]C1[34]S1C9H16N2O3"
3548,282.0439,12.24,4.5,"Artifact","C7H12N2Na2O7",0.32,"Diaminopimelic Acid C7H14N2O4 - H1N1 + H-1Na1 -> C7H12N1Na1O4 + N1Na1O3 -> C7H12N2Na2O7"
3549,371.1476,11.82,4.5,"Artifact","[10]B1C12H25O12",-0.17,"D-glucitol C6H14O6 * 2 -> C12H28O12 + B1H-3 -> B1C12H25O12 - [10]B-1B1 -> [10]B1C12H25O12"
3550,291.0703,6.41,4.55,"Artifact","C9H13N3O8",-0.12,"deoxyuridine C9H12N2O5 + H1N1O3 -> C9H13N3O8"
3551,146.1009,13.39,4.57,"Artifact","Ring_artifact_C5H10N2O3",0.64,"glutamine C5H10N2O3 + Ring_artifact -> Ring_artifact_C5H10N2O3"
3552,213.0668,11.2,5.25,"Artifact","C5H15N1O6Si1",0.3,"DL-Valine C5H11N1O2 + H4O4Si1 -> C5H15N1O6Si1"
3553,407.1162,14.82,4.61,"Artifact","[18]O1C12H23N1O13",-0.25,"Trehalose C12H22O11 + H1N1O3 -> C12H23N1O14 + [18]O1O-1 -> [18]O1C12H23N1O13"
3554,186.0108,4.97,4.61,"Artifact","[37]Cl1C5H9O5",0.54,"L-2-Hydroxyglutaric acid C5H8O5 + Cl1H1 -> C5Cl1H9O5 + [37]Cl1Cl-1 -> [37]Cl1C5H9O5"
3555,186.0108,6.42,4.03,"Unknown","Unknown",0.52,"Unknown"
3556,334.1845,2.05,4.52,"Unknown","Unknown",0.33,"Unknown"
3557,268.1171,11.3,4.51,"Putative metabolite","C11H16N4O4",0.21,"(6R)-6-(l-erythro-1,2-dihydroxypropyl)-5,6,7,8-tetrahydro-4a-hydroxypterin C9H14N4O3 + C2H2O1 -> C11H16N4O4"
3558,259.0414,11.31,4.57,"Artifact","C6H10N3Na1O7",0.84,"Aminoadipic acid C6H11N1O4 - C2H4 + C2H3N1 -> C6H10N2O4 + N1Na1O3 -> C6H10N3Na1O7"
3559,301.1426,7.74,4.55,"Unknown","Unknown",0.35,"Unknown"
3560,354.0919,7.16,4.38,"Artifact","C12H22N2O6S2",0.08,"N-Formyl-L-methionine C6H11N1O3S1 * 2 -> C12H22N2O6S2"
3561,272.0297,14.26,4.58,"Artifact","C7H13O9P1",0.07,"Peak 3481 C5H9O7P1 + C2H4O2 -> C7H13O9P1"
3562,231.0053,13.6,4.21,"Artifact","C6Ca1H9N1O6",1.2,"aspartate C4H7N1O4 + C2Ca1H2O2 -> C6Ca1H9N1O6"
3563,238.8718,13.93,4.31,"Artifact","[13]C1C1H1K3O6",-0.05,"KHCO3 C1H1K1O3 + C1H2O3 + H-2K2 -> C2H1K3O6 + [13]C1C-1 -> [13]C1C1H1K3O6"
3564,199.0456,9,4.27,"Artifact","C6H10N1Na1O5",0.34,"5-Aminolevulinic acid C5H9N1O3 + C1H1Na1O2 -> C6H10N1Na1O5"
3565,206.1073,2.35,4.46,"Unknown","Unknown",0.48,"Unknown"
3566,320.0718,13.09,4.47,"Artifact","C10H17Na1O10",0.44,"Peak 348 C8H14O8 + C2H3Na1O2 -> C10H17Na1O10"
3567,195.9958,2.06,4.49,"Putative metabolite","C5H9O4P1S1",0.59,"5-(methylsulfanyl)-2,3-dioxopentyl phosphate C6H11O6P1S1 - C1O2 -> C5H11O4P1S1 - H2 -> C5H9O4P1S1"
3568,306.9123,13.52,4.72,"Artifact","Ring_artifact_C10H17N3O6S1",0.35,"glutathione C10H17N3O6S1 + Ring_artifact -> Ring_artifact_C10H17N3O6S1"
3569,633.437,4.31,4.56,"Metabolite","C33H64N1O8P1",-0.07,"PE(12:0/16:1(9Z)) C33H64N1O8P1"
3570,298.0841,9.44,4.56,"Artifact","[13]C1C7H15N3O9",0.28,"Peak 1606 C8H14N2O6 + H1N1O3 -> C8H15N3O9 + [13]C1C-1 -> [13]C1C7H15N3O9"
3571,170.0605,2.71,4.94,"Artifact","Ring_artifact_C10H18O2",0.56,"3-Hexenyl butanoate C10H18O2 + Ring_artifact -> Ring_artifact_C10H18O2"
3572,170.0191,4.97,4.59,"Artifact","C5H7Na1O5",0.11,"Pyruvic acid C3H4O3 + C2H3Na1O2 -> C5H7Na1O5"
3573,638.3676,2.09,4.47,"Unknown","Unknown",0.21,"Unknown"
3574,340.6906,2.08,4.37,"Unknown","Unknown",0.32,"Unknown"
3575,359.1066,5.02,4.5,"Artifact","[34]S1C13H19N5O5",-0.32,"5'-Methylthioadenosine C11H15N5O3S1 + C2H4O2 -> C13H19N5O5S1 + [34]S1S-1 -> [34]S1C13H19N5O5"
3576,176.1725,13.63,4.5,"Artifact","Ring_artifact_[13]C1C5H13N3O3",0.54,"citrulline C6H13N3O3 + [13]C1C-1 -> [13]C1C5H13N3O3 + Ring_artifact -> Ring_artifact_[13]C1C5H13N3O3"
3577,132.2854,13.63,4.42,"Unknown","Unknown",0.69,"Unknown"
3578,243.0827,2.39,4.78,"Unknown","Unknown",0.42,"Unknown"
3579,165.9953,4.19,4.68,"Artifact","Ring_artifact_C9H10O3",0.57,"Phenylacetaldehyde C8H8O1 + C1H2O2 -> C9H10O3 + Ring_artifact -> Ring_artifact_C9H10O3"
3580,433.1066,11.93,4.51,"Putative metabolite","C13H23N1O15",0.39,"N-Acetylneuraminic acid C11H19N1O9 + C1H2O1 -> C12H21N1O10 - C5H8 -> C7H13N1O10 + C6H10O5 -> C13H23N1O15"
3581,718.4289,16.79,4.5,"Artifact","C24H55N16Na1O8",-0.35,"L-Arginine C6H14N4O2 * 2 -> C12H28N8O4 + Peak 832 -> C24H55N16Na1O8"
3582,272.112,14.19,4.54,"Artifact","C10H16N4O5",0.26,"Argininosuccinic acid C10H18N4O6 - H2O1 -> C10H16N4O5"
3583,293.1353,13.37,4.54,"Artifact","[15]N1C10H20N3O6",0.07,"glutamine C5H10N2O3 * 2 -> C10H20N4O6 + [15]N1N-1 -> [15]N1C10H20N3O6"
3584,293.1377,8.21,3.89,"Artifact","C14H19N3O4",-0.49,"Peak 3606 C13H15N3O3 + C1H4O1 -> C14H19N3O4"
3585,231.053,13.65,4.48,"Putative metabolite","C12H9N1O4",0.68,"Kynurenic acid C10H7N1O3 + C2H2O1 -> C12H9N1O4"
3586,231.054,14.98,4.17,"Unknown","Unknown",0.43,"Unknown"
3587,438.2747,7.11,4.49,"Putative metabolite","C21H43O7P1",-0.14,"PI(18:0/0:0) C27H53O12P1 - C6H10O5 -> C21H43O7P1"
3588,262.1163,14.1,4.61,"Putative metabolite","C10H18N2O6",0.61,"Saccharopine C11H20N2O6 - C1H2 -> C10H18N2O6"
3589,217.1506,7.15,4.56,"Artifact","[13]C1C9H20N2O3",0.68,"Aminolevulinic acid C5H9N1O3 + C5H8 + H3N1 -> C10H20N2O3 + [13]C1C-1 -> [13]C1C9H20N2O3"
3590,135.0354,14.18,4.52,"Metabolite","C4H9N1O2S1",-0.01,"Homocysteine C4H9N1O2S1"
3591,568.2046,13.02,4.25,"Unknown","Unknown",0.23,"Unknown"
3592,726.4319,3.07,4.4,"Metabolite","C35H67O13P1",0.04,"PI(10:0/16:0) C35H67O13P1"
3593,173.9928,13.88,4.1,"Artifact","Ring_artifact_C6H6O6",0.55,"Aconitic acid C6H6O6 + Ring_artifact -> Ring_artifact_C6H6O6"
3594,191.7459,14.19,4.69,"Unknown","Unknown",0.5,"Unknown"
3595,219.0589,11.8,4.58,"Artifact","[13]C1C5Cl1H15O6",0.78,"D-glucitol C6H14O6 + Cl1H1 -> C6Cl1H15O6 + [13]C1C-1 -> [13]C1C5Cl1H15O6"
3596,443.1571,13,4.31,"Artifact","C15H29N3O10S1",0.6,"Peak 2909 C13H23N1O10S1 + C2H3N1 -> C15H26N2O10S1 + H3N1 -> C15H29N3O10S1"
3597,443.1571,16.93,4.05,"Putative metabolite","C15H29N3O10S1",0.6,"Homocysteine C4H9N1O2S1 + C11H17N1O8 -> C15H26N2O10S1 + H3N1 -> C15H29N3O10S1"
3598,443.1571,16.26,4.02,"Putative metabolite","C15H29N3O10S1",0.6,"Homocysteine C4H9N1O2S1 + C11H17N1O8 -> C15H26N2O10S1 + H3N1 -> C15H29N3O10S1"
3599,215.9467,14.44,4.56,"Artifact","C2H6K1Na1O6Si1",0.65,"KOH H1K1O1 + C2H3Na1O2 + H2O3Si1 -> C2H6K1Na1O6Si1"
3600,262.1316,7.57,4.56,"Putative metabolite","C14H18N2O3",0.54,"L-Aspartyl-L-phenylalanine C13H16N2O5 + C1H2O1 -> C14H18N2O6 + S1 -> C14H18N2O6S1 - O3S1 -> C14H18N2O3"
3601,252.0957,8.93,4.6,"Putative metabolite","C8H16N2O7",0.2,"asparagine C4H8N2O3 + C6H10O5 -> C10H18N2O8 - C2H2O1 -> C8H16N2O7"
3602,346.0947,14.16,4.29,"Putative metabolite","C12H18N4O6S1",0.01,"glutathione C10H17N3O6S1 + H1N1 -> C10H18N4O6S1 + C2H2O1 -> C12H20N4O7S1 - H2O1 -> C12H18N4O6S1"
3603,270.1247,16.25,4.58,"Putative metabolite","C9H22N2O5S1",0.9,"pantothenate C9H17N1O5 + H2S1 -> C9H19N1O5S1 + H3N1 -> C9H22N2O5S1"
3604,360.1048,13.7,4.47,"Artifact","C9H21N4O9P1",-0.51,"citrulline C6H13N3O3 + Peak 2023 -> C9H21N4O9P1"
3605,103.0305,13.51,5.15,"Artifact","Ring_artifact_C4H9N1O2",0.86,"glutamate C5H9N1O4 - C1O2 -> C4H9N1O2 + Ring_artifact -> Ring_artifact_C4H9N1O2"
3606,261.1112,8.4,4.57,"Putative metabolite","C13H15N3O3",0.54,"L-Aspartyl-L-phenylalanine C13H16N2O5 - H-1N-1O1 -> C13H17N3O4 - H2O1 -> C13H15N3O3"
3607,298.0701,3.67,4.49,"Putative metabolite","C14H10N4O4",0.35,"7,8-Dihydropteroic acid C14H14N6O3 - H1N1 -> C14H13N5O3 - H3N1O-1 -> C14H10N4O4"
3608,585.354,3.07,4.48,"Artifact","[13]C2C25H54N1O10P1",2.12,"Peak 587 C27H54N1O10P1 + [13]C1C-1 -> [13]C1C26H54N1O10P1 + [13]C1C-1 -> [13]C2C25H54N1O10P1"
3609,209.0687,7.49,4.52,"Metabolite","C10H11N1O4",0.52,"N-Formyl-L-tyrosine C10H11N1O4"
3610,870.5584,16.79,4.52,"Artifact","C30H70N20O10",-0.02,"L-Arginine C6H14N4O2 * 5 -> C30H70N20O10"
3611,118.0396,13.29,4.62,"Artifact","Ring_artifact_C4H6O4",0.77,"Succinic acid C4H6O4 + Ring_artifact -> Ring_artifact_C4H6O4"
3612,258.0772,9.78,3.73,"Putative metabolite","C8H18O7S1",0.48,"D-glucitol C6H14O6 + C2H2O1 -> C8H16O7 + H2S1 -> C8H18O7S1"
3613,356.0722,13.94,4.37,"Artifact","[13]C1C9H17N3O9S1",-0.83,"Peak 1291 C10H17N3O9S1 + [13]C1C-1 -> [13]C1C9H17N3O9S1"
3614,298.0929,5,4.64,"Artifact","[13]C1C10H15N5O3S1",0.05,"5'-Methylthioadenosine C11H15N5O3S1 + [13]C1C-1 -> [13]C1C10H15N5O3S1"
3615,242.0824,5.82,4.59,"Putative metabolite","C8H18O6S1",0.04,"Caprylic acid C8H16O2 + O3S1 -> C8H16O5S1 + H2O1 -> C8H18O6S1"
3616,314.9812,13.63,4.48,"Artifact","C5Cr1H14N1O9P1",-0.24,"Peak 440 C4H12N1O4P1 + C1H2O2 -> C5H14N1O6P1 + Cr1O3 -> C5Cr1H14N1O9P1"
3617,141.0311,13.42,4.46,"Artifact","[18]O1C6H5N1O2",0.63,"4-Nitrophenol C6H5N1O3 + [18]O1O-1 -> [18]O1C6H5N1O2"
3618,445.3272,2.9,4.42,"Artifact","[13]C1C27H44O4",0.26,"Peak 1702 C28H44O4 + [13]C1C-1 -> [13]C1C27H44O4"
3619,294.1217,7.12,4.42,"Putative metabolite","C14H18N2O5",-0.44,"L-Aspartyl-L-phenylalanine C13H16N2O5 + C1H2 -> C14H18N2O5"
3620,453.2764,3.07,4.48,"Artifact","[13]C2C19H42N1O7P1",0.44,"PE(16:1(9Z)/0:0) C21H42N1O7P1 + [13]C1C-1 -> [13]C1C20H42N1O7P1 + [13]C1C-1 -> [13]C2C19H42N1O7P1"
3621,586.3683,3.07,4.5,"Artifact","[13]C1C26H56N1O10P1",-1.3,"Peak 2041 C27H56N1O10P1 + [13]C1C-1 -> [13]C1C26H56N1O10P1"
3622,198.0275,13.24,5.2,"Putative metabolite","C7H6N2O5",0.73,"Orotic acid C5H4N2O4 + C2H2O1 -> C7H6N2O5"
3623,330.0717,16.31,3.72,"Artifact","C15H15Na1O7",-0.46,"Catechin C15H14O6 + H1Na1O1 -> C15H15Na1O7"
3624,148.0381,7.11,4.97,"Unknown","Unknown",0.63,"Unknown"
3625,409.0056,13.76,4.39,"Artifact","C8H18K2N3O9P1",-0.29,"citrulline C6H13N3O3 + C2H3K1O2 -> C8H16K1N3O5 + H2K1O4P1 -> C8H18K2N3O9P1"
3626,481.3166,3.07,4.55,"Metabolite","C23H48N1O7P1",0.5,"PE(18:0/0:0) C23H48N1O7P1"
3627,175.1572,12.24,4.61,"Artifact","Ring_artifact_C7H13N1O4",0.54,"Diaminopimelic Acid C7H14N2O4 - H1N1 + Ring_artifact -> Ring_artifact_C7H13N1O4"
3628,713.269,7.3,4.54,"Putative metabolite","C28H49N3O14P2",-0.03,"Stearic acid C18H36O2 + C1O2 -> C19H36O4 + C9H13N3O10P2 -> C28H49N3O14P2"
3629,255.879,13.94,4.4,"Artifact","Ring_artifact_C6H10K2O6",0.4,"CH3COOK C2H3K1O2 + C2H4O2 + C2H3K1O2 -> C6H10K2O6 + Ring_artifact -> Ring_artifact_C6H10K2O6"
3630,138.9755,13.42,4.4,"Artifact","Ring_artifact_C6H5N1O3",0.66,"4-Nitrophenol C6H5N1O3 + Ring_artifact -> Ring_artifact_C6H5N1O3"
3631,132.2494,16.79,4.37,"Unknown","Unknown",0.69,"Unknown"
3632,132.2493,16.25,4.37,"Unknown","Unknown",0.69,"Unknown"
3633,165.0459,13.13,4.39,"Metabolite","C5H11N1O3S1",0.39,"Methionine sulfoxide C5H11N1O3S1"
3634,234.99,2.32,4.54,"Unknown","Unknown",0.43,"Unknown"
3635,311.0928,14.19,4.45,"Artifact","C12H17N1O8.5",0.24,"Peak 2584 C24H34N2O17 / 2 -> C12H17N1O8.5"
3636,312.1547,13.24,4.66,"Putative metabolite","C20H24O1S1",0.28,"Retinoic Acid C20H28O2 + S1 -> C20H28O2S1 - H2 -> C20H26O2S1 - H2O1 -> C20H24O1S1"
3637,305.149,2.09,4.3,"Unknown","Unknown",0.35,"Unknown"
3638,128.9965,13.51,5.02,"Artifact","Ring_artifact_C5H7N1O3",0.71,"glutamate C5H9N1O4 - H2O1 -> C5H7N1O3 + Ring_artifact -> Ring_artifact_C5H7N1O3"
3639,172.9541,8.87,4.53,"Unknown","Unknown",0.55,"Unknown"
3640,276.0878,7.1,4.46,"Artifact","C7H20O9Si1",-0.51,"(R)-2,3-Dihydroxy-3-methylvalerate C6H12O4 + C1H4O1 -> C7H16O5 + H4O4Si1 -> C7H20O9Si1"
3641,350.2288,16.77,4.57,"Artifact","C14H34N6S2",-0.47,"Peak 91 C7H17N3S1 * 2 -> C14H34N6S2"
3642,349.0611,13.71,4.4,"Artifact","C7H19N3O9S1Si1",0.08,"Peak 2169 C7H17N3O6S1 + H2O3Si1 -> C7H19N3O9S1Si1"
3643,314.0516,13.93,4.53,"Metabolite","C8H15N2O9P1",-0.27,"5'-Phosphoribosyl-N-formylglycinamide C8H15N2O9P1"
3644,230.171,6.52,4.44,"Artifact","[13]C1C11H23N1O3",0.65,"carnitine C7H15N1O3 + C5H8 + [13]C1C-1 -> [13]C1C11H23N1O3"
3645,198.0129,7.66,4.46,"Artifact","C5H4N4Na2O2",0.33,"hypoxanthine C5H4N4O1 + H-1Na1 -> C5H3N4Na1O1 + H1Na1O1 -> C5H4N4Na2O2"
3646,196.0095,5.3,4.57,"Unknown","Unknown",0.5,"Unknown"
3647,199.0279,7.21,4.57,"Artifact","C6H10N1Na1O3S1",0.04,"N-Formyl-L-methionine C6H11N1O3S1 + H-1Na1 -> C6H10N1Na1O3S1"
3648,310.0843,7.85,4.55,"Artifact","[13]C1C8H15N3O9",-0.37,"Peak 868 C9H14N2O6 + H1N1O3 -> C9H15N3O9 + [13]C1C-1 -> [13]C1C8H15N3O9"
3649,145.9617,13.88,4.41,"Artifact","C2H3K1O5",0.38,"KHCO3 C1H1K1O3 + C1H2O2"
3650,238.1052,4.6,4.56,"Artifact","C9H18O7",0.22,"Peak 5438 C7H14O5 + C2H4O2 -> C9H18O7"
3651,231.9976,6.96,4.52,"Artifact","B1C3Cl1H10O7Si1",0.59,"Glycerol C3H8O3 + Cl1H1 -> C3Cl1H9O3 + H2O3Si1 -> C3Cl1H11O6Si1 + B1H-1O1 -> B1C3Cl1H10O7Si1"
3652,209.0227,2.34,4.51,"Artifact","[13]C1C9H8O3S1",0.33,"Peak 964 C10H8O3S1 + [13]C1C-1 -> [13]C1C9H8O3S1"
3653,135.9887,7.66,4.62,"Artifact","Ring_artifact_C5H4N4O1",0.68,"hypoxanthine C5H4N4O1 + Ring_artifact -> Ring_artifact_C5H4N4O1"
3654,132.1262,4.21,4.36,"Artifact","Ring_artifact_C6H12O3",0.69,"ethyl 3-hydroxybutanoate C6H12O3 + Ring_artifact -> Ring_artifact_C6H12O3"
3655,213.1728,2.91,4.21,"Artifact","C12H23N1O2",0.37,"Peak 1656 C13H23N1O4 - C1O2 -> C12H23N1O2"
3656,403.2934,2.88,4.5,"Artifact","C21H41N1O6",-0.03,"Dodecanoylcarnitine C19H37N1O4 + C2H4O2 -> C21H41N1O6"
3657,345.1899,11.3,4.58,"Putative metabolite","C15H27N3O6",0.25,"glutathione C10H17N3O6S1 - S1 -> C10H17N3O6 + C5H8 -> C15H25N3O6 + H2 -> C15H27N3O6"
3658,184.004,13.07,4.28,"Putative metabolite","C4H8O6S1",0.86,"Tartaric acid C4H6O6 + H2S1 -> C4H8O6S1"
3659,320.1624,2.28,4.55,"Putative metabolite","C18H24O5",-0.08,"Ubiquinone Q1 C14H18O4 + C2H2O1 -> C16H20O5 + C2H4 -> C18H24O5"
3660,330.0852,13.38,4.52,"Artifact","C10Ca1H18N4O6",0.08,"glutamine C5H10N2O3 * 2 -> C10H20N4O6 + Ca1H-2 -> C10Ca1H18N4O6"
3661,253.0001,13.46,4.37,"Artifact","C4H7N3O8Si1",0.56,"Peak 739 C4H5N3O5 + H2O3Si1 -> C4H7N3O8Si1"
3662,294.9944,14.24,4.48,"Unknown","Unknown",0.36,"Unknown"
3663,711.1321,14.19,4.45,"Artifact","[13]C1C21H35K1N6O14S2",0.32,"glutathione disulfide C20H32N6O12S2 + [13]C1C-1 -> [13]C1C19H32N6O12S2 + C2H3K1O2 -> [13]C1C21H35K1N6O14S2"
3664,502.1661,11.2,4.46,"Putative metabolite","C18H26N6O11",-0.32,"7-Methylguanine C6H7N5O1 + C6H10O5 -> C12H17N5O6 - H-1N-1O1 -> C12H18N6O5 + C6H8O6 -> C18H26N6O11"
3665,98.05609,12.9,4.56,"Artifact","[13]C1C4H7N1O1",0.29,"2-hydroxypyridine C5H5N1O1 + H2 + [13]C1C-1 -> [13]C1C4H7N1O1"
3666,271.0539,8.56,4.53,"Putative metabolite","C7H13N1O10",0.17,"N-Acetylneuraminic acid C11H19N1O9 + C1H2O1 -> C12H21N1O10 - C5H8 -> C7H13N1O10"
3667,355.1479,11.27,4.45,"Putative metabolite","C13H25N1O10",-0.15,"Trehalose C12H22O11 - H-1N-1O1 -> C12H23N1O10 + C1H2 -> C13H25N1O10"
3668,117.0608,11.22,4.38,"Artifact","Ring_artifact_C5H11N1O2",0.77,"DL-Valine C5H11N1O2 + Ring_artifact -> Ring_artifact_C5H11N1O2"
3669,168.0091,13,4,"Artifact","C4H8O5S1",0.86,"Peak 4801 C4H10O6S1 - H2O1 -> C4H8O5S1"
3670,300.0446,7.66,4.54,"Artifact","C9H10N4Na2O5",0.2,"hypoxanthine C5H4N4O1 + C2H3Na1O2 -> C7H7N4Na1O3 + C2H3Na1O2 -> C9H10N4Na2O5"
3671,589.9884,14.23,4.51,"Unknown","Unknown",0.22,"Unknown"
3672,132.9228,13.02,4.21,"Artifact","Cr1H1O5",0.79,"Hydrogen peroxide H2O2 + Cr1O3 - H1 -> Cr1H1O5"
3673,356.1079,14.18,4.42,"Putative metabolite","C12H16N6O7",0.36,"7-Methylguanine C6H7N5O1 + C6H8O6 -> C12H15N5O7 + H1N1 -> C12H16N6O7"
3674,565.959,14.36,4.48,"Unknown","Unknown",0.23,"Unknown"
3675,117.0558,11.25,3.94,"Artifact","Ring_artifact_C5H11N1O2",0.77,"DL-Valine C5H11N1O2 + Ring_artifact -> Ring_artifact_C5H11N1O2"
3676,319.667,2.09,4.39,"Unknown","Unknown",0.34,"Unknown"
3677,175.0112,12.23,4.62,"Artifact","Ring_artifact_C7H13N1O4",0.54,"Diaminopimelic Acid C7H14N2O4 - H1N1 + Ring_artifact -> Ring_artifact_C7H13N1O4"
3678,335.0337,14.2,4.42,"Artifact","C12H12N5Ni0.5O3S1",0.17,"No edge connections."
3679,157.9477,8.79,4.59,"Unknown","Unknown",0.59,"Unknown"
3680,135.0354,7.15,4.52,"Metabolite","C4H9N1O2S1",-0.01,"Homocysteine C4H9N1O2S1"
3681,315.2411,2.95,4.47,"Putative metabolite","C17H33N1O4",-0.45,"Dodecanoylcarnitine C19H37N1O4 - C2H4 -> C17H33N1O4"
3682,299.9389,14.37,4.48,"Artifact","C4H8K1Na2O8P1",0.08,"CH3COOK C2H3K1O2 + C2H3Na1O2 + H2Na1O4P1 -> C4H8K1Na2O8P1"
3683,467.315,2.05,4.5,"Unknown","Unknown",0.26,"Unknown"
3684,316.1201,11.29,4.5,"Artifact","[13]C1C9H21N1O10",-0.63,"Peak 1039 C10H21N1O10 + [13]C1C-1 -> [13]C1C9H21N1O10"
3685,186.0462,7.09,4.04,"Artifact","C7H10N2O2S1",0.53,"N-Formyl-L-methionine C6H11N1O3S1 - H2O1 -> C6H9N1O2S1 + C1H1N1 -> C7H10N2O2S1"
3686,230.1265,7.11,4.55,"Putative metabolite","C10H18N2O4",0.68,"Acetyllysine C8H16N2O3 + C2H2O1 -> C10H18N2O4"
3687,230.1265,9.38,4.19,"Putative metabolite","C10H18N2O4",0.68,"Acetyllysine C8H16N2O3 + C2H2O1 -> C10H18N2O4"
3688,342.0327,14.28,4.47,"Artifact","C8H16Na1O11P1",0.27,"glucose-1-phosphate C6H13O9P1 + C2H3Na1O2 -> C8H16Na1O11P1"
3689,281.9344,13.95,4.44,"Artifact","[41]K1C5H7K1Na1O7",0.28,"KHCO3 C1H1K1O3 + C2H3K1O2 + C2H3Na1O2 -> C5H7K2Na1O7 + [41]K1K-1 -> [41]K1C5H7K1Na1O7"
3690,137.1147,9.93,3.85,"Unknown","Unknown",0.67,"Unknown"
3691,281.0851,11.17,4.51,"Artifact","C9H17N1Na2O6",0.09,"DL-Valine C5H11N1O2 + C2H3Na1O2 -> C7H14N1Na1O4 + C2H3Na1O2 -> C9H17N1Na2O6"
3692,371.0817,16.94,4.22,"Putative metabolite","C13H18N5O4P1S1",0.03,"Thiamine monophosphate C12H17N4O4P1S1 + C1O1 -> C13H17N4O5P1S1 - H-1N-1O1 -> C13H18N5O4P1S1"
3693,371.0817,16.26,4.48,"Putative metabolite","C13H18N5O4P1S1",0.03,"Thiamine monophosphate C12H17N4O4P1S1 + C1O1 -> C13H17N4O5P1S1 - H-1N-1O1 -> C13H18N5O4P1S1"
3694,79.96513,13.59,4.38,"Unknown","Unknown",1.34,"Unknown"
3695,170.0635,6.17,4.58,"Unknown","Unknown",0.56,"Unknown"
3696,199.0213,7.14,4.39,"Artifact","[37]Cl1C9H8N1O2",0.53,"Indole-2-carboxylic acid C9H7N1O2 + Cl1H1 -> C9Cl1H8N1O2 + [37]Cl1Cl-1 -> [37]Cl1C9H8N1O2"
3697,155.0084,13.52,4.76,"Unknown","Unknown",0.6,"Unknown"
3698,155.0085,14.37,4.7,"Unknown","Unknown",0.6,"Unknown"
3699,235.0044,12.93,4.38,"Unknown","Unknown",0.43,"Unknown"
3700,132.1055,13.62,4.75,"Artifact","Ring_artifact_C5H12N2O2",0.69,"Ornithine C5H12N2O2 + Ring_artifact -> Ring_artifact_C5H12N2O2"
3701,324.1033,11.37,4.54,"Artifact","C10H21Na1O10",-0.18,"D-glucitol C6H14O6 + C2H3Na1O2 -> C8H17Na1O8 + C2H4O2 -> C10H21Na1O10"
3702,89.02767,13.01,4.75,"Artifact","Ring_artifact_C3H7N1O2",1.21,"alanine C3H7N1O2 + Ring_artifact -> Ring_artifact_C3H7N1O2"
3703,275.0519,13.75,4.47,"Artifact","C7H14K1N3O6",0.24,"citrulline C6H13N3O3 + C1H1K1O3 -> C7H14K1N3O6"
3704,332.071,13.38,4.46,"Artifact","C8H20N2O8S1Si1",-0.11,"Peak 2968 C9H20N2O6S1 + H2O3Si1 -> C9H22N2O9S1Si1 - C1H2O1 -> C8H20N2O8S1Si1"
3705,220.117,16.77,4.48,"Artifact","C7H16N4O4",0.7,"L-Arginine C6H14N4O2 + C1H2O2 -> C7H16N4O4"
3706,277.0617,10.74,4.52,"Artifact","C9H15N1O7Si1",0.28,"tyrosine C9H11N1O3 + H4O4Si1 -> C9H15N1O7Si1"
3707,731.4739,7.05,4.39,"Metabolite","C38H70N1O10P1",-0.23,"PS(16:1(9Z)/16:1(9Z)) C38H70N1O10P1"
3708,244.084,14.36,3.95,"Artifact","[15]N1C7H18O6P1",0.86,"Phosphorylcholine C5H14N1O4P1 + C2H4O2 -> C7H18N1O6P1 + [15]N1N-1 -> [15]N1C7H18O6P1"
3709,283.0465,7.6,4.59,"Artifact","[13]C1[37]Cl1C8H13N2O6",0.42,"uridine C9H12N2O6 + Cl1H1 -> C9Cl1H13N2O6 + [37]Cl1Cl-1 -> [37]Cl1C9H13N2O6 + [13]C1C-1 -> [13]C1[37]Cl1C8H13N2O6"
3710,309.1366,13.61,4.36,"Artifact","[13]C1C9H20N4O7",-0.15,"Peak 1089 C10H20N4O7 + [13]C1C-1 -> [13]C1C9H20N4O7"
3711,298.8928,13.94,4.37,"Artifact","[13]C1C3H5K3O8",0.39,"KHCO3 C1H1K1O3 + C2H3K1O2 + C1H1K1O3 -> C4H5K3O8 + [13]C1C-1 -> [13]C1C3H5K3O8"
3712,230.1378,12.64,4.56,"Putative metabolite","C9H18N4O3",0.39,"N-Acetyl-L-arginine C8H16N4O3 + C1H2 -> C9H18N4O3"
3713,132.9891,11.3,4.51,"Artifact","Ring_artifact_C5H11N1O3",0.69,"Peak 236 C5H11N1O3 + Ring_artifact -> Ring_artifact_C5H11N1O3"
3714,317.8973,13,4.29,"Unknown","Unknown",0.34,"Unknown"
3715,345.0801,10.78,4.53,"Artifact","C13H17N1Na2O7",-0.17,"tyrosine C9H11N1O3 + C2H3Na1O2 -> C11H14N1Na1O5 + C2H3Na1O2 -> C13H17N1Na2O7"
3716,157.9433,13.89,4.32,"Artifact","Ring_artifact_C4H7K1O4",0.59,"CH3COOK C2H3K1O2 + C2H4O2 + Ring_artifact -> Ring_artifact_C4H7K1O4"
3717,233.7781,13.84,4.95,"Artifact","Ring_artifact_H3K1O8S2",0.43,"KHSO4 H1K1O4S1 + H2O4S1 + Ring_artifact -> Ring_artifact_H3K1O8S2"
3718,242.099,16.8,4.36,"Artifact","C7H15N4Na1O4",0.41,"L-Arginine C6H14N4O2 + C1H1Na1O2 -> C7H15N4Na1O4"
3719,184.0676,11.29,4.49,"Artifact","[13]C1C6H9N3O3",0.79,"Peak 833 C7H9N3O3 + [13]C1C-1 -> [13]C1C6H9N3O3"
3720,183.0329,7.59,4.58,"Artifact","C6H10N1Na1O2S1",0.51,"Peak 303 C6H11N1O2S1 + H-1Na1 -> C6H10N1Na1O2S1"
3721,115.0462,13.4,4.4,"Unknown","Unknown",0.78,"Unknown"
3722,150.0435,13.38,4.49,"Unknown","Unknown",0.62,"Unknown"
3723,267.0701,11.29,4.4,"Artifact","C7H13N3O8",0.62,"N-acetyl-glutamate C7H11N1O5 + H1N1 + H1N1O3 -> C7H13N3O8"
3724,229.0716,9.87,4.15,"Artifact","C8H16K1N1O4",0.17,"isoleucine C6H13N1O2 + C2H3K1O2 -> C8H16K1N1O4"
3725,229.0716,9.31,3.87,"Artifact","C8H16K1N1O4",0.17,"leucine C6H13N1O2 + C2H3K1O2 -> C8H16K1N1O4"
3726,360.2151,7.1,4.42,"Unknown","Unknown",0.31,"Unknown"
3727,297.0052,11.3,4.44,"Artifact","C8Cr1H11N3O6",0.31,"Peak 418 C8H11N3O3 + Cr1O3 -> C8Cr1H11N3O6"
3728,290.0936,12.56,4.49,"Putative metabolite","C11H18N2O5S1",0.15,"2-Ethylthiazole C5H7N1S1 + C6H8O6 -> C11H15N1O6S1 + H3N1O-1 -> C11H18N2O5S1"
3729,290.0938,11.48,4.1,"Putative metabolite","C11H18N2O5S1",-0.54,"2-Ethylthiazole C5H7N1S1 + C6H8O6 -> C11H15N1O6S1 + H3N1O-1 -> C11H18N2O5S1"
3730,397.161,2.14,3.9,"Unknown","Unknown",0.29,"Unknown"
3731,250.0688,11.29,4.5,"Putative metabolite","C9H14O8",0.27,"pyruvate C3H4O3 + C6H10O5 -> C9H14O8"
3732,350.3985,13.64,4.58,"Artifact","Ring_artifact_C12H26N6O6",0.31,"citrulline C6H13N3O3 * 2 -> C12H26N6O6 + Ring_artifact -> Ring_artifact_C12H26N6O6"
3733,562.9623,13.96,4.38,"Artifact","C10H17K1N5O14P3",-0.19,"dGDP C10H15N5O10P2 + H2K1O4P1 -> C10H17K1N5O14P3"
3734,371.1317,11.85,4.48,"Artifact","[13]C1B1C11H23O12",-0.24,"Peak 1817 C12H26O12 + B1H-3 -> B1C12H23O12 + [13]C1C-1 -> [13]C1B1C11H23O12"
3735,446.1914,16.79,4.49,"Artifact","C14Ca1H30N8O6",0.05,"L-Arginine C6H14N4O2 + Peak 3029 -> C14Ca1H30N8O6"
3736,424.1897,2.06,4.5,"Artifact","C20H33Na1O6S1",-0.34,"Peak 1730 C20H34O6S1 + H-1Na1 -> C20H33Na1O6S1"
3737,237.1001,7.09,4.35,"Putative metabolite","C12H15N1O4",0.03,"2-Furoylglycine C7H7N1O4 + C5H8 -> C12H15N1O4"
3738,350.2225,2.82,4.31,"Unknown","Unknown",0.31,"Unknown"
3739,429.066,13.71,4.53,"Artifact","C12H17N5Na1O9P1",0.37,"dGMP C10H14N5O7P1 + C2H3Na1O2 -> C12H17N5Na1O9P1"
3740,246.0404,13.92,4.41,"Putative metabolite","C8H11N2O5P1",0.64,"pyridoxamine-5-phosphate C8H13N2O5P1 - H2 -> C8H11N2O5P1"
3741,415.1011,13.76,4.48,"Artifact","C10H27N1O12P2",-0.61,"Peak 34 C10H24N1O8P1 + H3O4P1 -> C10H27N1O12P2"
3742,150.0542,10.09,4.7,"Artifact","[13]C1C4H11N1O2S1",1.36,"methionine C5H11N1O2S1 + [13]C1C-1 -> [13]C1C4H11N1O2S1"
3743,117.0656,11.25,4.61,"Artifact","Ring_artifact_C5H11N1O2",0.77,"DL-Valine C5H11N1O2 + Ring_artifact -> Ring_artifact_C5H11N1O2"
3744,161.9042,2.25,4.52,"Unknown","Unknown",0.58,"Unknown"
3745,295.1615,7.09,4.48,"Artifact","[13]C1C14H22N2O4",-0.64,"Peak 1345 C15H22N2O4 + [13]C1C-1 -> [13]C1C14H22N2O4"
3746,556.2278,2.35,4.44,"Unknown","Unknown",0.23,"Unknown"
3747,525.0063,13.98,4.5,"Artifact","C12H18K1N5O12P2",0.24,"dGDP C10H15N5O10P2 + C2H3K1O2 -> C12H18K1N5O12P2"
3748,153.09,7.72,4.52,"Putative metabolite","C7H11N3O1",1.21,"N(pros)-methyl-L-histidine C7H11N3O2 - O1 -> C7H11N3O1"
3749,331.8867,14.11,4.45,"Artifact","C2H8K2O10P2",-0.05,"KH2PO4 H2K1O4P1 + C2H4O2 + H2K1O4P1 -> C2H8K2O10P2"
3750,291.9523,14.2,4.35,"Artifact","C6Cr1H8O10",-0.16,"citrate/isocitrate C6H8O7 + Cr1O3 -> C6Cr1H8O10"
3751,75.05223,13.32,4.56,"Artifact","Ring_artifact_C2H5N1O2",1.42,"glycine C2H5N1O2 + Ring_artifact -> Ring_artifact_C2H5N1O2"
3752,326.1326,11.92,4.56,"Artifact","C11H22N2O9",-0.21,"N-Acetylneuraminic acid C11H19N1O9 + H3N1 -> C11H22N2O9"
3753,132.0733,13.64,4.66,"Artifact","Ring_artifact_C5H12N2O2",0.69,"Ornithine C5H12N2O2 + Ring_artifact -> Ring_artifact_C5H12N2O2"
3754,215.0963,16.24,4.52,"Artifact","[13]C1C6H15N2Na1O4",0.03,"ornithine C5H12N2O2 + [13]C1C-1 -> [13]C1C4H12N2O2 + C2H3Na1O2 -> [13]C1C6H15N2Na1O4"
3755,193.1143,6.19,4.52,"Artifact","[13]C1C6H16N2O4",0.32,"Peak 886 C7H16N2O4 + [13]C1C-1 -> [13]C1C6H16N2O4"
3756,233.1343,5.69,3.9,"Unknown","Unknown",0.43,"Unknown"
3757,240.0235,7.66,4.55,"Artifact","C7H6N4Na2O3",0.12,"hypoxanthine C5H4N4O1 + H-1Na1 -> C5H3N4Na1O1 + C2H3Na1O2 -> C7H6N4Na2O3"
3758,337.0693,14.11,4.52,"Putative metabolite","C9H15N5O7S1",-0.24,"Dihydrobiopterin C9H13N5O3 + H2O1 -> C9H15N5O4 + O3S1 -> C9H15N5O7S1"
3759,219.0854,12.91,4.49,"Putative metabolite","C7H13N3O5",0.55,"citrulline C6H13N3O3 + C1O2 -> C7H13N3O5"
3760,276.1434,12.32,4.5,"Putative metabolite","C10H20N4O5",-0.11,"glutathione C10H17N3O6S1 - S1 -> C10H17N3O6 + H3N1O-1 -> C10H20N4O5"
3761,279.9936,14.41,4.5,"Artifact","C6H11K1Na2O7",0.44,"CH3COOK C2H3K1O2 + C2H3Na1O2 + C2H4O2 -> C6H10K1Na1O6 + H1Na1O1 -> C6H11K1Na2O7"
3762,461.6817,7.09,4.33,"Unknown","Unknown",0.26,"Unknown"
3763,259.0299,9.3,4.43,"Unknown","Unknown",0.4,"Unknown"
3764,327.0696,14.38,4.41,"Artifact","C8H19N1Na1O9P1",-0.27,"Phosphorylcholine C5H14N1O4P1 + C2H4O2 -> C7H18N1O6P1 + C1H1Na1O3 -> C8H19N1Na1O9P1"
3765,285.0589,10.76,4.57,"Artifact","C11H13N1Na2O5",0.04,"tyrosine C9H11N1O3 + C2H3Na1O2 -> C11H14N1Na1O5 + H-1Na1 -> C11H13N1Na2O5"
3766,230.0762,13.38,4.11,"Artifact","[18]O1C7H13N2Na1O4",1.14,"glutamine C5H10N2O3 + C2H3Na1O2 -> C7H13N2Na1O5 + [18]O1O-1 -> [18]O1C7H13N2Na1O4"
3767,381.072,4.99,4.49,"Artifact","C12H16N5Na1O6S1",-0.27,"5'-Methylthioadenosine C11H15N5O3S1 + C1H1Na1O3 -> C12H16N5Na1O6S1"
3768,188.0265,7.41,4.49,"Unknown","Unknown",0.51,"Unknown"
3769,361.0079,14.01,4.49,"Artifact","C9H13K1N3O8P1",-0.46,"CMP C9H14N3O8P1 + H-1K1 -> C9H13K1N3O8P1"
3770,296.13,11.95,4.51,"Artifact","[13]C1C10H21N1O8",0.24,"Peak 1199 C11H21N1O8 + [13]C1C-1 -> [13]C1C10H21N1O8"
3771,418.0281,14.17,4.49,"Artifact","C10H20K1O13P1",-0.58,"glucose-1-phosphate C6H13O9P1 + C2H4O2 -> C8H17O11P1 + C2H3K1O2 -> C10H20K1O13P1"
3772,319.0619,12.24,4.5,"Artifact","C9H16N1Na3O7",0.27,"Diaminopimelic Acid C7H14N2O4 - H1N1 + H-1Na1 -> C7H12N1Na1O4 + C2H3Na1O2 -> C9H15N1Na2O6 + H1Na1O1 -> C9H16N1Na3O7"
3773,92.01972,7.09,4.56,"Artifact","Ring_artifact_C3H8O3",1.18,"Glycerol C3H8O3 + Ring_artifact -> Ring_artifact_C3H8O3"
3774,403.1351,7.65,4.52,"Artifact","C15H17N9O5",0.36,"hypoxanthine C5H4N4O1 + Peak 965 -> C15H17N9O5"
3775,280.1382,13.63,4.34,"Artifact","C9H20N4O6",0.3,"glutamate C5H9N1O4 + Peak 848 -> C9H20N4O6"
3776,161.0145,7.66,4.85,"Putative metabolite","C5H7N1O3S1",1.02,"Pyroglutamic acid C5H7N1O3 + S1 -> C5H7N1O3S1"
3777,204.0939,11.35,4.5,"Artifact","[13]C1C6H13N3O4",0.3,"Peak 813 C7H13N3O4 + [13]C1C-1 -> [13]C1C6H13N3O4"
3778,117.8615,13.3,4.46,"Unknown","Unknown",0.77,"Unknown"
3779,287.0575,13.44,4.37,"Artifact","C10H13N3O5S1",0.32,"Peak 403 C10H15N3O6S1 - H2O1 -> C10H13N3O5S1"
3780,162.0098,8.77,4.53,"Putative metabolite","C4H6N2O3S1",0.53,"biotin C10H16N2O3S1 - C5H8 -> C5H8N2O3S1 - C1H2 -> C4H6N2O3S1"
3781,241.9805,14.41,4.51,"Artifact","C5H8K1Na1O7",-0.09,"CH3COOK C2H3K1O2 + C2H3Na1O2 + C1H2O3 -> C5H8K1Na1O7"
3782,316.056,7.06,4.36,"Putative metabolite","C9H17O10P1",-0.21,"1-(sn-glycero-3-phospho)-1D-myo-inositol C9H19O11P1 - H2O1 -> C9H17O10P1"
3783,330.0554,8.64,4.5,"Artifact","C10H12N4Na2O6",-0.54,"inosine C10H12N4O5 + H-1Na1 -> C10H11N4Na1O5 + H1Na1O1 -> C10H12N4Na2O6"
3784,378.0328,13.98,4.36,"Artifact","[13]C1C9H16K1N3O8S1",0.19,"Peak 3096 C8H14N2O8S1 + C2H3N1 -> C10H17N3O8S1 + H-1K1 -> C10H16K1N3O8S1 + [13]C1C-1 -> [13]C1C9H16K1N3O8S1"
3785,557.1361,14.19,4.43,"Artifact","[13]C1C15H33N2O15P1S1",2.12,"cystathionine C7H14N2O4S1 + Peak 840 -> C16H33N2O15P1S1 + [13]C1C-1 -> [13]C1C15H33N2O15P1S1"
3786,238.1065,11.26,4.39,"Artifact","C10H14N4O3",0.38,"Peak 3557 C11H16N4O4 - C1H2O1 -> C10H14N4O3"
3787,238.1052,9.69,3.99,"Putative metabolite","C9H18O7",0.22,"D-glucitol C6H14O6 + C1H2 -> C7H16O6 + C2H2O1 -> C9H18O7"
3788,485.1937,12.94,4.11,"Artifact","[13]C1C17H32N2O13",0.19,"Peak 1946 C18H32N2O13 + [13]C1C-1 -> [13]C1C17H32N2O13"
3789,197.098,7.49,4.49,"Artifact","[13]C1C6H16O6",0.22,"3-Hydroxyisovaleric acid C5H10O3 + H2O1 + C2H4O2 -> C7H16O6 + [13]C1C-1 -> [13]C1C6H16O6"
3790,197.0979,8.06,3.87,"Artifact","[13]C1C6H16O6",0.73,"3-Hydroxyisovaleric acid C5H10O3 + H2O1 + C2H4O2 -> C7H16O6 + [13]C1C-1 -> [13]C1C6H16O6"
3791,430.1321,11.96,4.49,"Putative metabolite","C15H26O14",0.36,"Glycerol C3H8O3 + C6H8O6 -> C9H16O9 + C6H10O5 -> C15H26O14"
3792,418.1628,3.03,4.44,"Artifact","C22H26O8",-0.08,"Peak 2679 C20H22O6 + C2H4O2 -> C22H26O8"
3793,75.01173,13.32,4.6,"Artifact","Ring_artifact_C2H5N1O2",1.42,"glycine C2H5N1O2 + Ring_artifact -> Ring_artifact_C2H5N1O2"
3794,273.0919,16.76,4.47,"Artifact","[13]C1C7H17K1N4O4",0.52,"L-Arginine C6H14N4O2 + [13]C1C-1 -> [13]C1C5H14N4O2 + C2H3K1O2 -> [13]C1C7H17K1N4O4"
3795,360.1031,7.89,4.5,"Artifact","C11H16N6O8",-0.44,"7-methylguanosine C11H15N5O5 + H1N1O3 -> C11H16N6O8"
3796,307.5799,14.18,4.29,"Unknown","Unknown",0.35,"Unknown"
3797,265.0546,6.41,4.53,"Artifact","[13]C1C8Cl1H13N2O5",0.2,"deoxyuridine C9H12N2O5 + Cl1H1 -> C9Cl1H13N2O5 + [13]C1C-1 -> [13]C1C8Cl1H13N2O5"
3798,240.111,14.63,4.22,"Putative metabolite","C11H16N2O4",0.03,"N-Acetyltyrosine C11H13N1O4 + H3N1 -> C11H16N2O4"
3799,371.9538,13.85,4.31,"Unknown","Unknown",0.3,"Unknown"
3800,573.2997,3.07,4.47,"Artifact","[13]C1C24H49O12P1",-0.32,"PI(16:0/0:0) C25H49O12P1 + [13]C1C-1 -> [13]C1C24H49O12P1"
3801,262.0234,7.26,4.51,"Artifact","C6H11N2Na1O6S1",0.58,"N-Formyl-L-methionine C6H11N1O3S1 + N1Na1O3 -> C6H11N2Na1O6S1"
3802,333.288,4.54,4.46,"Putative metabolite","C18H39N1O4",-0.27,"Phytosphingosine C18H39N1O3 + O1 -> C18H39N1O4"
3803,219.0741,13.24,4.47,"Metabolite","C8H13N1O6",0.85,"O-Succinyl-L-homoserine C8H13N1O6"
3804,219.0741,13.48,4.47,"Artifact","C8H13N1O6",0.85,"Peak 2400 C9H15N1O7 - C1H2O1 -> C8H13N1O6"
3805,147.8473,13.47,4.46,"Unknown","Unknown",0.63,"Unknown"
3806,411.2469,7.11,4.41,"Artifact","C18H37N1O9",-0.17,"L-arabinitol C5H12O5 + Peak 2346 -> C18H37N1O9"
3807,377.3143,3.07,4.42,"Artifact","C20H43N1O5",-0.47,"Phytosphingosine C18H39N1O3 + C2H4O2 -> C20H43N1O5"
3808,143.0218,11.25,4.44,"Putative metabolite","C5H5N1O4",0.4,"2-Amino-3-carboxymuconic acid semialdehyde C7H7N1O5 - C2H2O1 -> C5H5N1O4"
3809,372.1009,6.55,4.1,"Putative metabolite","C13H25O8P1S1",-0.34,"2-Hydroxyhexanedioic Acid C6H10O5 + H1O3P1 -> C6H11O8P1 + C5H8 -> C11H19O8P1 + H2S1 -> C11H21O8P1S1 + C2H4 -> C13H25O8P1S1"
3810,311.0675,11.36,4.5,"Putative metabolite","C10H17N1O8S1",-0.04,"Homocysteine C4H9N1O2S1 + C6H8O6 -> C10H17N1O8S1"
3811,200.032,11.31,4.45,"Putative metabolite","C8H8O6",0.44,"3-Dehydroshikimic acid C7H8O5 + C1O1 -> C8H8O6"
3812,332.1736,2.07,4.42,"Putative metabolite","C18H24N2O4",0.02,"Glycyl-L-tyrosine C11H14N2O4 + C2H4 -> C13H18N2O4 + C5H8 -> C18H26N2O4 - H2 -> C18H24N2O4"
3813,255.1138,11.19,4.45,"Putative metabolite","C9H21N1O5S1",0.95,"pantothenate C9H17N1O5 + H2S1 -> C9H19N1O5S1 + H2 -> C9H21N1O5S1"
3814,182.052,8.84,4.38,"Unknown","Unknown",0.53,"Unknown"
3815,161.088,11.31,4.5,"Artifact","[13]C1C5H12N2O3",0.91,"Peak 236 C5H11N1O3 + C1H1N1 -> C6H12N2O3 + [13]C1C-1 -> [13]C1C5H12N2O3"
3816,161.088,13.27,4.23,"Artifact","[13]C1C5H12N2O3",0.91,"Peak 237 C5H11N1O3 + C1H1N1 -> C6H12N2O3 + [13]C1C-1 -> [13]C1C5H12N2O3"
3817,237.0671,11.31,4.46,"Artifact","C8H15N1O5S1",-0.03,"Peak 4354 C7H14O5S1 + C1H1N1 -> C8H15N1O5S1"
3818,259.0543,14.41,4.41,"Unknown","Unknown",0.4,"Unknown"
3819,191.047,11.23,4.49,"Unknown","Unknown",0.51,"Unknown"
3820,290.0937,9.04,4.5,"Artifact","C11H18N2O5S1",-0.2,"biotin C10H16N2O3S1 + C1H2O2 -> C11H18N2O5S1"
3821,270.1191,12.9,4.47,"Artifact","C10H19N2Na1O5",0.25,"Acetyllysine C8H16N2O3 + C2H3Na1O2 -> C10H19N2Na1O5"
3822,97.94067,13.84,4.78,"Artifact","Ring_artifact_C2H3K1O2",1.11,"CH3COOK C2H3K1O2 + Ring_artifact -> Ring_artifact_C2H3K1O2"
3823,294.136,16.79,4.41,"Artifact","C9H22N4O5Si1",-0.18,"L-Arginine C6H14N4O2 + C3H8O3Si1 -> C9H22N4O5Si1"
3824,397.1039,13.02,4.37,"Artifact","C13H23N1O11Si1",0.34,"2-Methylsuccinic acid C5H8O4 + Peak 2191 -> C13H23N1O11Si1"
3825,223.0668,14.17,4.66,"Putative metabolite","C11H13N1O2S1",-0.45,"tryptophan C11H12N2O2 + H2S1 -> C11H14N2O2S1 - H1N1 -> C11H13N1O2S1"
3826,444.0278,14.27,4.48,"Artifact","[13]C1C9H15N5O11P2",-0.26,"GDP C10H15N5O11P2 + [13]C1C-1 -> [13]C1C9H15N5O11P2"
3827,342.0901,6.02,4.01,"Putative metabolite","C12H23O7P1S1",0.32,"Diisopropyl sulfide C6H14S1 + H1O3P1 -> C6H15O3P1S1 + C6H10O5 -> C12H25O8P1S1 - H2O1 -> C12H23O7P1S1"
3828,317.1739,5.51,4.06,"Putative metabolite","C17H23N3O3",0.13,"Porphobilinogen C10H14N2O4 + C5H8 -> C15H22N2O4 - H-1N-1O1 -> C15H23N3O3 + C2H2O1 -> C17H25N3O4 - H2O1 -> C17H23N3O3"
3829,733.4899,3.05,4.41,"Metabolite","C38H72N1O10P1",-0.7,"PS(16:0/16:1(9Z)) C38H72N1O10P1"
3830,319.0241,13.96,4.26,"Artifact","C8H14K1N3O6S1",-0.19,"Peak 2790 C8H15N3O6S1 + H-1K1 -> C8H14K1N3O6S1"
3831,309.1689,14.32,4.46,"Putative metabolite","C15H23N3O4",-0.14,"Porphobilinogen C10H14N2O4 + C5H8 -> C15H22N2O4 + H1N1 -> C15H23N3O4"
3832,309.169,11.51,4,"Putative metabolite","C15H23N3O4",-0.47,"Porphobilinogen C10H14N2O4 + C5H8 -> C15H22N2O4 + H1N1 -> C15H23N3O4"
3833,295.0044,14.19,4.28,"Putative metabolite","C5H15N1O7P2S1",0.15,"Dimethylallylpyrophosphate C5H12O7P2 + H2S1 -> C5H14O7P2S1 + H1N1 -> C5H15N1O7P2S1"
3834,183.0564,7.58,4.53,"Putative metabolite","C5H13N1O4S1",0.7,"Methionine sulfoxide C5H11N1O3S1 + H2O1 -> C5H13N1O4S1"
3835,522.3555,3.07,4.45,"Putative metabolite","C30H50O7",0.29,"Ubiquinone Q1 C14H18O4 + O1 -> C14H18O5 + C16H30O1 -> C30H48O6 + H2O1 -> C30H50O7"
3836,403.1512,7.13,4.3,"Unknown","Unknown",0.28,"Unknown"
3837,405.1205,7.6,4.5,"Artifact","C15H23N3O8S1",0.21,"uridine C9H12N2O6 + Peak 303 -> C15H23N3O8S1"
3838,214.0089,14.39,4.47,"Unknown","Unknown",0.46,"Unknown"
3839,516.2332,7.26,4.42,"Metabolite","C21H41O12P1",0.7,"PI(12:0/0:0) C21H41O12P1"
3840,269.2071,2.29,4.49,"Artifact","[13]C1C15H28O3",0.37,"Peak 1547 C16H28O3 + [13]C1C-1 -> [13]C1C15H28O3"
3841,358.0001,14.16,4.46,"Artifact","C7H16K1N2O8P1S1",0.29,"cystathionine C7H14N2O4S1 + H2K1O4P1 -> C7H16K1N2O8P1S1"
3842,273.0589,8.85,4.36,"Artifact","C10H13N1Na2O5",0.04,"phenylalanine C9H11N1O2 + C1H1Na1O2 -> C10H12N1Na1O4 + H1Na1O1 -> C10H13N1Na2O5"
3843,269.1294,9.87,4.06,"Putative metabolite","C10H23N1O5S1",1.09,"Diethylsulfide C4H10S1 + C6H10O5 -> C10H20O5S1 + H3N1 -> C10H23N1O5S1"
3844,269.1294,9.29,4.11,"Putative metabolite","C10H23N1O5S1",1.09,"Diethylsulfide C4H10S1 + C6H10O5 -> C10H20O5S1 + H3N1 -> C10H23N1O5S1"
3845,152.0889,7.15,4.47,"Artifact","Ring_artifact_C5H12O5",0.61,"L-arabinitol C5H12O5 + Ring_artifact -> Ring_artifact_C5H12O5"
3846,175.1178,13.64,4.74,"Artifact","Ring_artifact_C6H13N3O3",0.54,"citrulline C6H13N3O3 + Ring_artifact -> Ring_artifact_C6H13N3O3"
3847,84.0436,4.44,4.47,"Unknown","Unknown",1.28,"Unknown"
3848,149.0769,8.7,4.65,"Artifact","[13]C1C5H12O4",0.09,"(R)-2,3-Dihydroxy-3-methylvalerate C6H12O4 + [13]C1C-1 -> [13]C1C5H12O4"
3849,252.969,14.37,4.44,"Unknown","Unknown",0.4,"Unknown"
3850,218.1054,2.97,4.36,"Metabolite","C12H14N2O2",0.59,"N-Acetylserotonin C12H14N2O2"
3851,245.0373,7.04,4.5,"Artifact","[13]C1C5H13O8P1",3.5,"2-deoxy-D-glucose 6-phosphate C6H13O8P1 + [13]C1C-1 -> [13]C1C5H13O8P1"
3852,326.3769,2.07,4.67,"Unknown","Unknown",0.33,"Unknown"
3853,421.029,14.02,4.47,"Artifact","C11H17K1N3O10P1",-0.33,"CMP C9H14N3O8P1 + C2H3K1O2 -> C11H17K1N3O10P1"
3854,389.2568,2.04,4.5,"Unknown","Unknown",0.29,"Unknown"
3855,346.0508,11.3,4.4,"Artifact","[13]C1C9H12N5O7P1",-0.03,"3',5'-cyclic GMP C10H12N5O7P1 + [13]C1C-1 -> [13]C1C9H12N5O7P1"
3856,460.1734,2.87,4.49,"Unknown","Unknown",0.26,"Unknown"
3857,263.0357,10.57,4.21,"Artifact","C6H12N1Na3O6",0.27,"O-Acetyl-L-homoserine C6H11N1O4 + H-1Na1 -> C6H10N1Na1O4 + H1Na1O1 -> C6H11N1Na2O5 + H1Na1O1 -> C6H12N1Na3O6"
3858,92.06255,12.39,4.51,"Putative metabolite","C7H8",0.55,"Phenyl acetate C8H8O2 - C1O2 -> C7H8"
3859,170.0065,14.17,4.44,"Unknown","Unknown",0.56,"Unknown"
3860,107.0358,7.74,4.5,"Unknown","Unknown",0.84,"Unknown"
3861,195.9716,7.07,4.34,"Unknown","Unknown",0.5,"Unknown"
3862,270.0619,9.43,4.54,"Artifact","C8Cl1H15N2O6",-0.13,"Peak 1606 C8H14N2O6 + Cl1H1 -> C8Cl1H15N2O6"
3863,216.9438,13.57,4.35,"Unknown","Unknown",0.46,"Unknown"
3864,192.0746,12.5,4.52,"Artifact","C6H12N2O5",0.11,"L-Asparagine C4H8N2O3 + C2H4O2 -> C6H12N2O5"
3865,103.0827,13.38,4.33,"Artifact","Ring_artifact_C4H9N1O2",0.86,"glutamate C5H9N1O4 - C1O2 -> C4H9N1O2 + Ring_artifact -> Ring_artifact_C4H9N1O2"
3866,403.1711,2.94,4.43,"Artifact","[13]C1C21H26O7",0.27,"Peak 2442 C23H28O8 - C1H2O1 -> C22H26O7 + [13]C1C-1 -> [13]C1C21H26O7"
3867,752.4477,3.07,4.36,"Metabolite","C37H69O13P1",-0.16,"PI(12:0/16:1(9Z)) C37H69O13P1"
3868,87.92961,5.13,4.5,"Artifact","Ring_artifact_C3H4O3",1.23,"Pyruvic acid C3H4O3 + Ring_artifact -> Ring_artifact_C3H4O3"
3869,267.005,13.04,4.36,"Artifact","[60]Ni1C7H13N1O6",0.28,"alanine C3H7N1O2 + C2H4O2 -> C5H11N1O4 + C2H2Ni1O2 -> C7H13N1Ni1O6 + [60]Ni1Ni-1 -> [60]Ni1C7H13N1O6"
3870,107.0468,13.45,4.41,"Artifact","[18]O1C3H7N1O2",0.36,"serine C3H7N1O3 + [18]O1O-1 -> [18]O1C3H7N1O2"
3871,341.5945,14.19,4.37,"Artifact","C11.5H18.5N3.5O6.5S1",0.11,"No edge connections."
3872,199.0511,12.2,4.43,"Artifact","C4H13N1O6Si1",0.57,"b-Aminoisobutyric acid C4H9N1O2 + H4O4Si1 -> C4H13N1O6Si1"
3873,174.0712,16.81,4.27,"Artifact","Ring_artifact_C6H14N4O2",0.55,"L-Arginine C6H14N4O2 + Ring_artifact -> Ring_artifact_C6H14N4O2"
3874,334.0519,16.26,4.46,"Artifact","C9H17K1N2Na2O6",0.02,"ornithine C5H12N2O2 + C2H3Na1O2 -> C7H15N2Na1O4 + H-1K1 -> C7H14K1N2Na1O4 + C2H3Na1O2 -> C9H17K1N2Na2O6"
3875,316.1246,13.38,4.23,"Artifact","Ring_artifact_C10H17N2Na1O8",0.34,"glutamate C5H9N1O4 + Peak 313 -> C10H17N2Na1O8 + Ring_artifact -> Ring_artifact_C10H17N2Na1O8"
3876,215.0794,5.31,4.42,"Putative metabolite","C9H13N1O5",-0.13,"N-Acetyl-L-glutamate 5-semialdehyde C7H11N1O4 + C2H2O1 -> C9H13N1O5"
3877,215.9438,13.95,4.38,"Artifact","C3H6K2O6",0.24,"KHCO3 C1H1K1O3 + C2H4O2 + H1K1O1 -> C3H6K2O6"
3878,242.0934,16.94,4.5,"Artifact","C6H18N2O6Si1",0.05,"lysine C6H14N2O2 + H4O4Si1 -> C6H18N2O6Si1"
3879,228.0594,10.41,3.91,"Artifact","C5H12N2O8",-0.15,"Peak 166 C5H11N1O5 + H1N1O3 -> C5H12N2O8"
3880,233.021,13.32,4.39,"Artifact","C6Ca1H11N1O6",0.98,"erythro-4-hydroxy-L-glutamic acid C5H9N1O5 + Ca1H-2 -> C5Ca1H7N1O5 + C1H4O1 -> C6Ca1H11N1O6"
3881,290.11,2.19,4.45,"Unknown","Unknown",0.36,"Unknown"
3882,197.0559,2.3,4.34,"Unknown","Unknown",0.49,"Unknown"
3883,292.0648,11.29,4.39,"Artifact","C9H14N2Na2O6",-0.26,"Peak 717 C9H16N2O6 + H-2Na2 -> C9H14N2Na2O6"
3884,319.1531,9.41,4.53,"Putative metabolite","C16H21N3O4",0.33,"3-Carboxy-2,3,4,9-tetrahydro-1H-pyrido[3,4-b]indole-1-propanoic acid C15H16N2O4 + H3N1 -> C15H19N3O4 + C1H2 -> C16H21N3O4"
3885,334.075,13.39,4.16,"Artifact","[34]S1C11H16N4O6",-0.45,"Peak 896 C11H16N4O6S1 + [34]S1S-1 -> [34]S1C11H16N4O6"
3886,292.0729,12.75,4.45,"Putative metabolite","C10H16N2O6S1",0.02,"glutathione C10H17N3O6S1 - H1N1 -> C10H16N2O6S1"
3887,260.1371,12.55,4.53,"Putative metabolite","C11H20N2O5",0.47,"Saccharopine C11H20N2O6 - O1 -> C11H20N2O5"
3888,260.1371,12.29,4.53,"Artifact","C11H20N2O5",0.47,"Peak 4549 C12H20N2O7 - C1O2 -> C11H20N2O5"
3889,173.8687,16.78,5.18,"Unknown","Unknown",0.55,"Unknown"
3890,119.0576,7.58,4.73,"Unknown","Unknown",0.76,"Unknown"
3891,191.0218,7.09,4.37,"Artifact","C9H5N1O4",0.3,"Peak 1183 C10H7N1O5 - C1H2O1 -> C9H5N1O4"
3892,338.118,17.14,4.5,"Unknown","Unknown",0.32,"Unknown"
3893,294.0231,13.1,4.46,"Artifact","[29]Si1C4H15N1O10Si1",-0.28,"threonine C4H9N1O3 + H4O4Si1 -> C4H13N1O7Si1 + H2O3Si1 -> C4H15N1O10Si2 + [29]Si1Si-1 -> [29]Si1C4H15N1O10Si1"
3894,388.0996,14.18,4.37,"Artifact","C12H21K1N4O8",0.12,"Argininosuccinic acid C10H18N4O6 + C2H3K1O2 -> C12H21K1N4O8"
3895,105.0089,13.45,4.52,"Artifact","Ring_artifact_C3H7N1O3",0.85,"serine C3H7N1O3 + Ring_artifact -> Ring_artifact_C3H7N1O3"
3896,344.0266,13.6,4.28,"Artifact","C6H18O12P2",2.18,"sn-glycerol-3-phosphate C3H9O6P1 * 2 -> C6H18O12P2"
3897,303.1907,14.67,4.43,"Unknown","Unknown",0.35,"Unknown"
3898,294.1216,11.77,4.41,"Putative metabolite","C14H18N2O5",-0.1,"L-Aspartyl-L-phenylalanine C13H16N2O5 + C1H2 -> C14H18N2O5"
3899,349.0492,11.29,4.38,"Artifact","C8H15N1O14",0.16,"Peak 5552 C8H14O11 + H1N1O3 -> C8H15N1O14"
3900,349.0495,12.24,4.39,"Putative metabolite","C11H16N3O6P1S1",0.69,"3',5'-cyclic CMP C9H12N3O7P1 + H2S1 -> C9H14N3O7P1S1 + C2H4 -> C11H18N3O7P1S1 - H2O1 -> C11H16N3O6P1S1"
3901,742.3037,7.12,4.36,"Unknown","Unknown",0.19,"Unknown"
3902,332.1333,13.07,4.36,"Artifact","C12H20N4O7",-0.3,"Peak 1839 C11H19N3O7 + C1H1N1 -> C12H20N4O7"
3903,793.5466,3.08,4.48,"Putative metabolite","C41H80N1O11P1",0.38,"PS(18:0/0:0) C24H48N1O9P1 + C1H2O1 -> C25H50N1O10P1 + C16H30O1 -> C41H80N1O11P1"
3904,360.0656,13.44,4.44,"Artifact","C9H20N2O9S1Si1",0.77,"Peak 1894 C7H13N1O5S1 + C2H3N1 -> C9H16N2O5S1 + H4O4Si1 -> C9H20N2O9S1Si1"
3905,355.2263,2.06,4.45,"Unknown","Unknown",0.31,"Unknown"
3906,546.4069,2.3,4.44,"Metabolite","C37H54O3",0.72,"2-Hexaprenyl-6-methoxy-1,4-benzoquinone C37H54O3"
3907,263.0127,13.03,4.43,"Artifact","C3H13N1O9Si2",0.7,"alanine C3H7N1O2 + H4O4Si1 -> C3H11N1O6Si1 + H2O3Si1 -> C3H13N1O9Si2"
3908,266.1266,7.47,4.46,"Putative metabolite","C13H18N2O4",0.21,"Glycyl-L-tyrosine C11H14N2O4 + C2H4 -> C13H18N2O4"
3909,339.0932,13.98,4.46,"Unknown","Unknown",0.32,"Unknown"
3910,352.1472,13.64,4.28,"Artifact","C20H25Na1O2S1",0.27,"Peak 910 C20H26O2S1 + H-1Na1 -> C20H25Na1O2S1"
3911,151.0241,11.14,4.8,"Artifact","C5H6N1Na1O3",2.9,"Pyroglutamic acid C5H7N1O3 + H-1Na1 -> C5H6N1Na1O3"
3912,151.024,10.84,4.8,"Unknown","Unknown",0.62,"Unknown"
3913,152.0083,7.18,5.38,"Artifact","Ring_artifact_C5H12O5",0.61,"L-arabinitol C5H12O5 + Ring_artifact -> Ring_artifact_C5H12O5"
3914,729.1595,11.31,4.46,"Putative metabolite","C23H37N7O14P2S1",-0.08,"acetyl-CoA C23H38N7O17P3S1 - H1O3P1 -> C23H37N7O14P2S1"
3915,148.0169,7.14,4.07,"Artifact","Ring_artifact_C6H12O4",0.63,"(R)-2,3-Dihydroxy-3-methylvalerate C6H12O4 + Ring_artifact -> Ring_artifact_C6H12O4"
3916,299.1018,5.93,4.45,"Putative metabolite","C14H13N5O3",0.13,"7,8-Dihydropteroic acid C14H14N6O3 - H1N1 -> C14H13N5O3"
3917,299.1036,10.53,4.26,"Putative metabolite","C10H21N1O7S1",0.91,"Homocysteine C4H9N1O2S1 + C6H10O5 -> C10H19N1O7S1 + H2 -> C10H21N1O7S1"
3918,424.0372,14.45,4.45,"Metabolite","C12H18N4O7P2S1",-0.14,"Thiamine pyrophosphate C12H18N4O7P2S1"
3919,118.0119,13.3,4.51,"Artifact","Ring_artifact_C4H6O4",0.77,"Succinic acid C4H6O4 + Ring_artifact -> Ring_artifact_C4H6O4"
3920,173.0549,13,4.29,"Artifact","[18]O1C5H10N1Na1O3",0.57,"alanine C3H7N1O2 + C2H3Na1O2 -> C5H10N1Na1O4 + [18]O1O-1 -> [18]O1C5H10N1Na1O3"
3921,232.0483,7.14,4.27,"Artifact","C11H8N2O4",0.46,"Peak 1183 C10H7N1O5 - C1H2O1 -> C9H5N1O4 + C2H3N1 -> C11H8N2O4"
3922,232.0483,5.97,4.3,"Putative metabolite","C11H8N2O4",0.46,"Kynurenic acid C10H7N1O3 + H1N1 -> C10H8N2O3 + C1O1 -> C11H8N2O4"
3923,191.9997,14.17,4.39,"Artifact","Ring_artifact_C6H8O7",0.5,"citrate/isocitrate C6H8O7 + Ring_artifact -> Ring_artifact_C6H8O7"
3924,326.9854,13.04,4.24,"Unknown","Unknown",0.33,"Unknown"
3925,343.2472,2.99,4.4,"Unknown","Unknown",0.32,"Unknown"
3926,669.0718,14.19,4.38,"Artifact","C17Cl1H31N3Na1O17P2",-0.46,"Peak 116 C7H18N1O6P1 + Peak 4668 -> C17Cl1H31N3Na1O17P2"
3927,132.0534,11.33,4.48,"Metabolite","C4H8N2O3",0.7,"3-Ureidopropionic acid C4H8N2O3"
3928,132.0534,12.17,5.21,"Metabolite","C4H8N2O3",0.7,"L-Asparagine C4H8N2O3"
3929,223.9046,2.25,4.38,"Unknown","Unknown",0.44,"Unknown"
3930,303.0307,12.25,4.47,"Unknown","Unknown",0.35,"Unknown"
3931,339.1953,2.09,4.47,"Unknown","Unknown",0.32,"Unknown"
3932,133.1013,9.84,4.48,"Artifact","[13]C2C4H13N1O2",0.29,"isoleucine C6H13N1O2 + [13]C1C-1 -> [13]C1C5H13N1O2 + [13]C1C-1 -> [13]C2C4H13N1O2"
3933,133.1013,9.32,4.42,"Artifact","[13]C2C4H13N1O2",0.29,"leucine C6H13N1O2 + [13]C1C-1 -> [13]C1C5H13N1O2 + [13]C1C-1 -> [13]C2C4H13N1O2"
3934,145.9866,13.93,4.24,"Artifact","[18]O1C3H5K1O3",0.93,"CH3COOK C2H3K1O2 + C1H2O2 + [18]O1O-1 -> [18]O1C3H5K1O3"
3935,174.1831,16.76,5.9,"Artifact","Ring_artifact_C6H14N4O2",0.55,"L-Arginine C6H14N4O2 + Ring_artifact -> Ring_artifact_C6H14N4O2"
3936,116.0585,11.73,4.39,"Putative metabolite","C4H8N2O2",0.67,"L-Glutamine C5H10N2O3 - C1H2O1 -> C4H8N2O2"
3937,296.0963,16.25,4.4,"Artifact","C9H18N2Na2O6",-0.93,"ornithine C5H12N2O2 + C2H3Na1O2 -> C7H15N2Na1O4 + C2H3Na1O2 -> C9H18N2Na2O6"
3938,281.0487,13.29,4.47,"Artifact","C8H13N1Na2O7",0.15,"O-Succinyl-L-homoserine C8H13N1O6 + H1Na1O1 -> C8H14N1Na1O7 + H-1Na1 -> C8H13N1Na2O7"
3939,289.091,9.28,4.45,"Artifact","C10H15N3O7",0,"cytidine C9H13N3O5 + C1H2O2 -> C10H15N3O7"
3940,270.01,12.89,4.47,"Artifact","C7H7N2Na1O8",0.04,"2-Amino-3-carboxymuconic acid semialdehyde C7H7N1O5 + N1Na1O3 -> C7H7N2Na1O8"
3941,341.0642,14.34,4.57,"Artifact","C9H21K1N1O8P1",-0.04,"Phosphorylcholine C5H14N1O4P1 + C2H4O2 -> C7H18N1O6P1 + C2H3K1O2 -> C9H21K1N1O8P1"
3942,204.0899,4.1,4.42,"Metabolite","C11H12N2O2",-0.11,"L-Tryptophan C11H12N2O2"
3943,139.0784,13.42,4.46,"Artifact","Ring_artifact_C6H5N1O3",0.66,"4-Nitrophenol C6H5N1O3 + Ring_artifact -> Ring_artifact_C6H5N1O3"
3944,977.5133,7.08,4.39,"Unknown","Unknown",0.17,"Unknown"
3945,337.9941,13.1,4.32,"Artifact","C8Cr1H14O11",0.06,"Peak 348 C8H14O8 + Cr1O3 -> C8Cr1H14O11"
3946,345.119,11.92,4.48,"Putative metabolite","C11H24N1O9P1",-0.38,"Phosphorylcholine C5H14N1O4P1 + C6H10O5 -> C11H24N1O9P1"
3947,304.0835,11.93,4.5,"Artifact","[13]C1C7H17N1O11",0.05,"Peak 4640 C7H15N1O9 + C1H2O2 -> C8H17N1O11 + [13]C1C-1 -> [13]C1C7H17N1O11"
3948,304.0835,13.27,4.34,"Artifact","C11H18N2Na2O3S1",-0.49,"gamma-Aminobutyric acid C4H9N1O2 + Peak 462 -> C11H15N1Na2O3S1 + H3N1 -> C11H18N2Na2O3S1"
3949,219.1299,14.44,4.51,"Artifact","[13]C1C8H18N2O4",0.51,"Peak 1067 C9H18N2O4 + [13]C1C-1 -> [13]C1C8H18N2O4"
3950,652.3833,2.07,4.3,"Unknown","Unknown",0.21,"Unknown"
3951,384.2001,16.79,4.37,"Artifact","C12Cl1H29N8O4",-0.18,"L-Arginine C6H14N4O2 + Peak 2261 -> C12Cl1H29N8O4"
3952,351.9631,13.92,4.32,"Artifact","C6H14K2O10Si1",-0.18,"CH3COOK C2H3K1O2 + C2H4O2 + Peak 795 -> C6H14K2O10Si1"
3953,202.0622,6.96,4.33,"Unknown","Unknown",0.48,"Unknown"
3954,314.1825,2.11,5.37,"Unknown","Unknown",0.34,"Unknown"
3955,184.0945,7.16,4.47,"Artifact","C6H16O6",1.02,"L-arabinitol C5H12O5 + C1H4O1 -> C6H16O6"
3956,346.0873,9.75,4.3,"Artifact","C10H14N6O8",-0.02,"guanosine C10H13N5O5 + H1N1O3 -> C10H14N6O8"
3957,259.0022,11.3,4.42,"Unknown","Unknown",0.4,"Unknown"
3958,141.0402,10.55,4.35,"Unknown","Unknown",0.65,"Unknown"
3959,258.0964,8.13,4.43,"Putative metabolite","C9H14N4O5",0.08,"Cytidine C9H13N3O5 + H1N1 -> C9H14N4O5"
3960,290.079,16.23,4.42,"Metabolite","C15H14O6",0.13,"Catechin C15H14O6"
3961,470.2475,7.11,4.44,"Artifact","[13]C1C19H40N1O9P1",-0.16,"Peak 1534 C20H40N1O9P1 + [13]C1C-1 -> [13]C1C19H40N1O9P1"
3962,283.0998,7.27,4.33,"Artifact","[13]C1C10H14N4O5",-0.16,"purine C5H4N4 + C6H10O5 + [13]C1C-1 -> [13]C1C10H14N4O5"
3963,398.1371,14.97,4.44,"Metabolite","C15H22N6O5S1",0.35,"S-Adenosylmethionine C15H22N6O5S1"
3964,265.1444,6.42,4.45,"Artifact","C12Cl1H24N1O3",0.27,"carnitine C7H15N1O3 + C5H8 + Cl1H1 -> C12Cl1H24N1O3"
3965,183.0611,12.41,4.47,"Artifact","[13]C1C8H10O4",0.89,"3-(4-hydroxyphenyl)lactic acid C9H10O4 + [13]C1C-1 -> [13]C1C8H10O4"
3966,160.121,17.68,4.46,"Putative metabolite","C7H16N2O2",1.11,"Ornithine C5H12N2O2 + C2H4 -> C7H16N2O2"
3967,181.0351,11.32,4.47,"Artifact","C6H8N1Na1O4",0.01,"Peak 160 C6H9N1O4 + H-1Na1 -> C6H8N1Na1O4"
3968,166.0477,13,5.05,"Putative metabolite","C5H10O6",0.23,"D-Xylulose C5H10O5 + O1 -> C5H10O6"
3969,449.1909,1.91,4.07,"Putative metabolite","C20H27N5O7",0.33,"guanine C5H5N5O1 + C5H8 -> C10H13N5O1 + C5H8 -> C15H21N5O1 - C1H2 -> C14H19N5O1 + C6H8O6 -> C20H27N5O7"
3970,303.1179,13.76,4.29,"Putative metabolite","C10H17N5O6",-0.06,"inosine C10H12N4O5 + H2O1 -> C10H14N4O6 + H3N1 -> C10H17N5O6"
3971,88.02329,5,4.13,"Artifact","Ring_artifact_C3H4O3",1.23,"Pyruvic acid C3H4O3 + Ring_artifact -> Ring_artifact_C3H4O3"
3972,324.0987,13.68,4.38,"Artifact","C10H20N2O8Si1",0.59,"erythro-4-hydroxy-L-glutamic acid C5H9N1O5 + C2H3N1 -> C7H12N2O5 + C3H8O3Si1 -> C10H20N2O8Si1"
3973,624.3525,2.1,4.33,"Unknown","Unknown",0.21,"Unknown"
3974,323.0464,13.09,4.36,"Artifact","C8H14N1Na1O11",0.17,"Peak 348 C8H14O8 + N1Na1O3 -> C8H14N1Na1O11"
3975,172.3842,4.05,4.34,"Unknown","Unknown",0.55,"Unknown"
3976,313.1307,13.64,4.1,"Unknown","Unknown",0.34,"Unknown"
3977,341.2315,7.11,4.38,"Putative metabolite","C17H31N3O4",-0.13,"citrulline C6H13N3O3 + C5H8 -> C11H21N3O3 + C1H2O1 -> C12H23N3O4 + C5H8 -> C17H31N3O4"
3978,594.1375,4.45,4.23,"Unknown","Unknown",0.22,"Unknown"
3979,132.0678,13.65,4.57,"Artifact","Ring_artifact_C5H12N2O2",0.69,"Ornithine C5H12N2O2 + Ring_artifact -> Ring_artifact_C5H12N2O2"
3980,132.0677,16.24,4.09,"Artifact","Ring_artifact_C5H12N2O2",0.69,"ornithine C5H12N2O2 + Ring_artifact -> Ring_artifact_C5H12N2O2"
3981,132.0676,16.76,3.89,"Artifact","Ring_artifact_C5H12N2O2",0.69,"ornithine C5H12N2O2 + Ring_artifact -> Ring_artifact_C5H12N2O2"
3982,235.0045,7.15,4.31,"Artifact","C6Cl1H11N1Na1O3S1",0.37,"N-Formyl-L-methionine C6H11N1O3S1 + Cl1H1 -> C6Cl1H12N1O3S1 + H-1Na1 -> C6Cl1H11N1Na1O3S1"
3983,134.0965,16.79,4.38,"Artifact","[13]C2C3H12N2O2",0.65,"ornithine C5H12N2O2 + [13]C1C-1 -> [13]C1C4H12N2O2 + [13]C1C-1 -> [13]C2C3H12N2O2"
3984,136.0622,7.78,4.58,"Artifact","Ring_artifact_C5H4N4O1",0.68,"hypoxanthine C5H4N4O1 + Ring_artifact -> Ring_artifact_C5H4N4O1"
3985,173.0953,7.07,4.25,"Artifact","Ring_artifact_C8H15N1O3",0.55,"N-Acetyl-L-leucine C8H15N1O3 + Ring_artifact -> Ring_artifact_C8H15N1O3"
3986,183.078,10.78,4.45,"Artifact","[18]O1C9H11N1O2",0.76,"tyrosine C9H11N1O3 + [18]O1O-1 -> [18]O1C9H11N1O2"
3987,134.09,13.64,4.31,"Artifact","Ring_artifact_C4H6O5",0.68,"malate C4H6O5 + Ring_artifact -> Ring_artifact_C4H6O5"
3988,252.0786,11.3,4.34,"Artifact","[13]C1C6H13N3O7",0.41,"Peak 1007 C7H13N3O7 + [13]C1C-1 -> [13]C1C6H13N3O7"
3989,376.1593,11.29,4.39,"Putative metabolite","C14H24N4O8",0.3,"2-(3-Carboxy-3-aminopropyl)-L-histidine C10H16N4O4 - C2H2O1 -> C8H14N4O3 + C6H10O5 -> C14H24N4O8"
3990,376.1592,3.11,4.12,"Putative metabolite","C14H24N4O8",0.57,"2-(3-Carboxy-3-aminopropyl)-L-histidine C10H16N4O4 - C2H2O1 -> C8H14N4O3 + C6H10O5 -> C14H24N4O8"
3991,279.0805,13.64,4.16,"Artifact","C8H15N3Na2O5",0.75,"citrulline C6H13N3O3 + C2H3Na1O2 -> C8H16N3Na1O5 + H-1Na1 -> C8H15N3Na2O5"
3992,355.8385,13.86,4.16,"Artifact","C3H4K3Na1O9S1",-0.02,"KHSO4 H1K1O4S1 + C2H3K1O2 + C1H1K1O3 -> C3H5K3O9S1 + H-1Na1 -> C3H4K3Na1O9S1"
3993,120.9832,11.26,4.44,"Putative metabolite","C2H3N1O3S1",1.35,"N-Formyl-L-methionine C6H11N1O3S1 - C2H4 -> C4H7N1O3S1 - C2H4 -> C2H3N1O3S1"
3994,744.0789,14.18,4.39,"Artifact","[13]C1C20H28N7O17P3",-0.13,"NADP C21H28N7O17P3 + [13]C1C-1 -> [13]C1C20H28N7O17P3"
3995,393.0583,7.25,4.41,"Artifact","C10H15N5O10Si1",1.32,"deoxyinosine C10H12N4O4 + H1N1O3 -> C10H13N5O7 + H2O3Si1 -> C10H15N5O10Si1"
3996,348.2876,7.02,4.42,"Unknown","Unknown",0.32,"Unknown"
3997,355.6159,14.59,4.35,"Unknown","Unknown",0.31,"Unknown"
3998,467.8003,13.86,4.29,"Artifact","C4H8K4O12S2",0.52,"KHSO4 H1K1O4S1 + C2H3K1O2 + C2H3K1O2 -> C4H7K3O8S1 + H1K1O4S1 -> C4H8K4O12S2"
3999,159.1258,7.74,4.38,"Metabolite","C8H17N1O2",0.81,"DL-2-Aminooctanoic acid C8H17N1O2"
4000,235.136,16.79,4.38,"Artifact","[13]C1C7H18N4O4",0.68,"L-Arginine C6H14N4O2 + [13]C1C-1 -> [13]C1C5H14N4O2 + C2H4O2 -> [13]C1C7H18N4O4"
4001,217.0949,8.96,4.18,"Putative metabolite","C9H15N1O5",0.56,"N-acetyl-L-glutamic acid C7H11N1O5 + C2H4 -> C9H15N1O5"
4002,347.1967,2.04,4.23,"Unknown","Unknown",0.32,"Unknown"
4003,372.0822,7.07,4.22,"Putative metabolite","C12H21O11P1",-0.14,"glucose-1-phosphate C6H13O9P1 + C5H8 -> C11H21O9P1 + C1O2 -> C12H21O11P1"
4004,243.2069,14.34,4.1,"Artifact","Ring_artifact_C7H18N1O6P1",0.42,"Phosphorylcholine C5H14N1O4P1 + C2H4O2 -> C7H18N1O6P1 + Ring_artifact -> Ring_artifact_C7H18N1O6P1"
4005,303.1138,8.85,4.47,"Putative metabolite","C13H21N1O5S1",0.8,"2-Isopropyl-4-methylthiazole C7H11N1S1 + C6H10O5 -> C13H21N1O5S1"
4006,223.0235,7.75,4.46,"Unknown","Unknown",0.45,"Unknown"
4007,223.0228,11.12,4.32,"Putative metabolite","C8H5N3O5",0.54,"inosine C10H12N4O5 - C2H4 -> C8H8N4O5 - H3N1 -> C8H5N3O5"
4008,205.9537,2.11,4.4,"Unknown","Unknown",0.48,"Unknown"
4009,808.5099,3.06,4.2,"Metabolite","C41H77O13P1",0.35,"PI(14:0/18:1(9Z)) C41H77O13P1"
4010,222.0559,2.99,4.38,"Putative metabolite","C8H14O5S1",1.33,"3-hydroxy-2-isopropyl-4-methoxy-4-oxobutanoate C8H14O5 + S1 -> C8H14O5S1"
4011,323.0924,13.67,4.41,"Putative metabolite","C15H18N1O5P1",-0.44,"Methional C15H14O3 + H1O3P1 -> C15H15O6P1 + H3N1O-1 -> C15H18N1O5P1"
4012,573.1222,11.87,4.46,"Putative metabolite","C19H24N7O12P1",-0.25,"uridine C9H12N2O6 + C10H12N5O6P1 -> C19H24N7O12P1"
4013,269.9498,7.17,4.45,"Artifact","C3Cr1H10O9Si1",0.43,"Glycerol C3H8O3 + Cr1O3 -> C3Cr1H8O6 + H2O3Si1 -> C3Cr1H10O9Si1"
4014,159.9462,13.85,6.16,"Artifact","C2Cr1H4O5",1.13,"CrO3 Cr1O3 + C2H4O2"
4015,241.9993,13.94,4.32,"Artifact","[41]K1C6H10Na1O6",0.14,"CH3COOK C2H3K1O2 + C2H4O2 + [41]K1K-1 -> [41]K1C4H7O4 + C2H3Na1O2 -> [41]K1C6H10Na1O6"
4016,241.9994,14.39,4.19,"Artifact","[41]K1C6H10Na1O6",-0.27,"CH3COOK C2H3K1O2 + C2H3Na1O2 + C2H4O2 -> C6H10K1Na1O6 + [41]K1K-1 -> [41]K1C6H10Na1O6"
4017,326.0394,8.66,4.41,"Artifact","C10Cl1H12N4Na1O5",-0.03,"inosine C10H12N4O5 + H-1Na1 -> C10H11N4Na1O5 + Cl1H1 -> C10Cl1H12N4Na1O5"
4018,189.9697,13.7,4.23,"Artifact","C1H7O7P1Si1",0.87,"acetylphosphate C2H5O5P1 - C1O1 + H2O3Si1 -> C1H7O7P1Si1"
4019,311.0966,11.29,4.33,"Artifact","C9H17N3O9",-0.39,"Peak 717 C9H16N2O6 + H1N1O3 -> C9H17N3O9"
4020,257.1118,16.79,4.36,"Artifact","[15]N1C8H17N3Na1O4",-0.06,"L-Arginine C6H14N4O2 + [15]N1N-1 -> [15]N1C6H14N3O2 + C2H3Na1O2 -> [15]N1C8H17N3Na1O4"
4021,504.3814,2.72,4.4,"Putative metabolite","C31H52O5",0.15,"Obtusifoliol C30H50O2 + H2O1 -> C30H52O3 + C1O2 -> C31H52O5"
4022,148.0565,4.08,4.22,"Artifact","[13]C1C4H9N1O4",0.08,"L-Glutamic acid C5H9N1O4 + [13]C1C-1 -> [13]C1C4H9N1O4"
4023,87.07653,7.07,4.42,"Artifact","[13]C1C4H10O1",-0.12,"2-Methylbutanal C5H10O1 + [13]C1C-1 -> [13]C1C4H10O1"
4024,357.0715,11.18,4.35,"Artifact","C11Ca1H20N1Na1O8",-0.69,"DL-Valine C5H11N1O2 + C2H4O2 -> C7H15N1O4 + C2Ca1H2O2 -> C9Ca1H17N1O6 + C2H3Na1O2 -> C11Ca1H20N1Na1O8"
4025,791.5671,4.44,4.47,"Putative metabolite","C42H82N1O10P1",0.68,"PS(18:0/0:0) C24H48N1O9P1 + C2H4 -> C26H52N1O9P1 + C16H30O1 -> C42H82N1O10P1"
4026,133.9367,7.01,4.37,"Artifact","Ring_artifact_C6H6N4",0.69,"Peak 2167 C6H6N4 + Ring_artifact -> Ring_artifact_C6H6N4"
4027,352.0439,14,4.52,"Artifact","C11H18K2N2O6",0,"Saccharopine C11H20N2O6 + H-2K2 -> C11H18K2N2O6"
4028,305.1111,12.96,4.11,"Artifact","C12H19N1O8",-0.11,"Peak 2422 C11H17N1O5 + C1H2O3 -> C12H19N1O8"
4029,423.086,14.38,4.39,"Artifact","[13]C1C11H23O14P1",-0.24,"trehalose-6-Phosphate C12H23O14P1 + [13]C1C-1 -> [13]C1C11H23O14P1"
4030,274.1015,16.24,4.48,"Artifact","C7H22N2O5S1Si1",1.35,"Peak 1627 C6H16N2O5S1 + C3H8O3Si1 -> C9H24N2O8S1Si1 - C1H2O1 -> C8H22N2O7S1Si1 - C1O2 -> C7H22N2O5S1Si1"
4031,105.0764,13.45,4.46,"Artifact","Ring_artifact_C3H7N1O3",0.85,"serine C3H7N1O3 + Ring_artifact -> Ring_artifact_C3H7N1O3"
4032,221.9628,14.17,4.45,"Artifact","Ring_artifact_C7H14N2O4S1",0.45,"cystathionine C7H14N2O4S1 + Ring_artifact -> Ring_artifact_C7H14N2O4S1"
4033,400.1069,11.63,4.45,"Putative metabolite","C13H25N2O8P1S1",0.06,"acetyl-CoA C23H38N7O17P3S1 - H1O3P1 -> C23H37N7O14P2S1 - C10H12N5O6P1 -> C13H25N2O8P1S1"
4034,577.1125,14.2,4.34,"Unknown","Unknown",0.22,"Unknown"
4035,404.0214,14.16,4.3,"Artifact","[13]C1C8H15N3O11P2",0.34,"CDP C9H15N3O11P2 + [13]C1C-1 -> [13]C1C8H15N3O11P2"
4036,233.7873,13.87,4.3,"Artifact","Ring_artifact_H3K1O8S2",0.43,"KHSO4 H1K1O4S1 + H2O4S1 + Ring_artifact -> Ring_artifact_H3K1O8S2"
4037,375.1107,13.71,4.28,"Artifact","[13]C1C12H18N4O9",0.09,"Peak 1545 C13H18N4O9 + [13]C1C-1 -> [13]C1C12H18N4O9"
4038,221.0647,9.17,4.43,"Artifact","C6H11N3O6",0.39,"Peak 1075 C6H10N2O3 + H1N1O3 -> C6H11N3O6"
4039,397.2593,7.79,4.4,"Metabolite","C18H40N1O6P1",0.06,"Phytosphingosine 1-phosphate C18H40N1O6P1"
4040,158.0598,13.88,6.04,"Artifact","Ring_artifact_C4H7K1O4",0.59,"CH3COOK C2H3K1O2 + C2H4O2 + Ring_artifact -> Ring_artifact_C4H7K1O4"
4041,290.9903,7,4.27,"Putative metabolite","C6H13N1O6S3",0.69,"N-Formyl-L-methionine C6H11N1O3S1 + H2S1 -> C6H13N1O3S2 + O3S1 -> C6H13N1O6S3"
4042,298.114,14.01,4.36,"Artifact","C11H19N2Na1O6",0.27,"Saccharopine C11H20N2O6 + H-1Na1 -> C11H19N2Na1O6"
4043,460.0523,14.82,4.4,"Unknown","Unknown",0.26,"Unknown"
4044,122.0578,8.44,4.54,"Putative metabolite","C4H10O4",0.89,"L-arabinitol C5H12O5 - C1H2O1 -> C4H10O4"
4045,315.081,7.21,4.41,"Artifact","C10H13N5O7",1.58,"deoxyinosine C10H12N4O4 + H1N1O3 -> C10H13N5O7"
4046,794.5503,4.42,4.46,"Unknown","Unknown",0.19,"Unknown"
4047,794.5505,3.09,4.23,"Unknown","Unknown",0.19,"Unknown"
4048,273.9893,11.3,4.39,"Artifact","C6Cr1H10N2O7",0.03,"Aminoadipic acid C6H11N1O4 - C2H4 + C2H3N1 -> C6H10N2O4 + Cr1O3 -> C6Cr1H10N2O7"
4049,191.6829,14.19,4.31,"Unknown","Unknown",0.5,"Unknown"
4050,189.1194,8.64,4.07,"Artifact","[13]C1C7H16N2O3",0.25,"Glycyl-L-leucine C8H16N2O3 + [13]C1C-1 -> [13]C1C7H16N2O3"
4051,189.1194,9.5,4.42,"Artifact","[13]C1C7H16N2O3",0.25,"Acetyllysine C8H16N2O3 + [13]C1C-1 -> [13]C1C7H16N2O3"
4052,280.0639,5.63,4.45,"Artifact","[37]Cl1C10H15N2O5",0.35,"thymidine C10H14N2O5 + Cl1H1 -> C10Cl1H15N2O5 + [37]Cl1Cl-1 -> [37]Cl1C10H15N2O5"
4053,304.1094,11.28,4.27,"Putative metabolite","C12H20N2O5S1",-0.35,"thymidine C10H14N2O5 + C2H4 -> C12H18N2O5 + H2S1 -> C12H20N2O5S1"
4054,304.1097,9.27,4.05,"Artifact","[13]C1C10H17N3O7",1,"cytidine C9H13N3O5 + C2H4O2 -> C11H17N3O7 + [13]C1C-1 -> [13]C1C10H17N3O7"
4055,283.0043,11.78,4.48,"Artifact","[53]Cr1C6H14O9",0.46,"D-glucitol C6H14O6 + Cr1O3 -> C6Cr1H14O9 + [53]Cr1Cr-1 -> [53]Cr1C6H14O9"
4056,612.1444,13.2,4.47,"Artifact","C25H32N2O12S1Si1",0.2,"Gamma-Glutamylcysteine C8H14N2O5S1 + Peak 1998 -> C25H32N2O12S1Si1"
4057,186.075,13.58,4.34,"Unknown","Unknown",0.52,"Unknown"
4058,186.0752,13.27,4.34,"Putative metabolite","C6H10N4O3",0.48,"2-(3-Carboxy-3-aminopropyl)-L-histidine C10H16N4O4 - C2H2O1 -> C8H14N4O3 - C2H4 -> C6H10N4O3"
4059,288.989,13.26,4.42,"Artifact","C7Cr1H11N1O8",-0.09,"N-acetyl-L-glutamic acid C7H11N1O5 + Cr1O3 -> C7Cr1H11N1O8"
4060,132.0308,4.2,4.21,"Artifact","Ring_artifact_C6H12O3",0.69,"ethyl 3-hydroxybutanoate C6H12O3 + Ring_artifact -> Ring_artifact_C6H12O3"
4061,249.0612,8.84,4.45,"Artifact","C10H12N1Na1O5",0.47,"phenylalanine C9H11N1O2 + C1H1Na1O3 -> C10H12N1Na1O5"
4062,326.0913,9.09,4.48,"Artifact","C12H19N2Na1O5S1",-0.19,"biotin C10H16N2O3S1 + C2H3Na1O2 -> C12H19N2Na1O5S1"
4063,401.1276,13.06,4.06,"Unknown","Unknown",0.29,"Unknown"
4064,282.4875,14.46,4.31,"Unknown","Unknown",0.37,"Unknown"
4065,348.1285,6.55,3.77,"Unknown","Unknown",0.32,"Unknown"
4066,237.0861,9.77,4.29,"Metabolite","C9H11N5O3",0.38,"Sepiapterin C9H11N5O3"
4067,237.0864,14.3,4.19,"Artifact","[13]C1C7H16N2O4S1",0.14,"Peak 1365 C8H16N2O4S1 + [13]C1C-1 -> [13]C1C7H16N2O4S1"
4068,326.0727,9.61,4.38,"Artifact","C11H15N2Na1O8",-0.28,"Uridine C9H12N2O6 + C2H3Na1O2 -> C11H15N2Na1O8"
4069,315.0609,11.2,4.43,"Artifact","C9Ca1H18N1Na1O7",-0.67,"DL-Valine C5H11N1O2 + C2H4O2 -> C7H15N1O4 + C2Ca1H2O2 -> C9Ca1H17N1O6 + H1Na1O1 -> C9Ca1H18N1Na1O7"
4070,291.122,8.04,4.27,"Putative metabolite","C14H17N3O4",-0.32,"3-Carboxy-2,3,4,9-tetrahydro-1H-pyrido[3,4-b]indole-1-propanoic acid C15H16N2O4 + H3N1 -> C15H19N3O4 - C1H2 -> C14H17N3O4"
4071,176.054,7.12,5.04,"Unknown","Unknown",0.54,"Unknown"
4072,295.075,7.21,4.31,"Artifact","[37]Cl1C10H16N3O5",-0.35,"thymidine C10H14N2O5 + H1N1 + Cl1H1 -> C10Cl1H16N3O5 + [37]Cl1Cl-1 -> [37]Cl1C10H16N3O5"
4073,176.1208,16.8,4.3,"Artifact","[13]C1[2]H1C5H13N4O2",2.88,"L-Arginine C6H14N4O2 + [13]C1C-1 -> [13]C1C5H14N4O2 + [2]H1H-1 -> [13]C1[2]H1C5H13N4O2"
4074,183.061,7.09,4.03,"Unknown","Unknown",0.52,"Unknown"
4075,142.0934,13.66,4.14,"Artifact","[13]C1C5H11N3O1",1.17,"L-histidinol C6H11N3O1 + [13]C1C-1 -> [13]C1C5H11N3O1"
4076,234.0696,8.83,4.42,"Artifact","[13]C1C9H12N1Na1O4",0.67,"phenylalanine C9H11N1O2 + [13]C1C-1 -> [13]C1C8H11N1O2 + C1H1Na1O2 -> [13]C1C9H12N1Na1O4"
4077,234.0713,9.92,3.98,"Artifact","C7H15Na1O7",1.06,"D-Arabitol C5H12O5 + C2H3Na1O2 -> C7H15Na1O7"
4078,334.681,2.07,4.19,"Unknown","Unknown",0.33,"Unknown"
4079,281.0148,7.05,4.39,"Artifact","[13]C1C5Cl1H14O8P1",0.13,"2-deoxy-D-glucose 6-phosphate C6H13O8P1 + Cl1H1 -> C6Cl1H14O8P1 + [13]C1C-1 -> [13]C1C5Cl1H14O8P1"
4080,604.9729,14.23,4.16,"Artifact","C12H19K1N5O15P3",-0.24,"ATP C10H16N5O13P3 + C2H3K1O2 -> C12H19K1N5O15P3"
4081,239.0882,13.69,4.26,"Artifact","C8H14N3Na1O4",0,"citrulline C6H13N3O3 + C2H3Na1O2 -> C8H16N3Na1O5 - H2O1 -> C8H14N3Na1O4"
4082,181.0532,2.24,4.25,"Unknown","Unknown",0.53,"Unknown"
4083,98.07836,14.17,4.38,"Unknown","Unknown",1.11,"Unknown"
4084,327.1586,2.15,4.43,"Unknown","Unknown",0.33,"Unknown"
4085,424.9878,2.15,4.35,"Unknown","Unknown",0.27,"Unknown"
4086,459.0173,3.08,4.23,"Unknown","Unknown",0.26,"Unknown"
4087,171.9082,4.09,4.38,"Unknown","Unknown",0.55,"Unknown"
4088,273.1063,9.82,4.36,"Unknown","Unknown",0.38,"Unknown"
4089,273.1063,9.36,4.2,"Unknown","Unknown",0.38,"Unknown"
4090,340.0761,9.06,4.4,"Artifact","C10H20N2O7S1Si1",-0.15,"biotin C10H16N2O3S1 + H4O4Si1 -> C10H20N2O7S1Si1"
4091,297.0519,2.11,4.41,"Putative metabolite","C9H15N1O8S1",-0.21,"alanine C3H7N1O2 + C6H8O6 -> C9H15N1O8 + S1 -> C9H15N1O8S1"
4092,287.1845,7.98,3.88,"Putative metabolite","C13H25N3O4",0.02,"citrulline C6H13N3O3 + C5H8 -> C11H21N3O3 + H2 -> C11H23N3O3 + C2H2O1 -> C13H25N3O4"
4093,242.9674,14.36,4.19,"Artifact","Ring_artifact_C7H18N1O6P1",0.42,"Phosphorylcholine C5H14N1O4P1 + C2H4O2 -> C7H18N1O6P1 + Ring_artifact -> Ring_artifact_C7H18N1O6P1"
4094,191.9648,2.31,4.31,"Unknown","Unknown",0.5,"Unknown"
4095,454.0711,13.04,4.26,"Unknown","Unknown",0.26,"Unknown"
4096,342.0263,14.21,4.37,"Artifact","C7H16N2Na1O8P1S1",-0.1,"cystathionine C7H14N2O4S1 + H2Na1O4P1 -> C7H16N2Na1O8P1S1"
4097,279.0139,7.05,4.35,"Unknown","Unknown",0.37,"Unknown"
4098,131.2522,9.84,4.34,"Unknown","Unknown",0.7,"Unknown"
4099,131.2522,9.31,4.28,"Unknown","Unknown",0.7,"Unknown"
4100,201.0749,11.33,4.11,"Artifact","C7H11N3O4",0.28,"Aminoadipic acid C6H11N1O4 - C2H4 + C2H3N1 -> C6H10N2O4 + C1H1N1 -> C7H11N3O4"
4101,174.0015,5.32,4.45,"Unknown","Unknown",0.55,"Unknown"
4102,244.0751,10.59,4.29,"Artifact","[13]C1C7H14N1Na1O6",0.56,"O-Acetyl-L-homoserine C6H11N1O4 + [13]C1C-1 -> [13]C1C5H11N1O4 + C2H3Na1O2 -> [13]C1C7H14N1Na1O6"
4103,380.3291,2.2,4.37,"Putative metabolite","C24H44O3",-0.14,"Butyl 2-methyl-2-propenoate C8H14O2 + C16H30O1 -> C24H44O3"
4104,118.0132,13.31,4.65,"Artifact","Ring_artifact_C4H6O4",0.77,"Succinic acid C4H6O4 + Ring_artifact -> Ring_artifact_C4H6O4"
4105,274.0259,11.27,4.36,"Artifact","C7Cr1H14N2O6",-0.75,"N-Acetylornithine C7H14N2O3 + Cr1O3 -> C7Cr1H14N2O6"
4106,416.1148,12.24,4.27,"Artifact","C14H23N2Na3O8",-0.12,"Diaminopimelic Acid C7H14N2O4 - H1N1 + Peak 1283 -> C14H25N2Na1O8 + H-2Na2 -> C14H23N2Na3O8"
4107,131.0111,9.04,4.46,"Artifact","Ring_artifact_C5H9N1O3",0.7,"5-Aminolevulinic acid C5H9N1O3 + Ring_artifact -> Ring_artifact_C5H9N1O3"
4108,289.1103,14.04,3.98,"Artifact","[13]C1C9H16N4O6",0.14,"Peak 1995 C10H16N4O6 + [13]C1C-1 -> [13]C1C9H16N4O6"
4109,306.0253,13.26,4.39,"Putative metabolite","C9H11N2O8P1",0.01,"UMP C9H13N2O9P1 - H2O1 -> C9H11N2O8P1"
4110,228.0846,11.8,4.46,"Artifact","C7H16O8",-0.36,"D-glucitol C6H14O6 + C1H2O2 -> C7H16O8"
4111,228.0845,11.37,4.45,"Artifact","C7H16O8",0.08,"D-glucitol C6H14O6 + C1H2O2 -> C7H16O8"
4112,285.0961,7.39,4.41,"Putative metabolite","C11H15N3O6",-0.05,"Cytidine C9H13N3O5 + C2H2O1 -> C11H15N3O6"
4113,321.9926,14.18,4.33,"Artifact","C7Cr1H14N2O7S1",0.25,"cystathionine C7H14N2O4S1 + Cr1O3 -> C7Cr1H14N2O7S1"
4114,256.067,11.3,4.32,"Artifact","C8H13N2Na1O6",0.4,"Aminoadipic acid C6H11N1O4 - C2H4 + C2H3N1 -> C6H10N2O4 + C2H3Na1O2 -> C8H13N2Na1O6"
4115,335.0164,7.57,4.36,"Artifact","C6H17N1O9S1Si2",-0.43,"Peak 303 C6H11N1O2S1 + H4O4Si1 -> C6H15N1O6S1Si1 + H2O3Si1 -> C6H17N1O9S1Si2"
4116,291.0875,7.03,4.36,"Unknown","Unknown",0.36,"Unknown"
4117,210.0487,9.98,4.36,"Artifact","C5H10N2O7",0.48,"O-acetyl-L-serine C5H9N1O4 + H1N1O3 -> C5H10N2O7"
4118,210.0488,10.31,4.36,"Putative metabolite","C5H10N2O7",0,"N-carbamoyl-L-aspartate C5H8N2O5 + O1 -> C5H8N2O6 + H2O1 -> C5H10N2O7"
4119,208.0467,14.1,4.33,"Artifact","[18]O1C7H10O6",0.95,"Methylisocitric acid C7H10O7 + [18]O1O-1 -> [18]O1C7H10O6"
4120,177.0717,7.09,4.19,"Artifact","Ring_artifact_C6H11N1O3S1",0.54,"N-Formyl-L-methionine C6H11N1O3S1 + Ring_artifact -> Ring_artifact_C6H11N1O3S1"
4121,241.0504,14.4,4.23,"Putative metabolite","C10H12N1O4P1",-0.02,"Indole-3-ethanol C10H11N1O1 + H1O3P1 -> C10H12N1O4P1"
4122,134.0345,11.3,4.34,"Artifact","[15]N1C4H7O4",0.32,"Aminoadipic acid C6H11N1O4 - C2H4 + [15]N1N-1 -> [15]N1C4H7O4"
4123,161.9877,13.18,4.25,"Artifact","Ring_artifact_C6H10O5",0.58,"2-Hydroxyhexanedioic Acid C6H10O5 + Ring_artifact -> Ring_artifact_C6H10O5"
4124,284.1187,2.43,6,"Artifact","Ring_artifact_C18H36O2",0.37,"Stearic acid C18H36O2 + Ring_artifact -> Ring_artifact_C18H36O2"
4125,225.9016,2.26,4.36,"Unknown","Unknown",0.44,"Unknown"
4126,186.1115,12.15,4.4,"Putative metabolite","C7H14N4O2",0.94,"N-Acetyl-L-arginine C8H16N4O3 - C1H2O1 -> C7H14N4O2"
4127,226.0718,8.73,4.39,"Artifact","C11H11N2Na1O2",0.1,"tryptophan C11H12N2O2 + H-1Na1 -> C11H11N2Na1O2"
4128,372.1606,2.18,4.35,"Unknown","Unknown",0.3,"Unknown"
4129,383.5651,14.29,4.33,"Unknown","Unknown",0.29,"Unknown"
4130,116.9159,11.24,4.35,"Unknown","Unknown",0.77,"Unknown"
4131,401.1376,13.03,4.47,"Artifact","C15H23N5O6S1",-1.73,"Peak 2659 C14H21N5O4S1 + C1H2O2 -> C15H23N5O6S1"
4132,206.0578,16.25,4.35,"Putative metabolite","C11H10O4",0.53,"N-(3-Phenylpropionyl)glycine C11H13N1O3 - H3N1O-1 -> C11H10O4"
4133,304.0664,9.04,3.94,"Artifact","C10H8N8O4",1.48,"Xanthine C5H4N4O2 * 2 -> C10H8N8O4"
4134,179.0803,7.13,4.37,"Putative metabolite","C7H17N1S2",-0.33,"Dihydrolipoamide C8H17N1O1S2 - C1O1 -> C7H17N1S2"
4135,259.0568,13.75,4.36,"Artifact","C7H14K1N3O5",0.97,"citrulline C6H13N3O3 + C1H1K1O2 -> C7H14K1N3O5"
4136,365.0949,9.71,4.4,"Artifact","C12H16N5Na1O7",-0.48,"guanosine C10H13N5O5 + C2H3Na1O2 -> C12H16N5Na1O7"
4137,435.9554,13.89,4.37,"Artifact","C10H16K3Na1O10",-0.37,"CH3COOK C2H3K1O2 + C2H4O2 + C2H3K1O2 -> C6H10K2O6 + C2H3K1O2 -> C8H13K3O8 + C2H3Na1O2 -> C10H16K3Na1O10"
4138,211.5733,2.23,4.29,"Unknown","Unknown",0.46,"Unknown"
4139,362.045,11.29,4.28,"Putative metabolite","C11H15N4O6P1S1",-0.02,"5'-Methylthioadenosine C11H15N5O3S1 - H1N1 -> C11H14N4O3S1 + H1O3P1 -> C11H15N4O6P1S1"
4140,441.107,14.19,4.25,"Artifact","[13]C1C13H24N4O8S2",-0.2,"Cysteine-glutathione disulphide C13H22N4O8S2 + C1H2 + [13]C1C-1 -> [13]C1C13H24N4O8S2"
4141,566.2988,16.93,4.36,"Artifact","C18H40N12Na2O6",0.21,"L-Arginine C6H14N4O2 * 3 -> C18H42N12O6 + H-2Na2 -> C18H40N12Na2O6"
4142,314.1017,4.22,5.44,"Unknown","Unknown",0.34,"Unknown"
4143,129.0274,7.01,4.19,"Artifact","[13]C1C2Cl1H9O3",-0.18,"Glycerol C3H8O3 + Cl1H1 -> C3Cl1H9O3 + [13]C1C-1 -> [13]C1C2Cl1H9O3"
4144,235.0479,3.43,4.4,"Putative metabolite","C11H9N1O5",0.73,"Hydroxyindoleacetic acid C10H9N1O3 + C1O2 -> C11H9N1O5"
4145,73.02447,4.73,3.92,"Unknown","Unknown",1.46,"Unknown"
4146,408.1639,2.1,4.29,"Putative metabolite","C18H32O6S2",0.32,"Lipoic acid C8H14O2S2 + C5H8 -> C13H22O2S2 + C6H10O5 -> C19H32O7S2 - C1O1 -> C18H32O6S2"
4147,128.0666,7.19,4.35,"Artifact","[13]C1C5H9N1O2",0.65,"Peak 1017 C6H9N1O2 + [13]C1C-1 -> [13]C1C5H9N1O2"
4148,219.0274,10.55,4.26,"Artifact","C6Cl1H11N1Na1O4",0.14,"O-Acetyl-L-homoserine C6H11N1O4 + H-1Na1 -> C6H10N1Na1O4 + Cl1H1 -> C6Cl1H11N1Na1O4"
4149,190.0862,11.29,4.31,"Artifact","[13]C2C5H12N2O4",1.14,"Peak 3989 C14H24N4O8 / 2 -> C7H12N2O4 + [13]C1C-1 -> [13]C1C6H12N2O4 + [13]C1C-1 -> [13]C2C5H12N2O4"
4150,265.1271,13.35,4.27,"Artifact","C9H19N3O6",1.08,"serine C3H7N1O3 + Peak 765 -> C9H19N3O6"
4151,219.9867,13.02,4.19,"Artifact","[13]C1C3Cr1H9N1O6",0.68,"threonine C4H9N1O3 + [13]C1C-1 -> [13]C1C3H9N1O3 + Cr1O3 -> [13]C1C3Cr1H9N1O6"
4152,627.0591,14.12,4.3,"Artifact","C16H24N5Na1O16P2",0,"Peak 499 C16H25N5O16P2 + H-1Na1 -> C16H24N5Na1O16P2"
4153,381.0897,7.89,4.34,"Artifact","C12H16N5Na1O8",-0.16,"7-methylguanosine C11H15N5O5 + C1H1Na1O3 -> C12H16N5Na1O8"
4154,238.1105,16.77,4.11,"Artifact","[13]C1C5H15N5O5",0.73,"L-Arginine C6H14N4O2 + [13]C1C-1 -> [13]C1C5H14N4O2 + H1N1O3 -> [13]C1C5H15N5O5"
4155,205.0777,11.3,4.17,"Artifact","[13]C1C6H12N2O5",1.35,"N-acetyl-glutamate C7H11N1O5 + H1N1 + [13]C1C-1 -> [13]C1C6H12N2O5"
4156,411.1198,11.31,3.91,"Putative metabolite","C15H25N1O10S1",0.28,"Homocysteine C4H9N1O2S1 + C11H17N1O8 -> C15H26N2O10S1 - H1N1 -> C15H25N1O10S1"
4157,272.994,11.29,4.26,"Artifact","C7Cr1H11N1O7",0.22,"N-Acetyl-L-glutamate 5-semialdehyde C7H11N1O4 + Cr1O3 -> C7Cr1H11N1O7"
4158,192.0538,14.19,4.35,"Artifact","Ring_artifact_C6H8O7",0.5,"citrate/isocitrate C6H8O7 + Ring_artifact -> Ring_artifact_C6H8O7"
4159,373.2213,11.24,4.32,"Artifact","C17H31N3O6",-0.04,"DL-Valine C5H11N1O2 + Peak 3114 -> C17H31N3O6"
4160,199.0244,14.12,4.32,"Metabolite","C4H10N1O6P1",0.87,"O-phosphohomoserine C4H10N1O6P1"
4161,399.1853,11.31,4.39,"Artifact","C14H29N3O10",-0.01,"Peak 1718 C12H23N1O10 + H3N1 -> C12H26N2O10 + C2H3N1 -> C14H29N3O10"
4162,155.1301,13.5,4.83,"Unknown","Unknown",0.6,"Unknown"
4163,273.1576,8.8,4.38,"Putative metabolite","C13H23N1O5",0.08,"Pimelylcarnitine C14H25N1O6 - C1H2O1 -> C13H23N1O5"
4164,273.1577,2.3,4.04,"Putative metabolite","C13H23N1O5",-0.28,"Pimelylcarnitine C14H25N1O6 - C1H2O1 -> C13H23N1O5"
4165,340.0079,2.07,4.56,"Unknown","Unknown",0.32,"Unknown"
4166,157.9477,11.28,4.54,"Unknown","Unknown",0.59,"Unknown"
4167,152.3103,7.2,4.35,"Unknown","Unknown",0.61,"Unknown"
4168,362.1248,13.02,4.19,"Putative metabolite","C12H26O10S1",-0.37,"L-arabinitol C5H12O5 + C6H10O5 -> C11H22O10 + H2S1 -> C11H24O10S1 + C1H2 -> C12H26O10S1"
4169,196.0459,11.3,4.33,"Artifact","C6H9N2Na1O4",0.52,"Aminoadipic acid C6H11N1O4 - C2H4 + C2H3N1 -> C6H10N2O4 + H-1Na1 -> C6H9N2Na1O4"
4170,137.9693,14.42,4.32,"Artifact","C2H4K1Na1O3",1.6,"KOH H1K1O1 + C2H3Na1O2"
4171,644.1238,14.15,4.29,"Putative metabolite","C20H32N6O12S3",0.36,"glutathione disulfide C20H32N6O12S2 + S1 -> C20H32N6O12S3"
4172,247.0537,12.25,4.32,"Unknown","Unknown",0.41,"Unknown"
4173,295.0089,7.09,4.28,"Unknown","Unknown",0.36,"Unknown"
4174,433.0709,3.11,4.36,"Putative metabolite","C13H23N1O11S2",0.81,"Ethyl methionate C7H15N1O2S1 + O3S1 -> C7H15N1O5S2 + C6H8O6 -> C13H23N1O11S2"
4175,175.0227,5.32,4.33,"Putative metabolite","C4H5N3O5",1.26,"Cytidine C9H13N3O5 - C5H8 -> C4H5N3O5"
4176,326.0628,14.02,4.25,"Artifact","C10H15K1N4O6",0.2,"Peak 1995 C10H16N4O6 + H-1K1 -> C10H15K1N4O6"
4177,89.02937,13.02,4.87,"Artifact","Ring_artifact_C3H7N1O2",1.21,"alanine C3H7N1O2 + Ring_artifact -> Ring_artifact_C3H7N1O2"
4178,847.5938,4.37,4.34,"Artifact","C45H86N1O11P1",0.06,"ethyl 3-hydroxybutanoate C6H12O3 + Peak 792 -> C45H86N1O11P1"
4179,427.9754,2.07,4.16,"Unknown","Unknown",0.27,"Unknown"
4180,245.1707,8.6,4.44,"Artifact","[13]C1C12H24O4",0.47,"Peak 478 C13H24O4 + [13]C1C-1 -> [13]C1C12H24O4"
4181,308.1473,16.24,3.84,"Putative metabolite","C13H24O8",-0.59,"Ethyl 2-hydroxypentanoate C7H14O3 + C6H10O5 -> C13H24O8"
4182,276.9711,7.19,4.15,"Artifact","C6Cr1H11N1O6S1",0.42,"N-Formyl-L-methionine C6H11N1O3S1 + Cr1O3 -> C6Cr1H11N1O6S1"
4183,348.0949,13.99,4.23,"Artifact","C12H17K1N6O4",-0.24,"Peak 5114 C12H18N6O4 + H-1K1 -> C12H17K1N6O4"
4184,176.0813,12.24,5.08,"Unknown","Unknown",0.54,"Unknown"
4185,394.2289,16.77,4.23,"Artifact","C13H30N8O6",-0.18,"L-Arginine C6H14N4O2 + Peak 3705 -> C13H30N8O6"
4186,261.0266,14.18,4.33,"Artifact","[13]C1C6H13K1N2O4S1",0.25,"cystathionine C7H14N2O4S1 + [13]C1C-1 -> [13]C1C6H14N2O4S1 + H-1K1 -> [13]C1C6H13K1N2O4S1"
4187,213.0749,13.04,4.32,"Putative metabolite","C8H11N3O4",0.26,"Cytidine C9H13N3O5 - C1H2O1 -> C8H11N3O4"
4188,213.0749,12.7,4.31,"Artifact","C8H11N3O4",0.26,"Peak 2653 C7H10N2O4 + C1H1N1 -> C8H11N3O4"
4189,389.1258,12.71,3.86,"Putative metabolite","C15H23N3O7S1",-0.33,"S-Formylglutathione C11H17N3O7S1 + C5H8 -> C16H25N3O7S1 - C1H2 -> C15H23N3O7S1"
4190,262.0211,14.15,4.32,"Artifact","[41]K1C7H13N2O4S1",1.25,"cystathionine C7H14N2O4S1 + H-1K1 -> C7H13K1N2O4S1 + [41]K1K-1 -> [41]K1C7H13N2O4S1"
4191,440.1463,3.08,4.34,"Putative metabolite","C16H28N2O10S1",0.38,"methionine C5H11N1O2S1 + C11H17N1O8 -> C16H28N2O10S1"
4192,440.1462,13,4.02,"Putative metabolite","C16H28N2O10S1",0.6,"methionine C5H11N1O2S1 + C11H17N1O8 -> C16H28N2O10S1"
4193,440.1462,8.76,3.7,"Putative metabolite","C16H28N2O10S1",0.6,"methionine C5H11N1O2S1 + C11H17N1O8 -> C16H28N2O10S1"
4194,358.0502,8.66,4.37,"Artifact","C11H12N4Na2O7",-0.17,"inosine C10H12N4O5 + C1H1Na1O2 -> C11H13N4Na1O7 + H-1Na1 -> C11H12N4Na2O7"
4195,316.0981,7.02,4,"Putative metabolite","C14H20O6S1",-0.13,"Phenylacetaldehyde C8H8O1 + H2S1 -> C8H10O1S1 + C6H10O5 -> C14H20O6S1"
4196,315.1843,2.09,4.17,"Unknown","Unknown",0.34,"Unknown"
4197,231.054,10.11,4.36,"Artifact","C7H14N1Na1O4S1",0.53,"methionine C5H11N1O2S1 + C2H3Na1O2 -> C7H14N1Na1O4S1"
4198,455.1934,13.01,4.33,"Unknown","Unknown",0.26,"Unknown"
4199,422.0039,13.9,4.23,"Artifact","C11Ca1H15N2O11P1",0.09,"UMP C9H13N2O9P1 + C2Ca1H2O2 -> C11Ca1H15N2O11P1"
4200,220.0208,7.67,4.46,"Artifact","C6H5N4Na1O4",0.22,"hypoxanthine C5H4N4O1 + C1H1Na1O3 -> C6H5N4Na1O4"
4201,342.1637,11.31,4.36,"Artifact","C12H26N2O9",0.38,"L-Aspartic acid C4H7N1O4 + Peak 3222 -> C12H26N2O9"
4202,524.9966,14.01,4.3,"Artifact","C10H17N5O14P2S1",0.37,"dGDP C10H15N5O10P2 + H2O4S1 -> C10H17N5O14P2S1"
4203,251.9586,9.02,4.41,"Artifact","C5Cr1H4N4O5",0.3,"Xanthine C5H4N4O2 + Cr1O3 -> C5Cr1H4N4O5"
4204,190.9712,12.96,4.2,"Unknown","Unknown",0.51,"Unknown"
4205,312.0757,9.04,4.35,"Artifact","C11H17N2Na1O5S1",-0.36,"biotin C10H16N2O3S1 + C1H1Na1O2 -> C11H17N2Na1O5S1"
4206,423.1207,13.04,4.23,"Artifact","C12H24N3Na3O9",-0.32,"threonine C4H9N1O3 + Peak 2993 -> C12H24N3Na3O9"
4207,325.075,10.54,4.39,"Artifact","C10H17N1Na2O8",-0.14,"O-Acetyl-L-homoserine C6H11N1O4 + C2H3Na1O2 -> C8H14N1Na1O6 + C2H3Na1O2 -> C10H17N1Na2O8"
4208,208.8725,7.18,4.23,"Unknown","Unknown",0.47,"Unknown"
4209,760.5088,7.07,4.16,"Artifact","[13]C1C39H74N1O10P1",-0.54,"PS(16:1(9Z)/18:1(9Z)) C40H74N1O10P1 + [13]C1C-1 -> [13]C1C39H74N1O10P1"
4210,117.2419,11.25,4.3,"Unknown","Unknown",0.77,"Unknown"
4211,344.1196,10.58,4.32,"Artifact","C12H21N2Na1O8",-0.12,"O-Acetyl-L-homoserine C6H11N1O4 + Peak 3215 -> C12H21N2Na1O8"
4212,299.0859,7.63,4.35,"Artifact","C10H21N1O5S2",0.72,"Peak 123 C5H12S2 + Peak 1125 -> C10H21N1O5S2"
4213,409.2413,16.79,4.27,"Artifact","[15]N1C14H32N7O6",0.53,"L-Arginine C6H14N4O2 + Peak 1180 -> C14H32N8O6 + [15]N1N-1 -> [15]N1C14H32N7O6"
4214,190.0411,11.26,4.23,"Artifact","C6H10N2O3S1",0.59,"N-Formyl-L-methionine C6H11N1O3S1 - C2H4 + C2H3N1 -> C6H10N2O3S1"
4215,264.0819,11.78,4.93,"Artifact","C8H17Na1O8",0.8,"D-glucitol C6H14O6 + C2H3Na1O2 -> C8H17Na1O8"
4216,264.0819,11.38,4.93,"Artifact","C8H17Na1O8",0.8,"D-glucitol C6H14O6 + C2H3Na1O2 -> C8H17Na1O8"
4217,264.0804,10.79,4.33,"Artifact","[13]C1C10H14N1Na1O5",-0.3,"tyrosine C9H11N1O3 + C2H3Na1O2 -> C11H14N1Na1O5 + [13]C1C-1 -> [13]C1C10H14N1Na1O5"
4218,178.0411,8.9,4.43,"Metabolite","C5H10N2O3S1",0.63,"L-cysteinylglycine C5H10N2O3S1"
4219,491.0007,14.16,4.12,"Metabolite","C10H16N5O12P3",0.27,"dATP C10H16N5O12P3"
4220,198.0098,3.24,4.34,"Putative metabolite","C7H6N2O3S1",0.57,"L-Aspartyl-L-phenylalanine C13H16N2O5 + O3S1 -> C13H16N2O8S1 - C6H10O5 -> C7H6N2O3S1"
4221,636.1294,14.24,4.2,"Artifact","[34]S1C20H31N6Na1O12S1",0.48,"glutathione disulfide C20H32N6O12S2 + [34]S1S-1 -> [34]S1C20H32N6O12S1 + H-1Na1 -> [34]S1C20H31N6Na1O12S1"
4222,392.1873,17.05,4.37,"Unknown","Unknown",0.29,"Unknown"
4223,274.2005,19.05,4.4,"Putative metabolite","C12H26N4O3",-0.03,"citrulline C6H13N3O3 + C5H8 -> C11H21N3O3 + C1H2O1 -> C12H23N3O4 + H3N1O-1 -> C12H26N4O3"
4224,191.0874,11.3,4.32,"Unknown","Unknown",0.51,"Unknown"
4225,366.9473,13.83,4.19,"Artifact","C4H12K1N1O12P2",-0.33,"D-phospho-L-serine C3H8N1O6P1 + H3O4P1 -> C3H11N1O10P2 + C1H1K1O2 -> C4H12K1N1O12P2"
4226,532.2522,2.07,4.31,"Putative metabolite","C25H40O12",-0.42,"Oxoglutaric acid C5H6O5 + C6H8O6 -> C11H14O11 - C2H4 -> C9H10O11 + C16H30O1 -> C25H40O12"
4227,130.0742,11.3,4.33,"Artifact","C5H10N2O2",0.21,"Aminoadipic acid C6H11N1O4 - C2H4 + C2H3N1 -> C6H10N2O4 - C1O2 -> C5H10N2O2"
4228,130.0742,11.66,4.34,"Putative metabolite","C5H10N2O2",0.21,"L-Glutamine C5H10N2O3 - O1 -> C5H10N2O2"
4229,130.0741,16.25,3.9,"Putative metabolite","C5H10N2O2",0.77,"L-Glutamine C5H10N2O3 - O1 -> C5H10N2O2"
4230,430.2263,16.77,4.26,"Artifact","C14H31N8Na1O6",0.29,"L-Arginine C6H14N4O2 + Peak 371 -> C14H31N8Na1O6"
4231,590.9835,14.25,4.27,"Unknown","Unknown",0.22,"Unknown"
4232,187.0397,13.01,4.16,"Artifact","[18]O1C3H11N1O5Si1",0.58,"alanine C3H7N1O2 + H4O4Si1 -> C3H11N1O6Si1 + [18]O1O-1 -> [18]O1C3H11N1O5Si1"
4233,351.0791,7.61,4.31,"Artifact","C11H14N5Na1O7",-0.07,"Adenosine C10H13N5O4 + C1H1Na1O3 -> C11H14N5Na1O7"
4234,382.2541,2.04,4.33,"Putative metabolite","C22H38O3S1",0.17,"Linoleic acid C18H32O2 + C2H4 -> C20H36O2 + C2H2O1 -> C22H38O3 + S1 -> C22H38O3S1"
4235,166.0759,8.81,4.74,"Artifact","[15]N1C9H11O2",0.68,"phenylalanine C9H11N1O2 + [15]N1N-1 -> [15]N1C9H11O2"
4236,284.1678,15.24,4.41,"Artifact","[13]C1C11H21N5O3",-0.02,"Peak 1470 C12H21N5O3 + [13]C1C-1 -> [13]C1C11H21N5O3"
4237,284.1678,14.73,4,"Artifact","[13]C1C11H21N5O3",-0.02,"Peak 1471 C12H21N5O3 + [13]C1C-1 -> [13]C1C11H21N5O3"
4238,300.0707,3.14,3.95,"Putative metabolite","C10H12N4O7",-0.34,"Xanthine C5H4N4O2 + C6H10O5 -> C11H14N4O7 - C1H2 -> C10H12N4O7"
4239,188.0491,8.87,4.39,"Unknown","Unknown",0.51,"Unknown"
4240,341.0937,11.21,4.28,"Unknown","Unknown",0.32,"Unknown"
4241,589.3049,7.12,4.21,"Putative metabolite","C25H52N1O10P1S1",0.09,"PS(18:0/0:0) C24H48N1O9P1 + C1H2O1 -> C25H50N1O10P1 + H2S1 -> C25H52N1O10P1S1"
4242,440.202,11.29,4.28,"Artifact","C18H28N6O7",-0.12,"Peak 4831 C17H26N6O5 + C1H2O2 -> C18H28N6O7"
4243,248.0684,16.22,4.35,"Putative metabolite","C13H12O5",0.3,"Catechin C15H14O6 - C2H2O1 -> C13H12O5"
4244,204.0827,7.25,4.24,"Artifact","[13]C1C7H13N1O5",0.13,"Peak 614 C6H9N1O3 + [13]C1C-1 -> [13]C1C5H9N1O3 + C2H4O2 -> [13]C1C7H13N1O5"
4245,174.069,16.76,4.5,"Artifact","Ring_artifact_C6H14N4O2",0.55,"L-Arginine C6H14N4O2 + Ring_artifact -> Ring_artifact_C6H14N4O2"
4246,454.2347,13.04,4.2,"Putative metabolite","C21H35N4O5P1",-0.43,"guanine C5H5N5O1 + H1O3P1 -> C5H6N5O4P1 + C16H30O1 -> C21H36N5O5P1 - H1N1 -> C21H35N4O5P1"
4247,611.6711,14.18,4.34,"Artifact","Ring_artifact_C20H32N6O12S2",0.22,"glutathione disulfide C20H32N6O12S2 + Ring_artifact -> Ring_artifact_C20H32N6O12S2"
4248,373.1558,2.08,4.33,"Putative metabolite","C17H27N1O6S1",0.29,"2-[(Methylthio)methyl]-2-butenal C6H10O1S1 + C6H8O6 -> C12H18O7S1 - H-1N-1O1 -> C12H19N1O6S1 + C5H8 -> C17H27N1O6S1"
4249,190.0421,9.9,4.32,"Artifact","[37]Cl1C5H13O5",0.53,"D-Arabitol C5H12O5 + Cl1H1 -> C5Cl1H13O5 + [37]Cl1Cl-1 -> [37]Cl1C5H13O5"
4250,190.0411,9.25,4.05,"Putative metabolite","C6H10N2O3S1",0.45,"citrulline C6H13N3O3 - H3N1 -> C6H10N2O3 + S1 -> C6H10N2O3S1"
4251,215.9791,7.68,4.17,"Artifact","C5Cl1H3N4Na2O1",-0.1,"hypoxanthine C5H4N4O1 + Cl1H1 -> C5Cl1H5N4O1 + H-2Na2 -> C5Cl1H3N4Na2O1"
4252,359.0885,13.07,4.1,"Artifact","C11H21N1O10S1",0.32,"Peak 1070 C10H19N1O9S1 - C1H2O1 -> C9H17N1O8S1 + C2H4O2 -> C11H21N1O10S1"
4253,428.1475,7.63,4.31,"Artifact","B1C15H17N10O5",0.29,"adenine C5H5N5 + B1H-1O1 -> B1C5H4N5O1 + Peak 965 -> B1C15H17N10O5"
4254,182.0539,13.01,4.19,"Artifact","C4H10N2O6",-0.08,"threonine C4H9N1O3 + H1N1O3 -> C4H10N2O6"
4255,207.0934,11.8,4.3,"Artifact","[13]C1C6H14N2O5",1.09,"Peak 1310 C7H14N2O5 + [13]C1C-1 -> [13]C1C6H14N2O5"
4256,281.111,10.03,4.25,"Putative metabolite","C10H19N1O8",0.24,"threonine C4H9N1O3 + C6H10O5 -> C10H19N1O8"
4257,281.111,14.1,4.19,"Putative metabolite","C10H19N1O8",0.24,"threonine C4H9N1O3 + C6H10O5 -> C10H19N1O8"
4258,329.1223,7.63,4.38,"Artifact","[18]O1C12H17N5O5",-0.58,"Adenosine C10H13N5O4 + C2H4O2 -> C12H17N5O6 + [18]O1O-1 -> [18]O1C12H17N5O5"
4259,653.1079,14.19,4.48,"Artifact","C20H29N3Na1O18P1",0.37,"Methylisocitric acid C7H10O7 + Peak 2715 -> C20H29N3Na1O18P1"
4260,346.0852,11.79,4.43,"Artifact","C10H20Na2O10",-0.04,"D-glucitol C6H14O6 + C2H3Na1O2 -> C8H17Na1O8 + C2H3Na1O2 -> C10H20Na2O10"
4261,189.0227,13.85,4.11,"Artifact","[41]K1C5H10N1O4",0.58,"aspartate C4H7N1O4 + C2H3K1O2 -> C6H10K1N1O6 - C1O2 -> C5H10K1N1O4 + [41]K1K-1 -> [41]K1C5H10N1O4"
4262,380.1081,7.61,4.37,"Artifact","C14H16N6O7",-0.14,"hypoxanthine C5H4N4O1 + Peak 283 -> C14H16N6O7"
4263,172.0347,8.95,4,"Unknown","Unknown",0.55,"Unknown"
4264,766.5185,4.47,4.33,"Artifact","[13]C1C38H76N1O11P1",0.59,"Peak 5534 C39H76N1O11P1 + [13]C1C-1 -> [13]C1C38H76N1O11P1"
4265,170.0555,7.09,4.23,"Artifact","C6H11Na1O4",0.02,"2-Methylbutanal C5H10O1 + C1H1Na1O3 -> C6H11Na1O4"
4266,270.9896,14.08,4.38,"Unknown","Unknown",0.38,"Unknown"
4267,376.3189,7,4.16,"Unknown","Unknown",0.3,"Unknown"
4268,196.0581,7.79,4.36,"Metabolite","C6H12O7",1.03,"Gluconic acid C6H12O7"
4269,335.0633,5,4.27,"Artifact","[37]Cl1C11H16N5O3S1",-0.04,"5'-Methylthioadenosine C11H15N5O3S1 + Cl1H1 -> C11Cl1H16N5O3S1 + [37]Cl1Cl-1 -> [37]Cl1C11H16N5O3S1"
4270,168.0033,12.86,4.38,"Artifact","C5H5Na1O5",1,"Oxoglutaric acid C5H6O5 + H-1Na1 -> C5H5Na1O5"
4271,307.0547,16.24,4.2,"Artifact","[29]Si1C5H18N2O9Si1",-0.16,"ornithine C5H12N2O2 + H4O4Si1 -> C5H16N2O6Si1 + H2O3Si1 -> C5H18N2O9Si2 + [29]Si1Si-1 -> [29]Si1C5H18N2O9Si1"
4272,201.9807,13.03,4.11,"Unknown","Unknown",0.48,"Unknown"
4273,229.0351,14.06,4.29,"Metabolite","C5H12N1O7P1",0.17,"5-Phosphoribosylamine C5H12N1O7P1"
4274,218.1096,12.32,4.31,"Artifact","[13]C1C7H15N3O4",0.05,"Peak 168 C8H15N3O4 + [13]C1C-1 -> [13]C1C7H15N3O4"
4275,130.9366,9.85,4.37,"Unknown","Unknown",0.7,"Unknown"
4276,273.0525,12.24,4.31,"Artifact","C9Ca1H15N1O6",0.1,"Diaminopimelic Acid C7H14N2O4 - H1N1 + C2Ca1H2O2 -> C9Ca1H15N1O6"
4277,273.0525,11.97,4.31,"Putative metabolite","C8H19N1O3S3",0.75,"N-Formyl-L-methionine C6H11N1O3S1 + H2S1 -> C6H13N1O3S2 + H2S1 -> C6H15N1O3S3 + C2H4 -> C8H19N1O3S3"
4278,612.631,14.19,4.22,"Artifact","Ring_artifact_[13]C1C19H32N6O12S2",0.22,"glutathione disulfide C20H32N6O12S2 + [13]C1C-1 -> [13]C1C19H32N6O12S2 + Ring_artifact -> Ring_artifact_[13]C1C19H32N6O12S2"
4279,465.0062,14.31,4.11,"Artifact","C10H14N5Na1O11P2",0.16,"GDP C10H15N5O11P2 + H-1Na1 -> C10H14N5Na1O11P2"
4280,707.4739,4.59,4.26,"Putative metabolite","C36H70N1O10P1",-0.23,"PS(16:0/16:0) C38H74N1O10P1 - C2H4 -> C36H70N1O10P1"
4281,199.034,7.67,4.14,"Artifact","C5H5N5O4",0.77,"hypoxanthine C5H4N4O1 + H1N1O3 -> C5H5N5O4"
4282,396.0271,8.62,4.29,"Artifact","C11H11N4Na3O8",-0.26,"inosine C10H12N4O5 + C1H1Na1O3 -> C11H13N4Na1O8 + H-2Na2 -> C11H11N4Na3O8"
4283,432.2081,14.91,4.37,"Unknown","Unknown",0.27,"Unknown"
4284,307.1092,7.84,4.38,"Artifact","[13]C1C10H18N2O8",1.53,"Peak 868 C9H14N2O6 + C2H4O2 -> C11H18N2O8 + [13]C1C-1 -> [13]C1C10H18N2O8"
4285,272.1848,9.06,4.32,"Putative metabolite","C12H24N4O3",0.15,"citrulline C6H13N3O3 + C1O1 -> C7H13N3O4 + C5H8 -> C12H21N3O4 + H3N1O-1 -> C12H24N4O3"
4286,434.1802,11.74,4.36,"Unknown","Unknown",0.27,"Unknown"
4287,275.987,2.08,4.1,"Unknown","Unknown",0.38,"Unknown"
4288,324.0797,7.07,4.04,"Artifact","C11H22Na2O4S1Si1",1.99,"Peak 2857 C8H16O1S1 + H-2Na2 -> C8H14Na2O1S1 + C3H8O3Si1 -> C11H22Na2O4S1Si1"
4289,295.1456,2.3,4.37,"Unknown","Unknown",0.36,"Unknown"
4290,359.2057,11.3,4.35,"Unknown","Unknown",0.31,"Unknown"
4291,255.059,12.2,4.34,"Putative metabolite","C7H13N1O9",0.12,"O-Acetyl-L-homoserine C6H11N1O4 + C6H10O5 -> C12H21N1O9 - C5H8 -> C7H13N1O9"
4292,137.0404,11.4,4.38,"Artifact","[13]C1C3H8O5",0.94,"L-Threonic acid C4H8O5 + [13]C1C-1 -> [13]C1C3H8O5"
4293,356.1659,2.22,4.21,"Unknown","Unknown",0.31,"Unknown"
4294,645.8513,11.54,4.22,"Unknown","Unknown",0.21,"Unknown"
4295,146.0127,13.38,6,"Artifact","Ring_artifact_C5H10N2O3",0.64,"glutamine C5H10N2O3 + Ring_artifact -> Ring_artifact_C5H10N2O3"
4296,148.0622,7.18,4.38,"Artifact","Ring_artifact_C6H12O4",0.63,"(R)-2,3-Dihydroxy-3-methylvalerate C6H12O4 + Ring_artifact -> Ring_artifact_C6H12O4"
4297,348.4287,16.78,4.29,"Artifact","Ring_artifact_C12H28N8O4",0.32,"L-Arginine C6H14N4O2 * 2 -> C12H28N8O4 + Ring_artifact -> Ring_artifact_C12H28N8O4"
4298,150.0778,7.12,4.46,"Artifact","[18]O1C6H12O3",0.03,"(R)-2,3-Dihydroxy-3-methylvalerate C6H12O4 + [18]O1O-1 -> [18]O1C6H12O3"
4299,329.1811,16.79,4.2,"Putative metabolite","C12H23N7O4",0.1,"7-Methylguanine C6H7N5O1 + C6H10O5 -> C12H17N5O6 + H3N1O-1 -> C12H20N6O5 + H3N1O-1 -> C12H23N7O4"
4300,225.0665,14.17,4.25,"Artifact","[13]C1[34]S1C6H14N2O4",0.35,"cystathionine C7H14N2O4S1 + [13]C1C-1 -> [13]C1C6H14N2O4S1 + [34]S1S-1 -> [13]C1[34]S1C6H14N2O4"
4301,332.1697,11.26,4.33,"Artifact","C13H24N4O6",-0.35,"Peak 3989 C14H24N4O8 - C1O2 -> C13H24N4O6"
4302,452.2084,16.91,4.39,"Artifact","C14H30N8Na2O6",-0.07,"L-Arginine C6H14N4O2 + C2H3Na1O2 -> C8H17N4Na1O4 + Peak 762 -> C14H30N8Na2O6"
4303,297.063,13.66,4.17,"Putative metabolite","C8H15N3O7S1",0.24,"citrulline C6H13N3O3 + C2H2O1 -> C8H15N3O4 + O3S1 -> C8H15N3O7S1"
4304,215.9574,13.31,4.27,"Artifact","Ring_artifact_C8H16N4O3",0.46,"N-Acetyl-L-arginine C8H16N4O3 + Ring_artifact -> Ring_artifact_C8H16N4O3"
4305,157.0761,13.67,4.14,"Unknown","Unknown",0.6,"Unknown"
4306,163.0731,10.76,4.35,"Artifact","[18]O1C6H11N1O3",-0.28,"O-Acetyl-L-homoserine C6H11N1O4 + [18]O1O-1 -> [18]O1C6H11N1O3"
4307,181.0235,7.99,4.27,"Putative metabolite","C5H3N5O3",0.49,"Adenosine C10H13N5O4 - H2O1 -> C10H11N5O3 - C5H8 -> C5H3N5O3"
4308,465.9885,13.99,4.38,"Artifact","[13]C1C9H14K1N5O10P2",0.32,"dGDP C10H15N5O10P2 + H-1K1 -> C10H14K1N5O10P2 + [13]C1C-1 -> [13]C1C9H14K1N5O10P2"
4309,306.0545,8.68,4.29,"Unknown","Unknown",0.35,"Unknown"
4310,215.0405,11.29,4.28,"Artifact","C6H10N1Na1O6",0.38,"Aminoadipic acid C6H11N1O4 - C2H4 + C2H3Na1O2 -> C6H10N1Na1O6"
4311,130.1106,11.3,4.31,"Metabolite","C6H14N2O1",0.1,"N-Acetylputrescine C6H14N2O1"
4312,228.0553,2.08,4.25,"Unknown","Unknown",0.44,"Unknown"
4313,128.9962,11.13,4.7,"Artifact","Ring_artifact_C5H7N1O3",0.71,"Pyroglutamic acid C5H7N1O3 + Ring_artifact -> Ring_artifact_C5H7N1O3"
4314,128.9964,10.83,4.7,"Unknown","Unknown",0.71,"Unknown"
4315,128.9964,10.34,4.2,"Artifact","Ring_artifact_C5H7N1O3",0.71,"Pyroglutamic acid C5H7N1O3 + Ring_artifact -> Ring_artifact_C5H7N1O3"
4316,138.0528,7.17,5.39,"Putative metabolite","C4H10O5",0.17,"L-arabinitol C5H12O5 - C1H2 -> C4H10O5"
4317,438.2651,2.05,4.28,"Unknown","Unknown",0.27,"Unknown"
4318,146.997,9.98,4.36,"Artifact","Ring_artifact_C5H9N1O4",0.63,"O-acetyl-L-serine C5H9N1O4 + Ring_artifact -> Ring_artifact_C5H9N1O4"
4319,228.944,12.88,4.3,"Unknown","Unknown",0.44,"Unknown"
4320,355.1899,2.12,4.19,"Unknown","Unknown",0.31,"Unknown"
4321,303.0078,11.17,4.33,"Artifact","C9H10N3O5P1S1",0.26,"Peak 4324 C10H12N3O6P1S1 - C1H2O1 -> C9H10N3O5P1S1"
4322,303.0079,10.83,4.33,"Putative metabolite","C7H13N1O8S2",1.18,"cystathionine C7H14N2O4S1 + H-1N-1O1 -> C7H13N1O5S1 + O3S1 -> C7H13N1O8S2"
4323,289.0787,7.6,4.32,"Artifact","C10H12N5Na1O4",-0.07,"Adenosine C10H13N5O4 + H-1Na1 -> C10H12N5Na1O4"
4324,333.0185,11.33,4.3,"Artifact","C9H9N3Na2O8",0.01,"Peak 418 C8H11N3O3 + N1Na1O3 -> C8H11N4Na1O6 + C1H1Na1O2 -> C9H12N4Na2O8 - H3N1 -> C9H9N3Na2O8"
4325,91.04553,7.16,4.22,"Artifact","C3H9N1S1",0.44,"Homocysteine C4H9N1O2S1 - C1O2 -> C3H9N1S1"
4326,214.101,9.85,4.32,"Artifact","[13]C1C7H16N1Na1O4",0.27,"isoleucine C6H13N1O2 + [13]C1C-1 -> [13]C1C5H13N1O2 + C2H3Na1O2 -> [13]C1C7H16N1Na1O4"
4327,214.101,9.32,4.19,"Artifact","[13]C1C7H16N1Na1O4",0.27,"leucine C6H13N1O2 + [13]C1C-1 -> [13]C1C5H13N1O2 + C2H3Na1O2 -> [13]C1C7H16N1Na1O4"
4328,158.0258,13.87,5.04,"Artifact","Ring_artifact_C4H7K1O4",0.59,"CH3COOK C2H3K1O2 + C2H4O2 + Ring_artifact -> Ring_artifact_C4H7K1O4"
4329,288.1545,14.16,4.68,"Artifact","C10H20N6O4",0.36,"Peak 2677 C9H19N5O4 + C1H1N1 -> C10H20N6O4"
4330,288.1546,14.6,4.63,"Putative metabolite","C18H24O1S1",0.65,"Retinoic Acid C20H28O2 + S1 -> C20H28O2S1 - H2 -> C20H26O2S1 - C2H2O1 -> C18H24O1S1"
4331,165.1316,7.74,4.38,"Artifact","Ring_artifact_C6H7N5O1",0.57,"7-Methylguanine C6H7N5O1 + Ring_artifact -> Ring_artifact_C6H7N5O1"
4332,339.0632,10.8,4.31,"Artifact","C13Ca1H17N1O7",-0.32,"tyrosine C9H11N1O3 + C2Ca1H2O2 -> C11Ca1H13N1O5 + C2H4O2 -> C13Ca1H17N1O7"
4333,545.3201,16.83,4.06,"Putative metabolite","C27H47N1O10",-0.19,"palmitoleic acid C16H30O2 + C11H17N1O8 -> C27H47N1O10"
4334,198.0696,12.25,4.28,"Artifact","[13]C1C6H12N1Na1O4",0.79,"Diaminopimelic Acid C7H14N2O4 - H1N1 + [13]C1C-1 -> [13]C1C6H13N1O4 + H-1Na1 -> [13]C1C6H12N1Na1O4"
4335,198.0696,11.95,4.28,"Unknown","Unknown",0.49,"Unknown"
4336,342.1991,16.93,4.16,"Artifact","C12H27N6Na1O4",0.14,"lysine C6H14N2O2 + Peak 762 -> C12H27N6Na1O4"
4337,136.0372,8.67,5.3,"Metabolite","C4H8O5",-0.2,"L-Threonic acid C4H8O5"
4338,342.1889,4.72,4.26,"Unknown","Unknown",0.32,"Unknown"
4339,181.1506,10.77,4.42,"Artifact","Ring_artifact_C9H11N1O3",0.53,"tyrosine C9H11N1O3 + Ring_artifact -> Ring_artifact_C9H11N1O3"
4340,311.0359,8.85,4.32,"Artifact","C10H19K2N1O3S1",0.25,"Peak 4050 C9H19N1O1S1 + C1H1K1O2 -> C10H20K1N1O3S1 + H-1K1 -> C10H19K2N1O3S1"
4341,228.0858,13.01,4.34,"Putative metabolite","C8H12N4O4",0.24,"2-(3-Carboxy-3-aminopropyl)-L-histidine C10H16N4O4 - C2H4 -> C8H12N4O4"
4342,248.1564,14.07,4.28,"Artifact","[13]C1C9H21N3O4",0.65,"Peak 1382 C10H21N3O4 + [13]C1C-1 -> [13]C1C9H21N3O4"
4343,248.1565,14.33,4.28,"Artifact","[13]C1C9H21N3O4",0.25,"Peak 1383 C10H21N3O4 + [13]C1C-1 -> [13]C1C9H21N3O4"
4344,372.0658,8.63,4.32,"Artifact","C12H14N4Na2O7",-0.03,"inosine C10H12N4O5 + H-1Na1 -> C10H11N4Na1O5 + C2H3Na1O2 -> C12H14N4Na2O7"
4345,759.097,13.96,4.15,"Artifact","C21H31N7O18P2Si1",0.01,"NAD C21H27N7O14P2 + H4O4Si1 -> C21H31N7O18P2Si1"
4346,115.1928,11.97,4.24,"Unknown","Unknown",0.78,"Unknown"
4347,182.079,8.46,4.88,"Metabolite","C6H14O6",0.21,"D-glucitol C6H14O6"
4348,182.079,8.03,4.86,"Metabolite","C6H14O6",0.21,"D-glucitol C6H14O6"
4349,763.5366,4.47,4.35,"Putative metabolite","C40H78N1O10P1",-0.35,"PS(18:0/0:0) C24H48N1O9P1 + C16H30O1 -> C40H78N1O10P1"
4350,180.9833,14.39,4.27,"Artifact","[13]C1C3H6K1Na1O4",0.77,"CH3COOK C2H3K1O2 + C2H3Na1O2 + [13]C1C-1 -> [13]C1C3H6K1Na1O4"
4351,172.1225,4.09,5.47,"Unknown","Unknown",0.55,"Unknown"
4352,353.1489,7.6,4.35,"Unknown","Unknown",0.31,"Unknown"
4353,558.3117,16.82,4.13,"Artifact","C18Cl1H43N12O6",0.01,"L-Arginine C6H14N4O2 + Peak 3951 -> C18Cl1H43N12O6"
4354,210.056,11.28,4.3,"Putative metabolite","C7H14O5S1",0.92,"2-Isopropylmalic acid C7H12O5 + H2S1 -> C7H14O5S1"
4355,261.0282,7.23,3.85,"Artifact","C7H12N1Na1O6S1",0.39,"N-Formyl-L-methionine C6H11N1O3S1 + C1H1Na1O3 -> C7H12N1Na1O6S1"
4356,426.1115,7.04,4.12,"Unknown","Unknown",0.27,"Unknown"
4357,404.1167,14.82,4.38,"Artifact","C13H24O14",-0.23,"Trehalose C12H22O11 + C1H2O3 -> C13H24O14"
4358,178.0727,11.99,4.33,"Artifact","[18]O1C7H12O4",0.11,"2-Isopropylmalic acid C7H12O5 + [18]O1O-1 -> [18]O1C7H12O4"
4359,360.1133,16.82,4.13,"Putative metabolite","C10H24N4O6S2",1.18,"glutathione C10H17N3O6S1 + H2S1 -> C10H19N3O6S2 + H3N1O-1 -> C10H22N4O5S2 + H2O1 -> C10H24N4O6S2"
4360,245.0554,7.06,4.14,"Unknown","Unknown",0.41,"Unknown"
4361,175.0616,13.65,4.7,"Artifact","Ring_artifact_C6H13N3O3",0.54,"citrulline C6H13N3O3 + Ring_artifact -> Ring_artifact_C6H13N3O3"
4362,131.1054,9.02,4.44,"Artifact","Ring_artifact_C5H9N1O3",0.7,"5-Aminolevulinic acid C5H9N1O3 + Ring_artifact -> Ring_artifact_C5H9N1O3"
4363,350.0449,11.29,4.26,"Artifact","C9H12N4Na2O8",0.44,"Peak 418 C8H11N3O3 + N1Na1O3 -> C8H11N4Na1O6 + C1H1Na1O2 -> C9H12N4Na2O8"
4364,174.1746,16.77,4.24,"Artifact","Ring_artifact_C6H14N4O2",0.55,"L-Arginine C6H14N4O2 + Ring_artifact -> Ring_artifact_C6H14N4O2"
4365,129.0603,6.85,4.2,"Unknown","Unknown",0.71,"Unknown"
4366,320.2173,16.91,4.22,"Artifact","C12H28N6O4",-0.3,"L-Arginine C6H14N4O2 + Peak 234 -> C12H28N6O4"
4367,301.2195,7.89,4.36,"Unknown","Unknown",0.35,"Unknown"
4368,766.5192,3.07,4.19,"Artifact","[13]C1C38H76N1O11P1",-0.32,"PS(16:0/16:1(9Z)) C38H72N1O10P1 + C1H4O1 -> C39H76N1O11P1 + [13]C1C-1 -> [13]C1C38H76N1O11P1"
4369,158.9898,11.32,4.39,"Artifact","Ring_artifact_C6H9N1O4",0.59,"Peak 160 C6H9N1O4 + Ring_artifact -> Ring_artifact_C6H9N1O4"
4370,380.3655,2.34,4.3,"Artifact","Ring_artifact_C18H40O6Si1",0.3,"Stearic acid C18H36O2 + H4O4Si1 -> C18H40O6Si1 + Ring_artifact -> Ring_artifact_C18H40O6Si1"
4371,97.87524,14.22,4.4,"Unknown","Unknown",1.11,"Unknown"
4372,321.1244,1.28,4.12,"Putative metabolite","C13H23N1O6S1",0.65,"N-Acetyl-L-leucine C8H15N1O3 + C5H8 -> C13H23N1O3 + O3S1 -> C13H23N1O6S1"
4373,171.0581,6.51,4.29,"Unknown","Unknown",0.55,"Unknown"
4374,219.1299,8.9,4.32,"Artifact","[13]C1C8H18N2O4",0.51,"Peak 1068 C9H18N2O4 + [13]C1C-1 -> [13]C1C8H18N2O4"
4375,219.1299,9.26,4.32,"Artifact","[13]C1C8H18N2O4",0.51,"Peak 1069 C9H18N2O4 + [13]C1C-1 -> [13]C1C8H18N2O4"
4376,137.1207,4.1,4.11,"Unknown","Unknown",0.67,"Unknown"
4377,500.1806,2.35,4.35,"Artifact","[13]C2C22H34O7S2",1.41,"Peak 73 C12H18O1S2 + Peak 540 -> C24H34O7S2 + [13]C1C-1 -> [13]C1C23H34O7S2 + [13]C1C-1 -> [13]C2C22H34O7S2"
4378,277.6202,2.15,4.2,"Unknown","Unknown",0.37,"Unknown"
4379,383.2981,6.93,4.2,"Unknown","Unknown",0.29,"Unknown"
4380,174.9696,7.22,4.11,"Unknown","Unknown",0.54,"Unknown"
4381,226.1034,1.38,4.21,"Unknown","Unknown",0.44,"Unknown"
4382,121.9084,2.26,4.3,"Unknown","Unknown",0.74,"Unknown"
4383,90.0049,8.88,4.81,"Unknown","Unknown",1.2,"Unknown"
4384,158.0228,13.87,4.53,"Artifact","Ring_artifact_C4H7K1O4",0.59,"CH3COOK C2H3K1O2 + C2H4O2 + Ring_artifact -> Ring_artifact_C4H7K1O4"
4385,217.1394,11.23,4.3,"Artifact","Ring_artifact_C8H15N3O4",0.46,"Peak 167 C8H15N3O4 + Ring_artifact -> Ring_artifact_C8H15N3O4"
4386,216.0243,9.31,4.5,"Unknown","Unknown",0.46,"Unknown"
4387,285.148,2.12,4.29,"Unknown","Unknown",0.37,"Unknown"
4388,386.2224,2.29,4.21,"Putative metabolite","C20H35O5P1",-0.49,"3-Hexenyl butanoate C10H18O2 + C5H8 -> C15H26O2 + C5H8 -> C20H34O2 + H1O3P1 -> C20H35O5P1"
4389,135.9328,14.18,4.27,"Artifact","H2K1O4P1",-0.17,"KH2PO4 H2K1O4P1"
4390,339.9768,13.81,4.22,"Putative metabolite","C6H12O12S2",0.64,"myo-inositol C6H12O6 + O3S1 -> C6H12O9S1 + O3S1 -> C6H12O12S2"
4391,683.1894,14.19,4.19,"Artifact","C23H37N7O13S2",-0.47,"Cytidine C9H13N3O5 + Peak 1683 -> C23H37N7O13S2"
4392,239.9884,14.25,4.27,"Unknown","Unknown",0.42,"Unknown"
4393,239.9885,16.53,3.91,"Unknown","Unknown",0.42,"Unknown"
4394,273.1213,7.12,4.12,"Putative metabolite","C12H19N1O6",-0.23,"N-Formyl-L-methionine C6H11N1O3S1 + C6H8O6 -> C12H19N1O9S1 - O3S1 -> C12H19N1O6"
4395,299.1217,13.02,4.24,"Putative metabolite","C10H21N1O9",-0.23,"threonine C4H9N1O3 + C6H10O5 -> C10H19N1O8 + H2O1 -> C10H21N1O9"
4396,355.0757,13.72,4.18,"Artifact","C10H19K1N3Na1O7",0.22,"citrulline C6H13N3O3 + C2H3K1O2 -> C8H16K1N3O5 + C2H3Na1O2 -> C10H19K1N3Na1O7"
4397,284.0418,14.44,4.29,"Putative metabolite","C8H17N2O3P1S2",0.07,"lipoamide C8H15N1O1S2 - H-1N-1O1 -> C8H16N2S2 + H1O3P1 -> C8H17N2O3P1S2"
4398,251.9936,9.93,4.31,"Artifact","C5Cr1H12O8",0.5,"D-Arabitol C5H12O5 + Cr1O3 -> C5Cr1H12O8"
4399,117.07,11.98,4.18,"Unknown","Unknown",0.77,"Unknown"
4400,116.0443,4.24,5.75,"Artifact","Ring_artifact_C6H12O2",0.78,"isobutyl acetate C6H12O2 + Ring_artifact -> Ring_artifact_C6H12O2"
4401,245.0333,7.56,4.31,"Artifact","C7H12N1Na1O5S1",0.36,"Peak 303 C6H11N1O2S1 + C1H1Na1O3 -> C7H12N1Na1O5S1"
4402,245.0342,7.01,4.14,"Artifact","B1C7H8N1O8",0.39,"No edge connections."
4403,213.0942,13.18,4.25,"Artifact","[13]C1C7H12N4O3",0.45,"Anserine C10H16N4O3 - C2H4 + [13]C1C-1 -> [13]C1C7H12N4O3"
4404,276.0715,11.18,4.25,"Artifact","[13]C1C8Ca1H17N1O6",0.12,"DL-Valine C5H11N1O2 + C2H4O2 -> C7H15N1O4 + C2Ca1H2O2 -> C9Ca1H17N1O6 + [13]C1C-1 -> [13]C1C8Ca1H17N1O6"
4405,371.2025,16.81,4.08,"Artifact","[15]N1C12H27N7Na1O4",-0.46,"L-Arginine C6H14N4O2 + Peak 762 -> C12H27N8Na1O4 + [15]N1N-1 -> [15]N1C12H27N7Na1O4"
4406,133.9725,13.54,5.26,"Artifact","Ring_artifact_C4H6O5",0.68,"malate C4H6O5 + Ring_artifact -> Ring_artifact_C4H6O5"
4407,378.3175,4.96,4.11,"Artifact","[13]C1C19H43N1O5",-0.06,"Phytosphingosine C18H39N1O3 + C2H4O2 -> C20H43N1O5 + [13]C1C-1 -> [13]C1C19H43N1O5"
4408,616.1444,14.19,4.09,"Artifact","[34]S2C20H32N6O12",-1.37,"glutathione disulfide C20H32N6O12S2 + [34]S1S-1 -> [34]S1C20H32N6O12S1 + [34]S1S-1 -> [34]S2C20H32N6O12"
4409,318.0992,12.21,4.23,"Unknown","Unknown",0.34,"Unknown"
4410,318.0992,11.55,3.99,"Unknown","Unknown",0.34,"Unknown"
4411,238.0801,12.24,4.37,"Artifact","C7H14N2O7",0,"Diaminopimelic Acid C7H14N2O4 - H1N1 + H1N1O3 -> C7H14N2O7"
4412,238.0801,11.25,4.15,"Artifact","C7H14N2O7",0,"Diaminopimelic Acid C7H14N2O4 - H1N1 + H1N1O3 -> C7H14N2O7"
4413,274.164,11.27,4.29,"Putative metabolite","C11H22N4O4",0.38,"N-Acetyl-L-arginine C8H16N4O3 + C1H2O1 -> C9H18N4O4 + C2H4 -> C11H22N4O4"
4414,116.8883,13.02,4.27,"Unknown","Unknown",0.77,"Unknown"
4415,269.05,7.75,4.3,"Artifact","C8H9N5Na2O3",0.29,"7-Methylguanine C6H7N5O1 + C2H3Na1O2 -> C8H10N5Na1O3 + H-1Na1 -> C8H9N5Na2O3"
4416,316.041,7.65,4.18,"Artifact","C10H6N8Na2O2",-0.28,"hypoxanthine C5H4N4O1 + Peak 1615 -> C10H7N8Na1O2 + H-1Na1 -> C10H6N8Na2O2"
4417,265.4812,14.21,4.12,"Unknown","Unknown",0.39,"Unknown"
4418,355.1856,11.24,4.16,"Artifact","C15H25N5O5",-0.09,"DL-Valine C5H11N1O2 + Peak 3786 -> C15H25N5O5"
4419,216.0358,9.04,4.3,"Artifact","C5H9N2Na1O6",0.14,"5-Aminolevulinic acid C5H9N1O3 + N1Na1O3 -> C5H9N2Na1O6"
4420,320.0872,13.27,4.25,"Artifact","[13]C1C10H17N3O6S1",-0.12,"Peak 1418 C11H17N3O6S1 + [13]C1C-1 -> [13]C1C10H17N3O6S1"
4421,267.1547,2.05,4.19,"Unknown","Unknown",0.39,"Unknown"
4422,98.9811,14.24,4.26,"Unknown","Unknown",1.1,"Unknown"
4423,244.1229,2.19,4.24,"Unknown","Unknown",0.41,"Unknown"
4424,151.9543,14.01,4.21,"Artifact","H5K1O5Si1",0.21,"KOH H1K1O1 + H4O4Si1"
4425,362.2206,4.07,4.01,"Putative metabolite","C20H30N2O4",-0.12,"Porphobilinogen C10H14N2O4 + C5H8 -> C15H22N2O4 + C5H8 -> C20H30N2O4"
4426,174.0152,9.02,4.38,"Artifact","C5H3N4Na1O2",0.98,"Xanthine C5H4N4O2 + H-1Na1 -> C5H3N4Na1O2"
4427,604.3377,16.8,4.02,"Artifact","C20H45N12Na1O8",0.66,"L-Arginine C6H14N4O2 + Peak 4230 -> C20H45N12Na1O8"
4428,134.0093,7.74,4.42,"Artifact","Ring_artifact_C5H10O4",0.68,"(R)-2,3-Dihydroxy-isovalerate C5H10O4 + Ring_artifact -> Ring_artifact_C5H10O4"
4429,524.341,16.79,4.08,"Artifact","[13]C2C16H42N12O6",1.41,"L-Arginine C6H14N4O2 * 3 -> C18H42N12O6 + [13]C1C-1 -> [13]C1C17H42N12O6 + [13]C1C-1 -> [13]C2C16H42N12O6"
4430,271.0991,16.83,4.09,"Artifact","[29]Si1C6H18N4O6",0.11,"L-Arginine C6H14N4O2 + H4O4Si1 -> C6H18N4O6Si1 + [29]Si1Si-1 -> [29]Si1C6H18N4O6"
4431,248.0895,11.57,4.1,"Putative metabolite","C10H16O7",0.41,"diethyl tartrate C8H14O6 + C2H2O1 -> C10H16O7"
4432,248.0895,11.3,4.1,"Putative metabolite","C10H16O7",0.41,"diethyl tartrate C8H14O6 + C2H2O1 -> C10H16O7"
4433,536.1612,8.68,4.26,"Artifact","C20H24N8O10",0.63,"inosine C10H12N4O5 * 2 -> C20H24N8O10"
4434,193.0408,8.72,3.84,"Artifact","C6H11N1O4S1",0.41,"Peak 1051 C5H9N1O2S1 + C1H2O2 -> C6H11N1O4S1"
4435,187.0012,11.15,4.13,"Artifact","C5Cl1H7N1Na1O3",0.08,"Pyroglutamic acid C5H7N1O3 + H-1Na1 -> C5H6N1Na1O3 + Cl1H1 -> C5Cl1H7N1Na1O3"
4436,353.0779,3.09,4.25,"Artifact","C12H19N1O9S1",0.43,"Peak 3478 C12H21N1O10S1 - H2O1 -> C12H19N1O9S1"
4437,353.078,10.55,3.93,"Putative metabolite","C12H19N1O9S1",0.15,"N-Formyl-L-methionine C6H11N1O3S1 + C6H8O6 -> C12H19N1O9S1"
4438,151.9742,9.04,4.36,"Artifact","Ring_artifact_C5H4N4O2",0.61,"Xanthine C5H4N4O2 + Ring_artifact -> Ring_artifact_C5H4N4O2"
4439,821.5696,3.09,4.14,"Unknown","Unknown",0.18,"Unknown"
4440,485.1437,14.83,4.32,"Artifact","[13]C1C15H29Na1O15",0.14,"Trehalose C12H22O11 + C2H4O2 -> C14H26O13 + [13]C1C-1 -> [13]C1C13H26O13 + C2H3Na1O2 -> [13]C1C15H29Na1O15"
4441,193.0375,9.62,4.06,"Putative metabolite","C9H7N1O4",0.04,"Indole-2-carboxylic acid C9H7N1O2 + O1 -> C9H7N1O3 + O1 -> C9H7N1O4"
4442,193.0375,8.87,3.99,"Putative metabolite","C9H7N1O4",0.04,"Indole-2-carboxylic acid C9H7N1O2 + O1 -> C9H7N1O3 + O1 -> C9H7N1O4"
4443,424.1046,13,4.08,"Artifact","C12H23N2Na3O10",-0.05,"alanine C3H7N1O2 + C2H3Na1O2 -> C5H10N1Na1O4 + Peak 3282 -> C12H23N2Na3O10"
4444,472.6855,12.73,4.24,"Unknown","Unknown",0.26,"Unknown"
4445,504.0855,14.4,4.1,"Artifact","C14H26Na1O16P1",0.23,"trehalose-6-Phosphate C12H23O14P1 + C2H3Na1O2 -> C14H26Na1O16P1"
4446,568.2293,2.08,4.07,"Unknown","Unknown",0.23,"Unknown"
4447,164.9982,7.74,4.39,"Artifact","Ring_artifact_C6H7N5O1",0.57,"7-Methylguanine C6H7N5O1 + Ring_artifact -> Ring_artifact_C6H7N5O1"
4448,351.0649,14.27,4.18,"Artifact","[13]C1C10H19K1O10",-0.05,"Peak 881 C11H20O10 + H-1K1 -> C11H19K1O10 + [13]C1C-1 -> [13]C1C10H19K1O10"
4449,465.105,14.01,4.26,"Putative metabolite","C18H20N5O8P1",-0.11,"Phenyl acetate C8H8O2 + C10H12N5O6P1 -> C18H20N5O8P1"
4450,346.0378,7.59,4.22,"Unknown","Unknown",0.32,"Unknown"
4451,543.0766,13.19,4.23,"Putative metabolite","C15H23N5O13P2",0.29,"Cyclic-ADP-ribose C15H21N5O13P2 + H2 -> C15H23N5O13P2"
4452,119.0173,13.02,5.45,"Artifact","Ring_artifact_C4H9N1O3",0.76,"threonine C4H9N1O3 + Ring_artifact -> Ring_artifact_C4H9N1O3"
4453,247.0731,9.83,4.2,"Unknown","Unknown",0.41,"Unknown"
4454,146.0498,16.93,4.24,"Artifact","Ring_artifact_C6H14N2O2",0.64,"lysine C6H14N2O2 + Ring_artifact -> Ring_artifact_C6H14N2O2"
4455,191.9885,14.19,4.29,"Artifact","Ring_artifact_C6H8O7",0.5,"citrate/isocitrate C6H8O7 + Ring_artifact -> Ring_artifact_C6H8O7"
4456,298.9953,6.93,4.27,"Unknown","Unknown",0.35,"Unknown"
4457,352.1134,14.23,4.19,"Artifact","[13]C1C11H21N3O7S1",-0.07,"Peak 1891 C12H21N3O7S1 + [13]C1C-1 -> [13]C1C11H21N3O7S1"
4458,338.0752,16.8,4.08,"Putative metabolite","C14H14N2O8",-0.55,"Nicotinamide riboside C11H14N2O5 + C2H2O1 -> C13H16N2O6 - H2 -> C13H14N2O6 + C1O2 -> C14H14N2O8"
4459,306.1791,5.28,3.91,"Putative metabolite","C13H26N2O6",-0.04,"Pimelylcarnitine C14H25N1O6 + H3N1 -> C14H28N2O6 - C1H2 -> C13H26N2O6"
4460,318.2963,5,4.29,"Artifact","[13]C1C17H39N1O3",0.15,"Phytosphingosine C18H39N1O3 + [13]C1C-1 -> [13]C1C17H39N1O3"
4461,548.2472,2.11,4.12,"Unknown","Unknown",0.23,"Unknown"
4462,179.0138,13.03,4.17,"Artifact","[37]Cl1C4H9N1Na1O3",0.64,"threonine C4H9N1O3 + H-1Na1 -> C4H8N1Na1O3 + Cl1H1 -> C4Cl1H9N1Na1O3 + [37]Cl1Cl-1 -> [37]Cl1C4H9N1Na1O3"
4463,294.1316,8.13,4.3,"Putative metabolite","C12H22O8",-0.45,"ethyl 3-hydroxybutanoate C6H12O3 + C6H10O5 -> C12H22O8"
4464,321.098,7.08,4.01,"Unknown","Unknown",0.34,"Unknown"
4465,259.153,9.68,4.31,"Putative metabolite","C11H21N3O4",0.8,"citrulline C6H13N3O3 + C5H8 -> C11H21N3O3 + O1 -> C11H21N3O4"
4466,345.9655,14.43,4.14,"Artifact","C7H10K1Na3O9",-0.01,"CH3COOK C2H3K1O2 + C2H3Na1O2 + C2H3Na1O2 -> C6H9K1Na2O6 + C1H1Na1O3 -> C7H10K1Na3O9"
4467,172.988,2.21,4.23,"Unknown","Unknown",0.55,"Unknown"
4468,354.1639,11.93,4.19,"Putative metabolite","C13H26N2O9",-0.2,"N-Acetylornithine C7H14N2O3 + H2O1 -> C7H16N2O4 + C6H10O5 -> C13H26N2O9"
4469,425.1356,13,3.92,"Artifact","C15H27N1O11Si1",-0.62,"Peak 2422 C11H17N1O5 + C1H2O3 -> C12H19N1O8 + C3H8O3Si1 -> C15H27N1O11Si1"
4470,302.0075,13.9,4.1,"Artifact","C6H15K1O9S1",-0.38,"Peak 3740 C6H14O8S1 + H1K1O1 -> C6H15K1O9S1"
4471,185.9619,14.19,4.14,"Unknown","Unknown",0.52,"Unknown"
4472,354.2365,7.84,4.33,"Unknown","Unknown",0.31,"Unknown"
4473,176.9537,14.22,4.27,"Artifact","[29]Si1H5O7P1",0.47,"H2SiO3 H2O3Si1 + H3O4P1 + [29]Si1Si-1 -> [29]Si1H5O7P1"
4474,276.176,2.16,4.22,"Putative metabolite","C14H28O3S1",-0.31,"palmitoleic acid C16H30O2 + O1 -> C16H30O3 - C2H4 -> C14H26O3 + H2S1 -> C14H28O3S1"
4475,308.0686,9.61,4.21,"Artifact","[13]C1C8H13N3O9",-0.21,"Uridine C9H12N2O6 + [13]C1C-1 -> [13]C1C8H12N2O6 + H1N1O3 -> [13]C1C8H13N3O9"
4476,147.1025,16.92,4.31,"Artifact","[15]N1C6H14N1O2",0.43,"lysine C6H14N2O2 + [15]N1N-1 -> [15]N1C6H14N1O2"
4477,256.0556,9.27,4.26,"Artifact","C7H8N6O5",0.07,"Isoxanthopterin C6H5N5O2 + C1H2 + H1N1O3 -> C7H8N6O5"
4478,261.088,11.18,4.07,"Putative metabolite","C9H16N3O4P1",-0.6,"4-amino-2-methyl-5-phosphomethylpyrimidine C6H10N3O4P1 + C1H2 -> C7H12N3O4P1 + C2H4 -> C9H16N3O4P1"
4479,288.1056,11.3,4.14,"Artifact","C9H20O10",0.16,"D-glucitol C6H14O6 + Peak 377 -> C9H20O10"
4480,133.0891,4.05,4.12,"Artifact","C9H11N1",0.37,"Peak 3162 C10H11N1O2 - C1O2 -> C9H11N1"
4481,221.1092,11.29,4.29,"Artifact","[13]C1C7H16N2O5",0.35,"N-Acetylornithine C7H14N2O3 + C1H2O2 -> C8H16N2O5 + [13]C1C-1 -> [13]C1C7H16N2O5"
4482,158.0821,16.8,4.19,"Artifact","[15]N1C6H11N2O2",0.39,"L-Arginine C6H14N4O2 + [15]N1N-1 -> [15]N1C6H14N3O2 - H3N1 -> [15]N1C6H11N2O2"
4483,313.9804,2.04,4.17,"Putative metabolite","C4H12O12P2",0,"6-Phosphogluconic acid C6H13O10P1 - C2H2O1 -> C4H11O9P1 + H1O3P1 -> C4H12O12P2"
4484,285.9758,7.15,4.18,"Unknown","Unknown",0.37,"Unknown"
4485,122.0559,4.22,4.9,"Artifact","Ring_artifact_C7H6O2",0.74,"Benzoic acid C7H6O2 + Ring_artifact -> Ring_artifact_C7H6O2"
4486,253.0809,12.33,3.7,"Putative metabolite","C9H11N5O4",0.73,"guanosine C10H13N5O5 - C1H2O1 -> C9H11N5O4"
4487,246.0963,13.22,4.29,"Artifact","Ring_artifact_C5Cr1H10N2O6",0.41,"glutamine C5H10N2O3 + Cr1O3 -> C5Cr1H10N2O6 + Ring_artifact -> Ring_artifact_C5Cr1H10N2O6"
4488,98.95537,7.27,4.24,"Unknown","Unknown",1.1,"Unknown"
4489,245.0525,14.4,4.18,"Unknown","Unknown",0.41,"Unknown"
4490,287.9764,7.04,4.17,"Artifact","C10H8O6S2",-0.59,"3-Furoic acid C5H4O3 + S1 * 2 -> C10H8O6S2"
4491,363.0461,14.36,4.29,"Artifact","C9H20K1N1Na1O8P1",0.08,"Phosphorylcholine C5H14N1O4P1 + C2H3K1O2 -> C7H17K1N1O6P1 + C2H3Na1O2 -> C9H20K1N1Na1O8P1"
4492,441.3688,2.31,4.22,"Artifact","[13]C1C29H48O2",-0.03,"Peak 2799 C30H48O2 + [13]C1C-1 -> [13]C1C29H48O2"
4493,554.2135,2.1,4.2,"Unknown","Unknown",0.23,"Unknown"
4494,495.1353,14.57,4.25,"Putative metabolite","C15H30N1O15P1",0.01,"Glycerophosphocholine C8H20N1O6P1 + C1O2 -> C9H20N1O8P1 + H2O1 -> C9H22N1O9P1 + C6H8O6 -> C15H30N1O15P1"
4495,286.064,7.07,4.22,"Putative metabolite","C9H19O6P1S1",-0.02,"S-Methyl 3-phospho-1-thio-D-glycerate C4H9O6P1S1 + H2 -> C4H11O6P1S1 + C5H8 -> C9H19O6P1S1"
4496,309.0202,10.78,4.21,"Putative metabolite","C6H17N1O7P2S1",-0.34,"Phosphorylcholine C5H14N1O4P1 + C1H2 -> C6H16N1O4P1 + H1O3P1 -> C6H17N1O7P2 + S1 -> C6H17N1O7P2S1"
4497,149.9598,2.01,4.15,"Artifact","C1H3Na1O5S1",0.59,"Formaldehyde C1H2O1 + H1Na1O4S1"
4498,339.0443,8.83,4.13,"Artifact","C9H17N1O9Si2",-0.34,"phenylalanine C9H11N1O2 + H4O4Si1 -> C9H15N1O6Si1 + H2O3Si1 -> C9H17N1O9Si2"
4499,274.0699,13.74,4.1,"Artifact","[15]N1C8H16K1N2O5",-0.59,"citrulline C6H13N3O3 + C2H3K1O2 -> C8H16K1N3O5 + [15]N1N-1 -> [15]N1C8H16K1N2O5"
4500,819.5972,4.43,4,"Unknown","Unknown",0.18,"Unknown"
4501,672.4731,4.38,3.94,"Metabolite","C37H69O8P1",-0.14,"PA(16:1(9Z)/18:1(9Z)) C37H69O8P1"
4502,379.159,11.28,4.23,"Artifact","C14H25N3O9",0.21,"Peak 1493 C12H21N3O7 + C2H4O2 -> C14H25N3O9"
4503,653.1784,14.14,4.19,"Artifact","C22H35N7O12S2",0.17,"glutathione disulfide C20H32N6O12S2 + C2H3N1 -> C22H35N7O12S2"
4504,236.0796,9.53,4.2,"Metabolite","C11H12N2O4",0.45,"N'-Formylkynurenine C11H12N2O4"
4505,236.0797,7.85,3.99,"Metabolite","C11H12N2O4",0.03,"N'-Formylkynurenine C11H12N2O4"
4506,389.1913,14.11,4.25,"Unknown","Unknown",0.29,"Unknown"
4507,232.1364,14.5,4.32,"Artifact","[13]C1C7H17N5O3",0.41,"Peak 1207 C8H17N5O3 + [13]C1C-1 -> [13]C1C7H17N5O3"
4508,269.1568,9.82,4.22,"Artifact","[13]C1C11H20N4O3",0.35,"Peak 1912 C12H20N4O3 + [13]C1C-1 -> [13]C1C11H20N4O3"
4509,273.1688,7.49,4.19,"Putative metabolite","C12H23N3O4",0.21,"citrulline C6H13N3O3 + C5H8 -> C11H21N3O3 + C1H2O1 -> C12H23N3O4"
4510,165.3022,8.84,4.19,"Unknown","Unknown",0.57,"Unknown"
4511,327.9598,14.19,4.11,"Artifact","C6H10K1O11P1",-0.06,"citrate/isocitrate C6H8O7 + H2K1O4P1 -> C6H10K1O11P1"
4512,449.0114,14.06,4.28,"Artifact","C10H14N5Na1O10P2",-0.09,"dGDP C10H15N5O10P2 + H-1Na1 -> C10H14N5Na1O10P2"
4513,449.0115,14.45,4.24,"Unknown","Unknown",0.26,"Unknown"
4514,89.06795,13.01,4.71,"Artifact","Ring_artifact_C3H7N1O2",1.21,"alanine C3H7N1O2 + Ring_artifact -> Ring_artifact_C3H7N1O2"
4515,598.3448,2.24,4.29,"Unknown","Unknown",0.22,"Unknown"
4516,199.9251,14.32,3.9,"Artifact","C2H3K1Na1O5P1",0.93,"KH2PO4 H2K1O4P1 + C2H3Na1O2 - H2O1 -> C2H3K1Na1O5P1"
4517,379.2488,7.62,4.16,"Putative metabolite","C18H38N1O5P1",-0.11,"Phytosphingosine 1-phosphate C18H40N1O6P1 - H2O1 -> C18H38N1O5P1"
4518,183.0804,10.75,4.3,"Artifact","[13]C2C7H11N1O3",1.11,"tyrosine C9H11N1O3 + [13]C1C-1 -> [13]C1C8H11N1O3 + [13]C1C-1 -> [13]C2C7H11N1O3"
4519,292.1312,16.14,3.9,"Putative metabolite","C16H20O5",-0.43,"Ubiquinone Q1 C14H18O4 + C2H2O1 -> C16H20O5"
4520,285.13,14.72,4.16,"Artifact","C10H20N3Na1O5",0.23,"Peak 677 C8H17N3O3 + C2H3Na1O2 -> C10H20N3Na1O5"
4521,345.124,14.82,4.05,"Artifact","[13]C1[18]O1C11H22O10",-0.54,"Trehalose C12H22O11 + [13]C1C-1 -> [13]C1C11H22O11 + [18]O1O-1 -> [13]C1[18]O1C11H22O10"
4522,131.9998,2.09,4.05,"Unknown","Unknown",0.69,"Unknown"
4523,253.8686,14,4.04,"Artifact","Ring_artifact_C3H5K3O6",0.4,"KHCO3 C1H1K1O3 + C2H3K1O2 + H1K1O1 -> C3H5K3O6 + Ring_artifact -> Ring_artifact_C3H5K3O6"
4524,337.0513,14.2,4.04,"Putative metabolite","C9H15N5O5S2",0.42,"7-methylguanosine C11H15N5O5 + H2S1 -> C11H17N5O5S1 - C2H4 -> C9H13N5O5S1 + H2S1 -> C9H15N5O5S2"
4525,272.1047,2.28,4.21,"Putative metabolite","C16H16O4",0.58,"Methional C15H14O3 + C1H2O1 -> C16H16O4"
4526,322.0043,14.39,4.24,"Artifact","C8H13K1Na2O8",-0.04,"CH3COOK C2H3K1O2 + C2H3Na1O2 + C2H4O2 -> C6H10K1Na1O6 + C2H3Na1O2 -> C8H13K1Na2O8"
4527,535.9915,2.13,4.24,"Unknown","Unknown",0.24,"Unknown"
4528,359.1247,13.03,4.48,"Artifact","C14H22N3O6P1",-0.22,"Peak 3070 C13H20N3O3P1 + C1H2O3 -> C14H22N3O6P1"
4529,211.0925,3.71,3.83,"Artifact","[13]C1C10H14O4",0.3,"3-4-5-Trimethoxycinnamic acid C12H14O5 - C1O1 + [13]C1C-1 -> [13]C1C10H14O4"
4530,288.1991,12.13,4.3,"Unknown","Unknown",0.36,"Unknown"
4531,191.0841,7.18,4.17,"Artifact","[10]B1C6H13O6",0.26,"L-arabinitol C5H12O5 + C1H4O1 -> C6H16O6 + B1H-3 -> B1C6H13O6 - [10]B-1B1 -> [10]B1C6H13O6"
4532,366.1638,12.85,4.27,"Putative metabolite","C14H26N2O9",0.08,"Acetyllysine C8H16N2O3 + O1 -> C8H16N2O4 + C6H10O5 -> C14H26N2O9"
4533,280.0647,11.3,4.05,"Artifact","C8H14N2Na2O6",0.09,"Diaminopimelic Acid C7H14N2O4 - C1H2 + H-1Na1 -> C6H11N2Na1O4 + C2H3Na1O2 -> C8H14N2Na2O6"
4534,406.0067,14.1,4.2,"Artifact","[18]O1C9H14N2O11P2",-0.63,"UDP C9H14N2O12P2 + [18]O1O-1 -> [18]O1C9H14N2O11P2"
4535,485.9729,14.37,4.13,"Artifact","[18]O1C9H15N2O14P3",-0.26,"UTP C9H15N2O15P3 + [18]O1O-1 -> [18]O1C9H15N2O14P3"
4536,174.0373,16.76,5.72,"Artifact","Ring_artifact_C6H14N4O2",0.55,"L-Arginine C6H14N4O2 + Ring_artifact -> Ring_artifact_C6H14N4O2"
4537,312.0008,2.09,4.89,"Putative metabolite","C5H14O11P2",1.07,"L-arabinitol C5H12O5 + H1O3P1 -> C5H13O8P1 + H1O3P1 -> C5H14O11P2"
4538,279.0539,14.36,4.2,"Artifact","C5H18N1O8P1Si1",0.11,"Phosphorylcholine C5H14N1O4P1 + H4O4Si1 -> C5H18N1O8P1Si1"
4539,191.0252,16.19,3.8,"Putative metabolite","C6H9N1O4S1",0.15,"Pyroglutamic acid C5H7N1O3 + C1H2O1 -> C6H9N1O4 + S1 -> C6H9N1O4S1"
4540,235.0885,9.43,4.17,"Artifact","[13]C1C7H14N2O6",0.17,"Peak 1606 C8H14N2O6 + [13]C1C-1 -> [13]C1C7H14N2O6"
4541,329.0658,9.07,4.19,"Artifact","C10H16N3Na1O6S1",-0.15,"biotin C10H16N2O3S1 + N1Na1O3 -> C10H16N3Na1O6S1"
4542,261.1323,11.31,3.9,"Artifact","C10H19N3O5",0.65,"N-Acetylornithine C7H14N2O3 + C1H2O2 -> C8H16N2O5 + C2H3N1 -> C10H19N3O5"
4543,278.9852,6.5,4.2,"Unknown","Unknown",0.37,"Unknown"
4544,286.0471,8.8,4.28,"Artifact","C7H14N2O8S1",-0.05,"N-acetyl-glutamate C7H11N1O5 + H2S1 + H1N1O3 -> C7H14N2O8S1"
4545,217.2071,11.31,4.27,"Artifact","Ring_artifact_C8H15N3O4",0.46,"Peak 167 C8H15N3O4 + Ring_artifact -> Ring_artifact_C8H15N3O4"
4546,386.1765,2.12,4.21,"Unknown","Unknown",0.29,"Unknown"
4547,710.4563,4.59,4.11,"Unknown","Unknown",0.2,"Unknown"
4548,146.0911,13.38,4.6,"Artifact","Ring_artifact_C5H10N2O3",0.64,"glutamine C5H10N2O3 + Ring_artifact -> Ring_artifact_C5H10N2O3"
4549,304.1284,12.29,4.29,"Putative metabolite","C13H16N6O3",-0.04,"5'-Methylthioadenosine C11H15N5O3S1 - H2S1 -> C11H13N5O3 + C2H2O1 -> C13H15N5O4 - H-1N-1O1 -> C13H16N6O3"
4550,373.1473,11.81,4.23,"Artifact","[13]C1B1C11H25O12",-0.1,"D-glucitol C6H14O6 * 2 -> C12H28O12 + B1H-3 -> B1C12H25O12 + [13]C1C-1 -> [13]C1B1C11H25O12"
4551,294.1065,9.47,4.16,"Artifact","C10H18N2O8",-0.63,"Peak 1606 C8H14N2O6 + C2H4O2 -> C10H18N2O8"
4552,268.2198,8.66,4.35,"Artifact","Ring_artifact_C10H12N4O5",0.38,"inosine C10H12N4O5 + Ring_artifact -> Ring_artifact_C10H12N4O5"
4553,200.0408,11.97,4.25,"Artifact","C5H9N2Na1O5",0.58,"L-Asparagine C4H8N2O3 + C1H1Na1O2 -> C5H9N2Na1O5"
4554,270.0773,11.94,4.24,"Putative metabolite","C9H18O7S1",0.09,"Ethyl 3-hydroxy hexanoate C8H16O3 + O3S1 -> C8H16O6S1 + C1H2O1 -> C9H18O7S1"
4555,558.1437,8.67,4.27,"Artifact","C20H23N8Na1O10",-0.39,"inosine C10H12N4O5 + Peak 2943 -> C20H23N8Na1O10"
4556,359.1067,14.98,4.21,"Artifact","[34]S1C13H19N5O5",-0.6,"5'-Methylthioadenosine C11H15N5O3S1 + C2H4O2 -> C13H19N5O5S1 + [34]S1S-1 -> [34]S1C13H19N5O5"
4557,176.1419,11.96,4.05,"Artifact","Ring_artifact_C7H12O5",0.54,"2-Isopropylmalic acid C7H12O5 + Ring_artifact -> Ring_artifact_C7H12O5"
4558,337.0716,8.68,4.24,"Artifact","[13]C1C10H13N4Na1O7",-0.15,"inosine C10H12N4O5 + [13]C1C-1 -> [13]C1C9H12N4O5 + C1H1Na1O2 -> [13]C1C10H13N4Na1O7"
4559,218.5811,2.18,4.18,"Unknown","Unknown",0.45,"Unknown"
4560,273.0339,7.2,4.17,"Artifact","C6H15N1O7S1Si1",-0.19,"N-Formyl-L-methionine C6H11N1O3S1 + H4O4Si1 -> C6H15N1O7S1Si1"
4561,218.1095,11.3,5.56,"Artifact","[13]C1C7H15N3O4",0.51,"Peak 167 C8H15N3O4 + [13]C1C-1 -> [13]C1C7H15N3O4"
4562,316.211,13.36,4.14,"Artifact","Ring_artifact_C10H17N2Na1O8",0.34,"glutamate C5H9N1O4 + Peak 313 -> C10H17N2Na1O8 + Ring_artifact -> Ring_artifact_C10H17N2Na1O8"
4563,299.0294,10.67,4.08,"Artifact","C6H16N1Na1O7P2",1.9,"Peak 5318 C6H17N1O7P2 + H-1Na1 -> C6H16N1Na1O7P2"
4564,299.0294,11.17,3.93,"Unknown","Unknown",0.35,"Unknown"
4565,275.0407,14.01,4.13,"Artifact","C6H14N1O9P1",-0.3,"5-Phosphoribosylamine C5H12N1O7P1 + C1H2O2 -> C6H14N1O9P1"
4566,306.0737,7.62,4.17,"Artifact","[13]C1[37]Cl1C9H14N5O4",0.38,"Adenosine C10H13N5O4 + Cl1H1 -> C10Cl1H14N5O4 + [37]Cl1Cl-1 -> [37]Cl1C10H14N5O4 + [13]C1C-1 -> [13]C1[37]Cl1C9H14N5O4"
4567,297.148,2.13,4.21,"Unknown","Unknown",0.36,"Unknown"
4568,152.0923,9.02,4.35,"Artifact","Ring_artifact_C5H4N4O2",0.61,"Xanthine C5H4N4O2 + Ring_artifact -> Ring_artifact_C5H4N4O2"
4569,466.9893,14.32,3.86,"Metabolite","C9H16N3O13P3",0.64,"dCTP C9H16N3O13P3"
4570,289.1162,2.2,4.21,"Putative metabolite","C12H19N1O7",-0.17,"Methylisocitric acid C7H10O7 + C5H8 -> C12H18O7 + H1N1 -> C12H19N1O7"
4571,372.0076,16.22,4.13,"Artifact","C9H16K2N2Na2O6",0.51,"ornithine C5H12N2O2 + C2H3Na1O2 -> C7H15N2Na1O4 + C2H3Na1O2 -> C9H18N2Na2O6 + H-2K2 -> C9H16K2N2Na2O6"
4572,217.085,11.34,3.98,"Artifact","Ring_artifact_C8H15N3O4",0.46,"Peak 167 C8H15N3O4 + Ring_artifact -> Ring_artifact_C8H15N3O4"
4573,148.0637,7.12,4.31,"Artifact","Ring_artifact_C6H12O4",0.63,"(R)-2,3-Dihydroxy-3-methylvalerate C6H12O4 + Ring_artifact -> Ring_artifact_C6H12O4"
4574,328.2475,7.38,4.16,"Unknown","Unknown",0.33,"Unknown"
4575,173.0144,11.3,4.17,"Artifact","Ring_artifact_C7H11N1O4",0.55,"N-Acetyl-L-glutamate 5-semialdehyde C7H11N1O4 + Ring_artifact -> Ring_artifact_C7H11N1O4"
4576,211.0456,10.35,4.52,"Artifact","C7H10N1Na1O5",0.32,"Pyroglutamic acid C5H7N1O3 + C2H3Na1O2 -> C7H10N1Na1O5"
4577,211.0456,11.14,5.06,"Artifact","C7H10N1Na1O5",0.32,"Pyroglutamic acid C5H7N1O3 + C2H3Na1O2 -> C7H10N1Na1O5"
4578,592.2738,2.08,3.98,"Unknown","Unknown",0.22,"Unknown"
4579,286.2781,2.43,6.64,"Artifact","[13]C2C16H36O2",0.49,"Stearic acid C18H36O2 + [13]C1C-1 -> [13]C1C17H36O2 + [13]C1C-1 -> [13]C2C16H36O2"
4580,293.0488,11.15,4.27,"Artifact","C9H13N1Na2O7",-0.2,"Pyroglutamic acid C5H7N1O3 + C2H3Na1O2 -> C7H10N1Na1O5 + C2H3Na1O2 -> C9H13N1Na2O7"
4581,293.0488,10.85,4.27,"Unknown","Unknown",0.36,"Unknown"
4582,241.9544,14.43,4.14,"Artifact","C4H6K1Na3O5",0.58,"CH3COOK C2H3K1O2 + C2H3Na1O2 + H-1Na1 -> C4H5K1Na2O4 + H1Na1O1 -> C4H6K1Na3O5"
4583,376.0736,17.21,4.1,"Unknown","Unknown",0.3,"Unknown"
4584,322.0621,14.13,4.13,"Artifact","C10H16N3O6S1.5",-0.26,"glutathione disulfide C20H32N6O12S2 + S1 / 2 -> C10H16N3O6S1.5"
4585,177.0909,12.25,4.26,"Artifact","[13]C2C5H13N1O4",1.51,"Diaminopimelic Acid C7H14N2O4 - H1N1 + [13]C1C-1 -> [13]C1C6H13N1O4 + [13]C1C-1 -> [13]C2C5H13N1O4"
4586,372.1564,12.99,3.88,"Artifact","C13H28N2O8S1",0.64,"Peak 1829 C11H21N1O6S1 + C2H4O2 -> C13H25N1O8S1 + H3N1 -> C13H28N2O8S1"
4587,268.1032,11.16,4.06,"Artifact","C10H17N2Na1O5",1.18,"DL-Valine C5H11N1O2 + Peak 3911 -> C10H17N2Na1O5"
4588,155.0194,11.29,4.28,"Artifact","C4H6N1Na1O4",0.34,"Aminoadipic acid C6H11N1O4 - C2H4 + H-1Na1 -> C4H6N1Na1O4"
4589,225.0208,7.75,3.98,"Putative metabolite","C8H7N3O3S1",0.05,"deoxyinosine C10H12N4O4 + S1 -> C10H12N4O4S1 - C2H2O1 -> C8H10N4O3S1 - H3N1 -> C8H7N3O3S1"
4590,294.1137,7.08,4,"Putative metabolite","C12H22O6S1",0.03,"Diisopropyl sulfide C6H14S1 + C6H8O6 -> C12H22O6S1"
4591,331.0895,7.63,4.22,"Artifact","[15]N1C10H14N5O7",-0.26,"Adenosine C10H13N5O4 + H1N1O3 -> C10H14N6O7 + [15]N1N-1 -> [15]N1C10H14N5O7"
4592,331.244,8,4.22,"Artifact","[13]C1C17H34O5",-0.06,"Peak 1090 C18H34O5 + [13]C1C-1 -> [13]C1C17H34O5"
4593,348.1532,7.77,4.2,"Putative metabolite","C14H24N2O8",0.19,"N-Acetyl-L-leucine C8H15N1O3 - H-1N-1O1 -> C8H16N2O2 + C6H8O6 -> C14H24N2O8"
4594,322.0842,5.27,4.18,"Artifact","[13]C1C9H15N3O9",-0.05,"Ribothymidine C10H14N2O6 + H1N1O3 -> C10H15N3O9 + [13]C1C-1 -> [13]C1C9H15N3O9"
4595,302.4907,14.66,3.93,"Unknown","Unknown",0.35,"Unknown"
4596,244.999,12.24,4.18,"Artifact","C6Cr1H11N1O6",0.59,"Diaminopimelic Acid C7H14N2O4 - H1N1 + Cr1O3 -> C7Cr1H13N1O7 - C1H2O1 -> C6Cr1H11N1O6"
4597,349.0363,10.55,4.19,"Artifact","C9H14N1Na3O9",-0.39,"O-Acetyl-L-homoserine C6H11N1O4 + C1H1Na1O3 -> C7H12N1Na1O7 + H-2Na2 -> C7H10N1Na3O7 + C2H4O2 -> C9H14N1Na3O9"
4598,413.2274,11.27,4.08,"Unknown","Unknown",0.28,"Unknown"
4599,362.1178,16.92,4.12,"Artifact","C9H26N2O9Si2",-0.32,"lysine C6H14N2O2 + H4O4Si1 -> C6H18N2O6Si1 + C3H8O3Si1 -> C9H26N2O9Si2"
4600,164.8553,8.81,4.18,"Unknown","Unknown",0.57,"Unknown"
4601,436.1593,7.95,4.26,"Putative metabolite","C19H24N4O8",0.26,"tryptophan C11H12N2O2 - H-1N-1O1 -> C11H13N3O1 - C1H2O1 -> C10H11N3 - C2H4 -> C8H7N3 + C11H17N1O8 -> C19H24N4O8"
4602,258.1943,8.12,4.24,"Putative metabolite","C13H26N2O3",0.17,"N-Acetyl-L-leucine C8H15N1O3 + C5H8 -> C13H23N1O3 + H3N1 -> C13H26N2O3"
4603,278.0466,16.23,4.18,"Putative metabolite","C11H18O2S3",1.05,"Lipoic acid C8H14O2S2 + C5H8 -> C13H22O2S2 - C2H4 -> C11H18O2S2 + S1 -> C11H18O2S3"
4604,179.0615,11.99,4.28,"Putative metabolite","C6H13N1O3S1",0.64,"N-Formyl-L-methionine C6H11N1O3S1 + H2 -> C6H13N1O3S1"
4605,179.0874,7.17,4.14,"Artifact","[13]C1C6H14O5",0.44,"(S)-2-Aceto-2-hydroxybutanoic acid C6H10O4 + C1H4O1 -> C7H14O5 + [13]C1C-1 -> [13]C1C6H14O5"
4606,106.0396,13.49,4.08,"Artifact","[15]N1C3H7O3",0.26,"serine C3H7N1O3 + [15]N1N-1 -> [15]N1C3H7O3"
4607,191.1157,9.82,4.22,"Artifact","C8H17N1O4",0.3,"isoleucine C6H13N1O2 + C2H4O2 -> C8H17N1O4"
4608,191.1157,9.3,4.12,"Artifact","C8H17N1O4",0.3,"leucine C6H13N1O2 + C2H4O2 -> C8H17N1O4"
4609,204.5654,2.26,4.12,"Unknown","Unknown",0.48,"Unknown"
4610,570.2088,2.09,4.03,"Unknown","Unknown",0.23,"Unknown"
4611,303.955,14.44,4.23,"Artifact","C5H8K1Na3O8",-0.22,"CH3COOK C2H3K1O2 + C2H3Na1O2 + C1H1Na1O3 -> C5H7K1Na2O7 + H1Na1O1 -> C5H8K1Na3O8"
4612,209.0357,9.27,4.2,"Putative metabolite","C6H11N1O5S1",0.45,"DL-Pipecolic acid C6H11N1O2 + O3S1 -> C6H11N1O5S1"
4613,308.9643,2.96,4.08,"Unknown","Unknown",0.35,"Unknown"
4614,283.0078,11.79,4.22,"Artifact","[13]C1C5Cr1H14O9",-0.55,"D-glucitol C6H14O6 + [13]C1C-1 -> [13]C1C5H14O6 + Cr1O3 -> [13]C1C5Cr1H14O9"
4615,147.9802,13.38,5.19,"Artifact","Ring_artifact_[13]C1C4H9N1O4",0.63,"glutamate C5H9N1O4 + [13]C1C-1 -> [13]C1C4H9N1O4 + Ring_artifact -> Ring_artifact_[13]C1C4H9N1O4"
4616,255.1035,12.18,4.17,"Artifact","[13]C1C8H18O8",0.09,"Peak 1731 C9H18O8 + [13]C1C-1 -> [13]C1C8H18O8"
4617,112.1516,5.29,4.07,"Unknown","Unknown",0.8,"Unknown"
4618,196.9572,14.15,4.04,"Artifact","[13]C1C1H6K1O6P1",0.31,"KH2PO4 H2K1O4P1 + C2H4O2 + [13]C1C-1 -> [13]C1C1H6K1O6P1"
4619,290.1419,14.81,3.98,"Artifact","[13]C1C9H19N5O5",0.25,"Peak 1729 C10H19N5O5 + [13]C1C-1 -> [13]C1C9H19N5O5"
4620,282.0019,13.82,4.27,"Artifact","C7H12K2N2O5",0.48,"Ala-Ala C6H12N2O3 + C1H1K1O2 -> C7H13K1N2O5 + H-1K1 -> C7H12K2N2O5"
4621,299.0854,4.95,4.14,"Artifact","[34]S1C11H15N5O3",-0.15,"5'-Methylthioadenosine C11H15N5O3S1 + [34]S1S-1 -> [34]S1C11H15N5O3"
4622,421.0986,14.9,4.27,"Artifact","C14H24K1N1O11",0.1,"Trehalose C12H22O11 + H-1K1 -> C12H21K1O11 + C2H3N1 -> C14H24K1N1O11"
4623,348.0731,9.1,4.16,"Artifact","C12H18N2Na2O5S1",0.23,"biotin C10H16N2O3S1 + H-1Na1 -> C10H15N2Na1O3S1 + C2H3Na1O2 -> C12H18N2Na2O5S1"
4624,134.0585,8.93,5.72,"Unknown","Unknown",0.68,"Unknown"
4625,215.0769,9.81,4.26,"Artifact","C7H14N1Na1O5",0.31,"isoleucine C6H13N1O2 + C1H1Na1O3 -> C7H14N1Na1O5"
4626,215.0769,9.3,4.25,"Artifact","C7H14N1Na1O5",0.31,"leucine C6H13N1O2 + C1H1Na1O3 -> C7H14N1Na1O5"
4627,116.9677,13.02,4.23,"Unknown","Unknown",0.77,"Unknown"
4628,221.0453,7.11,3.9,"Artifact","C7H12N1O5P1",0.04,"Peak 5177 C6H11O5P1 + C1H1N1 -> C7H12N1O5P1"
4629,261.0528,7.73,4.24,"Artifact","C6H11N5O5Si1",0.56,"7-Methylguanine C6H7N5O1 + H4O4Si1 -> C6H11N5O5Si1"
4630,112.0637,11.3,4.37,"Artifact","C5H8N2O1",-0.33,"Peak 2154 C4H7N1O1 + C1H1N1 -> C5H8N2O1"
4631,112.0636,11.66,4.37,"Artifact","C5H8N2O1",0.56,"Aminolevulinic acid C5H9N1O3 - H-1N-1O1 - H2O1 -> C5H8N2O1"
4632,353.1322,11.25,4.04,"Putative metabolite","C13H23N1O10",-0.01,"O-Acetyl-L-homoserine C6H11N1O4 + C6H10O5 -> C12H21N1O9 + C1H2O1 -> C13H23N1O10"
4633,174.142,16.78,4.49,"Artifact","Ring_artifact_C6H14N4O2",0.55,"L-Arginine C6H14N4O2 + Ring_artifact -> Ring_artifact_C6H14N4O2"
4634,217.8375,7.17,3.97,"Unknown","Unknown",0.45,"Unknown"
4635,171.0296,14.17,4.1,"Putative metabolite","C3H10N1O5P1",0.34,"sn-glycerol-3-phosphate C3H9O6P1 - H-1N-1O1 -> C3H10N1O5P1"
4636,317.1739,5.31,4.06,"Putative metabolite","C17H23N3O3",0.13,"Porphobilinogen C10H14N2O4 + C5H8 -> C15H22N2O4 - H-1N-1O1 -> C15H23N3O3 + C2H2O1 -> C17H25N3O4 - H2O1 -> C17H23N3O3"
4637,317.1335,11.26,4.15,"Artifact","C11H19N5O6",0.11,"Peak 1026 C11H18N4O3 + H1N1O3 -> C11H19N5O6"
4638,267.0566,11.78,3.97,"Artifact","C6H14N1Na1O9",0.1,"D-glucitol C6H14O6 + N1Na1O3 -> C6H14N1Na1O9"
4639,294.0732,8.12,4.14,"Artifact","C9Cl1H15N4O5",-0.35,"Peak 3959 C9H14N4O5 + Cl1H1 -> C9Cl1H15N4O5"
4640,257.0749,11.97,4.23,"Putative metabolite","C7H15N1O9",-0.85,"Gluconic acid C6H12O7 + C1O2 -> C7H12O9 + H3N1 -> C7H15N1O9"
4641,310.1166,12.46,4.16,"Putative metabolite","C14H18N2O6",-0.37,"L-Aspartyl-L-phenylalanine C13H16N2O5 + C1H2O1 -> C14H18N2O6"
4642,207.9508,2.1,3.98,"Unknown","Unknown",0.47,"Unknown"
4643,257.1205,11.88,4.13,"Artifact","[13]C1C9H16N4O4",0.04,"2-(3-Carboxy-3-aminopropyl)-L-histidine C10H16N4O4 + [13]C1C-1 -> [13]C1C9H16N4O4"
4644,343.1478,11.26,3.96,"Artifact","C12H25N1O10",0.13,"Peak 2171 C11H21N1O9 + C1H4O1 -> C12H25N1O10"
4645,252.1141,16.25,4,"Artifact","C8H20N2O5Si1",0.19,"ornithine C5H12N2O2 + C3H8O3Si1 -> C8H20N2O5Si1"
4646,361.1376,10.76,3.63,"Unknown","Unknown",0.31,"Unknown"
4647,522.096,14.82,4.22,"Artifact","C16H28K1Na1O15",0.57,"Trehalose C12H22O11 + C2H3K1O2 -> C14H25K1O13 + C2H3Na1O2 -> C16H28K1Na1O15"
4648,143.0557,12.19,4.22,"Artifact","C4H10N1Na1O3",0.96,"b-Aminoisobutyric acid C4H9N1O2 + H1Na1O1 -> C4H10N1Na1O3"
4649,72.0205,13.55,5.31,"Unknown","Unknown",1.48,"Unknown"
4650,177.12,7.2,4.66,"Artifact","Ring_artifact_C6H11N1O3S1",0.54,"N-Formyl-L-methionine C6H11N1O3S1 + Ring_artifact -> Ring_artifact_C6H11N1O3S1"
4651,152.2193,5.26,4.14,"Unknown","Unknown",0.61,"Unknown"
4652,185.0507,1.39,4.13,"Unknown","Unknown",0.52,"Unknown"
4653,375.1754,14.21,4.18,"Putative metabolite","C14H25N5O7",0,"2-(3-Carboxy-3-aminopropyl)-L-histidine C10H16N4O4 - C2H2O1 -> C8H14N4O3 + C6H10O5 -> C14H24N4O8 - H-1N-1O1 -> C14H25N5O7"
4654,296.1008,12.83,4.22,"Putative metabolite","C13H16N2O6",0.12,"Nicotinamide riboside C11H14N2O5 + C2H2O1 -> C13H16N2O6"
4655,329.0076,13.26,4.08,"Unknown","Unknown",0.33,"Unknown"
4656,245.0664,7.58,4.12,"Artifact","[15]N1C9H12N1O6",0.7,"uridine C9H12N2O6 + [15]N1N-1 -> [15]N1C9H12N1O6"
4657,394.0778,14.25,4.15,"Putative metabolite","C13H19N2O10P1",-0.17,"uridine C9H12N2O6 + C2H2O1 -> C11H14N2O7 + C2H4 -> C13H18N2O7 + H1O3P1 -> C13H19N2O10P1"
4658,237.0637,9.08,4.12,"Putative metabolite","C11H11N1O5",0.09,"Nicotinamide riboside C11H14N2O5 - H3N1 -> C11H11N1O5"
4659,153.04,9.04,4.23,"Artifact","C5H8N1Na1O3",1.23,"5-Aminolevulinic acid C5H9N1O3 + H-1Na1 -> C5H8N1Na1O3"
4660,300.1019,2.63,4.82,"Artifact","Ring_artifact_C18H36O3",0.35,"Stearic acid C18H36O2 + O1 + Ring_artifact -> Ring_artifact_C18H36O3"
4661,300.1017,2.22,4.83,"Unknown","Unknown",0.35,"Unknown"
4662,382.3045,6.95,3.97,"Unknown","Unknown",0.3,"Unknown"
4663,428.1339,11.96,4.03,"Unknown","Unknown",0.27,"Unknown"
4664,146.069,13.39,8.28,"Metabolite","C5H10N2O3",0.97,"glutamine C5H10N2O3"
4665,230.0302,13.77,4.53,"Artifact","C6H11K1N2O5",1.32,"CH3COOK C2H3K1O2 + C1H2O2 + C1H1N1 -> C4H6K1N1O4 + C1H4O1 -> C5H10K1N1O5 + C1H1N1 -> C6H11K1N2O5"
4666,151.0187,2.65,5.35,"Unknown","Unknown",0.62,"Unknown"
4667,732.111,14.19,4.08,"Artifact","C22H34K1N6Na1O14S2",-0.11,"glutathione disulfide C20H32N6O12S2 + H-1K1 -> C20H31K1N6O12S2 + C2H3Na1O2 -> C22H34K1N6Na1O14S2"
4668,425.9842,14.13,4.13,"Artifact","C9H13N2Na1O12P2",-0.14,"UDP C9H14N2O12P2 + H-1Na1 -> C9H13N2Na1O12P2"
4669,224.8057,6.81,3.96,"Unknown","Unknown",0.44,"Unknown"
4670,189.1112,14.63,4.22,"Metabolite","C7H15N3O3",0.75,"Homocitrulline C7H15N3O3"
4671,307.0475,11.5,4.1,"Putative metabolite","C9H13N3O7S1",-0.26,"S-Formylglutathione C11H17N3O7S1 - C2H4 -> C9H13N3O7S1"
4672,326.0257,7.16,4.07,"Artifact","C6Cl1H19O9Si2",-0.27,"Glycerol C3H8O3 + Cl1H1 -> C3Cl1H9O3 + C3H8O3Si1 -> C6Cl1H17O6Si1 + H2O3Si1 -> C6Cl1H19O9Si2"
4673,290.004,14.19,3.9,"Artifact","Ring_artifact_C10H18N4O6",0.36,"Argininosuccinic acid C10H18N4O6 + Ring_artifact -> Ring_artifact_C10H18N4O6"
4674,371.0008,13.18,4.07,"Artifact","C4H17N1O13Si3",-0.08,"threonine C4H9N1O3 + H4O4Si1 -> C4H13N1O7Si1 + H2O3Si1 -> C4H15N1O10Si2 + H2O3Si1 -> C4H17N1O13Si3"
4675,254.0955,2.49,6.23,"Artifact","Ring_artifact_C16H30O2",0.4,"palmitoleic acid C16H30O2 + Ring_artifact -> Ring_artifact_C16H30O2"
4676,164.0321,13.53,4.91,"Artifact","C5H8O6",-0.07,"Oxalacetic acid C4H4O5 + C1H4O1 -> C5H8O6"
4677,211.0959,2.11,4.1,"Artifact","[13]C1C7H18O4S1",0.16,"Peak 1483 C8H18O4S1 + [13]C1C-1 -> [13]C1C7H18O4S1"
4678,115.0245,11.97,4.94,"Unknown","Unknown",0.78,"Unknown"
4679,646.3531,11.55,4.05,"Unknown","Unknown",0.21,"Unknown"
4680,197.9196,8.93,4.26,"Unknown","Unknown",0.49,"Unknown"
4681,579.1846,14.17,3.97,"Unknown","Unknown",0.22,"Unknown"
4682,269.0755,2.09,3.93,"Putative metabolite","C9H19N1O4S2",0.18,"Dihydrolipoamide C8H17N1O1S2 + C1O2 -> C9H17N1O3S2 + H2O1 -> C9H19N1O4S2"
4683,276.0002,7.66,4.15,"Artifact","C7Cl1H7N4Na2O3",0.03,"hypoxanthine C5H4N4O1 + H-1Na1 -> C5H3N4Na1O1 + Cl1H1 -> C5Cl1H4N4Na1O1 + C2H3Na1O2 -> C7Cl1H7N4Na2O3"
4684,213.0249,11.13,4.18,"Artifact","C6H8N1Na1O6",0.15,"Pyroglutamic acid C5H7N1O3 + C1H1Na1O3 -> C6H8N1Na1O6"
4685,384.2123,14.79,4.23,"Unknown","Unknown",0.29,"Unknown"
4686,541.2049,16.93,4.05,"Putative metabolite","C19H35N5O11S1",0.88,"N-Acetyl-L-arginine C8H16N4O3 + C11H17N1O8 -> C19H33N5O11 + H2S1 -> C19H35N5O11S1"
4687,541.2049,16.27,3.99,"Putative metabolite","C19H35N5O11S1",0.88,"N-Acetyl-L-arginine C8H16N4O3 + C11H17N1O8 -> C19H33N5O11 + H2S1 -> C19H35N5O11S1"
4688,275.9681,14.42,4.13,"Artifact","C4H10K1Na1O8Si1",-0.47,"CH3COOK C2H3K1O2 + C2H3Na1O2 + H4O4Si1 -> C4H10K1Na1O8Si1"
4689,239.0517,14.45,4.18,"Unknown","Unknown",0.42,"Unknown"
4690,181.9842,14.42,4.06,"Artifact","[18]O1C4H6K1Na1O3",0.72,"CH3COOK C2H3K1O2 + C2H3Na1O2 + [18]O1O-1 -> [18]O1C4H6K1Na1O3"
4691,254.1001,8.41,4.09,"Putative metabolite","C9H18O8",0.27,"Glycerol C3H8O3 + C6H10O5 -> C9H18O8"
4692,254.1001,7.92,4.09,"Putative metabolite","C9H18O8",0.27,"Glycerol C3H8O3 + C6H10O5 -> C9H18O8"
4693,193.9979,14.25,4.12,"Artifact","C5H7O6P1",0.64,"Peak 3481 C5H9O7P1 - H2O1 -> C5H7O6P1"
4694,306.0551,16.24,5.22,"Artifact","C5H18N2O9Si2",-0.06,"ornithine C5H12N2O2 + H4O4Si1 -> C5H16N2O6Si1 + H2O3Si1 -> C5H18N2O9Si2"
4695,245.1455,7.12,4,"Artifact","[13]C1C10H20N2O4",0.66,"Peak 1745 C11H20N2O4 + [13]C1C-1 -> [13]C1C10H20N2O4"
4696,173.0281,7.45,4.07,"Artifact","[37]Cl1C5H6N5",0.71,"adenine C5H5N5 + Cl1H1 -> C5Cl1H6N5 + [37]Cl1Cl-1 -> [37]Cl1C5H6N5"
4697,325.175,11.27,4.18,"Putative metabolite","C14H23N5O4",0.01,"1-Methyladenosine C11H17N5O4 + C1H2 -> C12H19N5O4 + C2H4 -> C14H23N5O4"
4698,190.0113,14.32,3.99,"Metabolite","C6H6O7",0.28,"Oxalosuccinic acid C6H6O7"
4699,135.0976,4.35,3.98,"Artifact","[13]C1C5H14O3",0.36,"2-Hydroxycaproic acid C6H12O3 + H2 + [13]C1C-1 -> [13]C1C5H14O3"
4700,280.0158,7.64,4.19,"Artifact","Ring_artifact_C9Cl1H13N2O6",0.37,"uridine C9H12N2O6 + Cl1H1 -> C9Cl1H13N2O6 + Ring_artifact -> Ring_artifact_C9Cl1H13N2O6"
4701,286.0929,8.71,4.13,"Artifact","C13H15N2Na1O4",0.18,"tryptophan C11H12N2O2 + C2H3Na1O2 -> C13H15N2Na1O4"
4702,325.1653,2.09,4.08,"Putative metabolite","C13H28N1O6P1",0.38,"Glycerophosphocholine C8H20N1O6P1 + C5H8 -> C13H28N1O6P1"
4703,224.0741,14.18,4.02,"Artifact","[13]C2C5H14N2O4S1",0.17,"cystathionine C7H14N2O4S1 + [13]C1C-1 -> [13]C1C6H14N2O4S1 + [13]C1C-1 -> [13]C2C5H14N2O4S1"
4704,238.0541,11.29,4.04,"Artifact","C6H12N2Na2O5",0.26,"Diaminopimelic Acid C7H14N2O4 - C1H2 + H-1Na1 -> C6H11N2Na1O4 + H1Na1O1 -> C6H12N2Na2O5"
4705,394.2852,6.94,4.11,"Artifact","C22H43K1O3",-0.69,"trans-4-Hydroxycyclohexanecarboxylic Acid C7H12O3 + C16H30O1 + H1K1O1 -> C23H43K1O5 - C1O2 -> C22H43K1O3"
4706,318.1162,11.4,4.29,"Putative metabolite","C10H22O11",0.04,"Trehalose C12H22O11 - C2H2O1 -> C10H20O10 + H2O1 -> C10H22O11"
4707,245.0849,9.06,4.11,"Artifact","[15]N1C10H16N1O3S1",1.22,"biotin C10H16N2O3S1 + [15]N1N-1 -> [15]N1C10H16N1O3S1"
4708,173.0552,6.72,4.11,"Unknown","Unknown",0.55,"Unknown"
4709,148.0233,8.02,3.87,"Putative metabolite","C2H4N4O4",-0.31,"L-Arginine C6H14N4O2 + C1O2 -> C7H14N4O4 - H2 -> C7H12N4O4 - C5H8 -> C2H4N4O4"
4710,158.9381,13.92,4.57,"Artifact","Ring_artifact_[13]C1C3H7K1O4",0.59,"CH3COOK C2H3K1O2 + C2H4O2 + [13]C1C-1 -> [13]C1C3H7K1O4 + Ring_artifact -> Ring_artifact_[13]C1C3H7K1O4"
4711,138.0905,6.97,3.94,"Putative metabolite","C6H10N4",0.34,"inosine C10H12N4O5 + H2O1 -> C10H14N4O6 + C2H4 -> C12H18N4O6 - C6H8O6 -> C6H10N4"
4712,330.0261,16.26,4.22,"Artifact","C7H16K1N2Na1O7Si1",0.16,"ornithine C5H12N2O2 + C2H3Na1O2 -> C7H15N2Na1O4 + H-1K1 -> C7H14K1N2Na1O4 + H2O3Si1 -> C7H16K1N2Na1O7Si1"
4713,165.9641,14.39,4.02,"Artifact","C1H4Na1O6P1",1.32,"NaH2PO4 H2Na1O4P1 + C1H2O2"
4714,249.1211,7.64,4.19,"Artifact","C10H19N1O6",0.55,"Peak 3514 C8H16O6 + C2H3N1 -> C10H19N1O6"
4715,191.0987,11.33,3.95,"Artifact","[13]C1C6H14N2O4",0.06,"N-Acetyl-L-glutamate 5-semialdehyde C7H11N1O4 + [13]C1C-1 -> [13]C1C6H11N1O4 + H3N1 -> [13]C1C6H14N2O4"
4716,335.0342,10.56,4.18,"Artifact","C7H17N1O10S1Si1",0.13,"Peak 3039 C7H15N1O7S1 + H2O3Si1 -> C7H17N1O10S1Si1"
4717,160.9868,7.58,3.94,"Artifact","Ring_artifact_C6H11N1O2S1",0.58,"Peak 303 C6H11N1O2S1 + Ring_artifact -> Ring_artifact_C6H11N1O2S1"
4718,146.1609,16.92,4.23,"Artifact","Ring_artifact_C6H14N2O2",0.63,"lysine C6H14N2O2 + Ring_artifact -> Ring_artifact_C6H14N2O2"
4719,361.3194,4.41,3.92,"Putative metabolite","C20H43N1O4",-0.53,"Phytosphingosine C18H39N1O3 + C2H2O1 -> C20H41N1O4 + H2 -> C20H43N1O4"
4720,126.054,7.3,4.13,"Putative metabolite","C4H6N4O1",1.28,"hypoxanthine C5H4N4O1 - C1O1 -> C4H4N4 + H2O1 -> C4H6N4O1"
4721,126.054,8.1,3.77,"Putative metabolite","C4H6N4O1",1.28,"hypoxanthine C5H4N4O1 - C1O1 -> C4H4N4 + H2O1 -> C4H6N4O1"
4722,285.0516,7.72,3.86,"Putative metabolite","C8H15N1O8S1",0.83,"glycine C2H5N1O2 + C6H8O6 -> C8H13N1O8 + H2S1 -> C8H15N1O8S1"
4723,521.9244,14.37,4.15,"Artifact","C9H14K1N2O15P3",0.02,"UTP C9H15N2O15P3 + H-1K1 -> C9H14K1N2O15P3"
4724,507.2174,12.42,4.11,"Putative metabolite","C19H33N5O11",0.51,"N-Acetyl-L-arginine C8H16N4O3 + C11H17N1O8 -> C19H33N5O11"
4725,372.1267,12.05,4.07,"Putative metabolite","C13H24O12",0.2,"Trehalose C12H22O11 + C1H2O1 -> C13H24O12"
4726,241.0353,7.14,4.01,"Artifact","C8H12K1N1O5",-0.19,"Peak 614 C6H9N1O3 + C2H3K1O2 -> C8H12K1N1O5"
4727,306.0885,12.81,4.15,"Putative metabolite","C11H18N2O6S1",0.19,"glutathione C10H17N3O6S1 + C1H2 -> C11H19N3O6S1 - H1N1 -> C11H18N2O6S1"
4728,306.0886,11.58,3.89,"Putative metabolite","C11H18N2O6S1",-0.14,"glutathione C10H17N3O6S1 + C1H2 -> C11H19N3O6S1 - H1N1 -> C11H18N2O6S1"
4729,296.1471,8.92,4.15,"Putative metabolite","C12H24O8",0.06,"isobutyl acetate C6H12O2 + H2O1 -> C6H14O3 + C6H10O5 -> C12H24O8"
4730,261.1516,14.33,4.03,"Artifact","[13]C1C9H20N4O4",0.8,"Peak 2239 C9H19N3O4 + C1H1N1 -> C10H20N4O4 + [13]C1C-1 -> [13]C1C9H20N4O4"
4731,258.0465,11.28,4.01,"Artifact","C7H11N2Na1O7",-0.41,"N-Acetyl-L-glutamate 5-semialdehyde C7H11N1O4 + N1Na1O3 -> C7H11N2Na1O7"
4732,290.1002,11.29,4.05,"Putative metabolite","C12H18O8",-0.11,"Methylisocitric acid C7H10O7 + C5H8 -> C12H18O7 + O1 -> C12H18O8"
4733,305.1375,7.6,3.86,"Putative metabolite","C15H19N3O4",0.18,"3-Carboxy-2,3,4,9-tetrahydro-1H-pyrido[3,4-b]indole-1-propanoic acid C15H16N2O4 + H3N1 -> C15H19N3O4"
4734,147.9731,2.58,6,"Artifact","H1N2Na1O6",0.88,"NaNO3 N1Na1O3 + H1N1O3"
4735,220.0847,8.99,4.08,"Metabolite","C11H12N2O3",0.42,"5-L-Hydroxytryptophan C11H12N2O3"
4736,220.0846,9.63,4.08,"Metabolite","C11H12N2O3",0.87,"5-L-Hydroxytryptophan C11H12N2O3"
4737,258.065,14.35,4.1,"Artifact","C8H15N2Na1O4S1",0.09,"Peak 1365 C8H16N2O4S1 + H-1Na1 -> C8H15N2Na1O4S1"
4738,275.1482,9.9,4.19,"Putative metabolite","C11H21N3O5",-0.29,"Saccharopine C11H20N2O6 - H-1N-1O1 -> C11H21N3O5"
4739,252.1031,2.2,4.2,"Putative metabolite","C10H20O5S1",0.18,"Diethylsulfide C4H10S1 + C6H10O5 -> C10H20O5S1"
4740,332.0969,7.63,4.12,"Artifact","[18]O1C10H14N6O6",-0.83,"Adenosine C10H13N5O4 + H1N1O3 -> C10H14N6O7 + [18]O1O-1 -> [18]O1C10H14N6O6"
4741,332.0983,10.81,3.86,"Putative metabolite","C9H21N2O9P1",0.5,"N-acetyl-D-glucosamine 6-phosphate C8H16N1O9P1 + C1H2O1 -> C9H18N1O10P1 + H3N1O-1 -> C9H21N2O9P1"
4742,242.1325,7.71,3.97,"Unknown","Unknown",0.42,"Unknown"
4743,300.0361,14.01,3.96,"Artifact","C9H13K1N2O7",-0.39,"Peak 867 C9H14N2O7 + H-1K1 -> C9H13K1N2O7"
4744,151.8259,7.19,4.39,"Unknown","Unknown",0.61,"Unknown"
4745,321.1801,12.19,3.89,"Putative metabolite","C15H23N5O3",-0.03,"dAMP C10H14N5O6P1 + C5H8 -> C15H22N5O6P1 - H1O3P1 -> C15H21N5O3 + H2 -> C15H23N5O3"
4746,305.0464,10.56,3.75,"Artifact","C8H14N1Na3O7",-0.21,"O-Acetyl-L-homoserine C6H11N1O4 + C2H3Na1O2 -> C8H14N1Na1O6 + H1Na1O1 -> C8H15N1Na2O7 + H-1Na1 -> C8H14N1Na3O7"
4747,305.0463,11.15,3.9,"Artifact","C9H17N1Na1O5P1S1",-0.08,"Peak 3516 C8H16N1O3P1S1 + C1H1Na1O2 -> C9H17N1Na1O5P1S1"
4748,736.5087,4.53,4.16,"Artifact","[13]C1C37H74N1O10P1",-0.42,"PS(16:0/16:0) C38H74N1O10P1 + [13]C1C-1 -> [13]C1C37H74N1O10P1"
4749,222.8078,6.98,4.04,"Unknown","Unknown",0.45,"Unknown"
4750,406.1206,16.24,4.27,"Unknown","Unknown",0.28,"Unknown"
4751,271.1644,15.31,4.13,"Putative metabolite","C11H21N5O3",0.15,"(6R)-6-(l-erythro-1,2-dihydroxypropyl)-5,6,7,8-tetrahydro-4a-hydroxypterin C9H14N4O3 + C2H4 -> C11H18N4O3 + H3N1 -> C11H21N5O3"
4752,386.2153,4.82,4.03,"Unknown","Unknown",0.29,"Unknown"
4753,146.1134,7.19,4.17,"Artifact","Ring_artifact_C6H10O4",0.64,"(S)-2-Aceto-2-hydroxybutanoic acid C6H10O4 + Ring_artifact -> Ring_artifact_C6H10O4"
4754,146.0024,7.17,4.2,"Artifact","Ring_artifact_C6H10O4",0.64,"(S)-2-Aceto-2-hydroxybutanoic acid C6H10O4 + Ring_artifact -> Ring_artifact_C6H10O4"
4755,282.5028,2.26,4.02,"Artifact","Ring_artifact_C18H34O2",0.37,"Oleic acid C18H34O2 + Ring_artifact -> Ring_artifact_C18H34O2"
4756,236.9473,8.88,4.15,"Unknown","Unknown",0.42,"Unknown"
4757,272.0639,11.29,4.14,"Artifact","B1C9H13N2O5S1",-0.28,"Peak 1013 C5H11N1O1S1 + B1H-1O1 -> B1C5H10N1O2S1 - C1H2O1 -> B1C4H8N1O1S1 + Peak 3808 -> B1C9H13N2O5S1"
4758,361.0556,14,4.12,"Artifact","C10H16N3Na1O8S1",-0.06,"Peak 3096 C8H14N2O8S1 + C2H3N1 -> C10H17N3O8S1 + H-1Na1 -> C10H16N3Na1O8S1"
4759,302.2066,19.47,4.2,"Putative metabolite","C20H30S1",0.73,"Retinoic Acid C20H28O2 + S1 -> C20H28O2S1 - C1O2 -> C19H28S1 + C1H2 -> C20H30S1"
4760,278.1883,2.51,5.1,"Putative metabolite","C17H26O3",-0.38,"alpha-Isomethyl-ionone C14H22O1 + C1H2O1 -> C15H24O2 + C2H2O1 -> C17H26O3"
4761,293.1741,11.77,3.91,"Putative metabolite","C15H23N3O3",-0.54,"Porphobilinogen C10H14N2O4 + C5H8 -> C15H22N2O4 - H-1N-1O1 -> C15H23N3O3"
4762,301.1638,11.28,4.06,"Artifact","C13H23N3O5",-0.1,"DL-Valine C5H11N1O2 + Peak 2031 -> C13H23N3O5"
4763,160.05,11.33,4.12,"Artifact","[15]N1C6H9O4",1.2,"Peak 160 C6H9N1O4 + [15]N1N-1 -> [15]N1C6H9O4"
4764,89.06629,13.02,4.79,"Artifact","Ring_artifact_C3H7N1O2",1.21,"alanine C3H7N1O2 + Ring_artifact -> Ring_artifact_C3H7N1O2"
4765,289.1638,8.2,4.07,"Artifact","C12H23N3O5",-0.1,"Peak 5500 C11H19N3O4 + C1H4O1 -> C12H23N3O5"
4766,289.1638,9.31,4.09,"Artifact","C12H23N3O5",-0.1,"leucine C6H13N1O2 + Peak 1075 -> C12H23N3O5"
4767,341.1487,8.76,4.2,"Unknown","Unknown",0.32,"Unknown"
4768,289.0675,8.76,4.14,"Artifact","C11H12N3Na1O5",-0.12,"tryptophan C11H12N2O2 + N1Na1O3 -> C11H12N3Na1O5"
4769,322.1682,13.63,4.11,"Artifact","Ring_artifact_C10H18N4O6S1",0.33,"Peak 230 C10H18N4O6S1 + Ring_artifact -> Ring_artifact_C10H18N4O6S1"
4770,339.0309,8.83,4.15,"Putative metabolite","C8H13N5O6S2",-0.52,"inosine C10H12N4O5 + H3N1O-1 -> C10H15N5O4 + O3S1 -> C10H15N5O7S1 + S1 -> C10H15N5O7S2 - C2H2O1 -> C8H13N5O6S2"
4771,281.1122,5.77,4.12,"Metabolite","C11H15N5O4",0.73,"1-Methyladenosine C11H15N5O4"
4772,175.0376,11.17,3.93,"Unknown","Unknown",0.54,"Unknown"
4773,310.0254,11.79,4.06,"Unknown","Unknown",0.34,"Unknown"
4774,290.0751,7.6,4.07,"Artifact","C10H14N2O8",-0.29,"uridine C9H12N2O6 + C1H2O2 -> C10H14N2O8"
4775,634.4404,4.33,4.05,"Artifact","[13]C1C32H64N1O8P1",-0.14,"PE(12:0/16:1(9Z)) C33H64N1O8P1 + [13]C1C-1 -> [13]C1C32H64N1O8P1"
4776,236.002,11.14,4,"Artifact","C5H6N2Na2O6",0.53,"Pyroglutamic acid C5H7N1O3 + N1Na1O3 -> C5H7N2Na1O6 + H-1Na1 -> C5H6N2Na2O6"
4777,236.0021,10.85,4,"Artifact","C5H6N2Na2O6",0.11,"N-carbamoyl-L-aspartate C5H8N2O5 + O1 + H-2Na2 -> C5H6N2Na2O6"
4778,177.9509,16.09,3.7,"Unknown","Unknown",0.54,"Unknown"
4779,178.084,11.3,4.87,"Artifact","[18]O1C6H12N2O3",-0.27,"Diaminopimelic Acid C7H14N2O4 - C1H2 + [18]O1O-1 -> [18]O1C6H12N2O3"
4780,197.958,14.18,3.98,"Artifact","Ring_artifact_C8H10N2O2S1",0.49,"Peak 335 C8H10N2O2S1 + Ring_artifact -> Ring_artifact_C8H10N2O2S1"
4781,276.015,14.19,3.99,"Artifact","Ring_artifact_C11H20N2O6",0.38,"Saccharopine C11H20N2O6 + Ring_artifact -> Ring_artifact_C11H20N2O6"
4782,148.0501,9.98,4.15,"Artifact","[15]N1C5H9O4",0.63,"O-acetyl-L-serine C5H9N1O4 + [15]N1N-1 -> [15]N1C5H9O4"
4783,195.9941,7.66,4.22,"Artifact","[37]Cl1C5H4N4Na1O1",0.42,"hypoxanthine C5H4N4O1 + H-1Na1 -> C5H3N4Na1O1 + Cl1H1 -> C5Cl1H4N4Na1O1 + [37]Cl1Cl-1 -> [37]Cl1C5H4N4Na1O1"
4784,184.0853,11.8,4.14,"Artifact","[13]C2C4H14O6",2.43,"D-glucitol C6H14O6 + [13]C1C-1 -> [13]C1C5H14O6 + [13]C1C-1 -> [13]C2C4H14O6"
4785,406.1064,11.82,4.01,"Artifact","C12H24Na2O12",-0.21,"Peak 1817 C12H26O12 + H-2Na2 -> C12H24Na2O12"
4786,262.0453,14.09,3.92,"Metabolite","C6H15O9P1",0.26,"Mannitol-1-phosphate C6H15O9P1"
4787,233.9187,13.89,4.04,"Artifact","Ring_artifact_H3K1O8S2",0.43,"KHSO4 H1K1O4S1 + H2O4S1 + Ring_artifact -> Ring_artifact_H3K1O8S2"
4788,333.0841,7.89,4.08,"Artifact","C11Cl1H16N5O5",-0.37,"7-methylguanosine C11H15N5O5 + Cl1H1 -> C11Cl1H16N5O5"
4789,169.0489,14.88,5.38,"Unknown","Unknown",0.56,"Unknown"
4790,145.0196,7.76,4,"Putative metabolite","C5H7N1O2S1",1.03,"Pyroglutamic acid C5H7N1O3 + S1 -> C5H7N1O3S1 - O1 -> C5H7N1O2S1"
4791,306.1314,11.28,3.9,"Putative metabolite","C13H22O8",0.22,"Ethyl 2-hydroxypentanoate C7H14O3 + C6H10O5 -> C13H24O8 - H2 -> C13H22O8"
4792,214.0242,13.66,5.04,"Metabolite","C5H11O7P1",0.18,"deoxyribose-phosphate C5H11O7P1"
4793,305.9062,14.18,4.17,"Artifact","Ring_artifact_C10H16N3O6S1",0.35,"glutathione disulfide C20H32N6O12S2 / 2 -> C10H16N3O6S1 + Ring_artifact -> Ring_artifact_C10H16N3O6S1"
4794,295.0654,5.31,4.16,"Artifact","[13]C1C9Cl1H15N2O6",-0.61,"Ribothymidine C10H14N2O6 + Cl1H1 -> C10Cl1H15N2O6 + [13]C1C-1 -> [13]C1C9Cl1H15N2O6"
4795,280.0727,12.25,4.01,"Artifact","[13]C1C8H15N1Na2O6",0.47,"Diaminopimelic Acid C7H14N2O4 - H1N1 + [13]C1C-1 -> [13]C1C6H13N1O4 + H-1Na1 -> [13]C1C6H12N1Na1O4 + C2H3Na1O2 -> [13]C1C8H15N1Na2O6"
4796,319.9872,2.02,4.02,"Putative metabolite","C7H12O10S2",-0.04,"Methylisocitric acid C7H10O7 + H2S1 -> C7H12O7S1 + O3S1 -> C7H12O10S2"
4797,361.0727,12.24,4.06,"Artifact","C11H18N1Na3O8",-0.41,"Diaminopimelic Acid C7H14N2O4 - H1N1 + H-1Na1 -> C7H12N1Na1O4 + C2H3Na1O2 -> C9H15N1Na2O6 + C2H3Na1O2 -> C11H18N1Na3O8"
4798,359.1345,11.53,4.11,"Putative metabolite","C12H26N1O9P1",0.05,"Phosphorylcholine C5H14N1O4P1 + C1H2 -> C6H16N1O4P1 + C6H10O5 -> C12H26N1O9P1"
4799,174.0782,16.77,4.92,"Artifact","Ring_artifact_C6H14N4O2",0.55,"L-Arginine C6H14N4O2 + Ring_artifact -> Ring_artifact_C6H14N4O2"
4800,322.0542,7.74,3.85,"Artifact","C9Cl1H16N2Na1O7",0.54,"Peak 868 C9H14N2O6 + Cl1H1 -> C9Cl1H15N2O6 + H1Na1O1 -> C9Cl1H16N2Na1O7"
4801,186.0196,13.03,4.04,"Putative metabolite","C4H10O6S1",1.12,"malate C4H6O5 + H2O1 -> C4H8O6 + H2S1 -> C4H10O6S1"
4802,110.1325,5.28,4.09,"Unknown","Unknown",0.81,"Unknown"
4803,233.0431,12.23,4.05,"Artifact","C7Cl1H13N1Na1O4",-0.08,"Diaminopimelic Acid C7H14N2O4 - H1N1 + H-1Na1 -> C7H12N1Na1O4 + Cl1H1 -> C7Cl1H13N1Na1O4"
4804,233.0435,8.9,4.04,"Putative metabolite","C10H7N3O4",0.67,"inosine C10H12N4O5 - H2O1 -> C10H10N4O4 - H3N1 -> C10H7N3O4"
4805,341.9154,14.82,4.01,"Artifact","Ring_artifact_C12H22O11",0.32,"Trehalose C12H22O11 + Ring_artifact -> Ring_artifact_C12H22O11"
4806,195.9442,1.39,4.02,"Artifact","H5O8P1S1",0.38,"H3PO4 H3O4P1 + H2O4S1"
4807,148.1097,16.92,3.97,"Artifact","[18]O1C6H14N2O1",0.5,"lysine C6H14N2O2 + [18]O1O-1 -> [18]O1C6H14N2O1"
4808,148.004,5.34,4.12,"Unknown","Unknown",0.63,"Unknown"
4809,133.1221,11.3,4.22,"Artifact","Ring_artifact_C4H7N1O4",0.69,"Aminoadipic acid C6H11N1O4 - C2H4 + Ring_artifact -> Ring_artifact_C4H7N1O4"
4810,317.195,7.63,4.14,"Putative metabolite","C14H27N3O5",0.22,"Saccharopine C11H20N2O6 + C1H2 -> C12H22N2O6 - H-1N-1O1 -> C12H23N3O5 + C2H4 -> C14H27N3O5"
4811,192.9457,14.18,4.04,"Unknown","Unknown",0.5,"Unknown"
4812,267.9413,8.67,4.35,"Artifact","Ring_artifact_C10H12N4O5",0.39,"inosine C10H12N4O5 + Ring_artifact -> Ring_artifact_C10H12N4O5"
4813,352.2978,2.21,4.06,"Putative metabolite","C22H40O3",-0.16,"Oleic acid C18H34O2 + C2H4 -> C20H38O2 + C2H2O1 -> C22H40O3"
4814,545.268,7.12,4.58,"Artifact","[13]C1C22H45O12P1",0.4,"PI(14:0/0:0) C23H45O12P1 + [13]C1C-1 -> [13]C1C22H45O12P1"
4815,358.0319,7.6,3.96,"Putative metabolite","C9H14N2O11S1",-0.2,"Gamma-Glutamylcysteine C8H14N2O5S1 - C5H8 -> C3H6N2O5S1 + C6H8O6 -> C9H14N2O11S1"
4816,283.0691,9.57,4.03,"Putative metabolite","C12H13N1O7",0.36,"Nicotinic acid C6H5N1O2 + C6H10O5 -> C12H15N1O7 - H2 -> C12H13N1O7"
4817,283.0691,8.88,3.92,"Putative metabolite","C12H13N1O7",0.36,"Nicotinic acid C6H5N1O2 + C6H10O5 -> C12H15N1O7 - H2 -> C12H13N1O7"
4818,202.1204,11.3,5.42,"Metabolite","C10H18O4",0.54,"Sebacic acid C10H18O4"
4819,319.0714,7.63,4.05,"Artifact","C11H14N5Na1O3S1",0.33,"hypoxanthine C5H4N4O1 + Peak 3720 -> C11H14N5Na1O3S1"
4820,174.0097,13.02,4.93,"Putative metabolite","C5H6N2O3S1",1.07,"2-hydroxypyridine C5H5N1O1 + O3S1 -> C5H5N1O4S1 - H-1N-1O1 -> C5H6N2O3S1"
4821,370.2484,6.96,3.95,"Unknown","Unknown",0.3,"Unknown"
4822,321.0481,14.22,3.88,"Artifact","[13]C1C8H17K1N2O6S1",-0.95,"cystathionine C7H14N2O4S1 + [13]C1C-1 -> [13]C1C6H14N2O4S1 + C2H3K1O2 -> [13]C1C8H17K1N2O6S1"
4823,306.0448,11.31,4.02,"Artifact","[13]C1C8H12N3O7P1",-0.52,"3',5'-cyclic CMP C9H12N3O7P1 + [13]C1C-1 -> [13]C1C8H12N3O7P1"
4824,137.0768,7.49,4.08,"Artifact","[13]C1C4H12O4",0.83,"3-Hydroxyisovaleric acid C5H10O3 + H2O1 + [13]C1C-1 -> [13]C1C4H12O4"
4825,273.0201,11.13,4.03,"Artifact","C7H10N1Na3O6",0.08,"Pyroglutamic acid C5H7N1O3 + H-1Na1 -> C5H6N1Na1O3 + C2H3Na1O2 -> C7H9N1Na2O5 + H1Na1O1 -> C7H10N1Na3O6"
4826,626.9422,14.26,4.03,"Unknown","Unknown",0.21,"Unknown"
4827,119.904,18.31,4.13,"Unknown","Unknown",0.76,"Unknown"
4828,119.904,16.43,4.11,"Unknown","Unknown",0.76,"Unknown"
4829,175.1198,13.64,4.9,"Artifact","Ring_artifact_C6H13N3O3",0.54,"citrulline C6H13N3O3 + Ring_artifact -> Ring_artifact_C6H13N3O3"
4830,219.0096,7.55,4,"Artifact","C6Cl1H11N1Na1O2S1",0.33,"Peak 303 C6H11N1O2S1 + H-1Na1 -> C6H10N1Na1O2S1 + Cl1H1 -> C6Cl1H11N1Na1O2S1"
4831,394.1953,11.47,3.93,"Putative metabolite","C16H30N2O9",-0.43,"Saccharopine C11H20N2O6 - C1O2 -> C10H20N2O4 + C6H10O5 -> C16H30N2O9"
4832,311.0966,9.15,4.07,"Unknown","Unknown",0.34,"Unknown"
4833,376.1594,7.63,3.8,"Putative metabolite","C14H24N4O8",0.04,"2-(3-Carboxy-3-aminopropyl)-L-histidine C10H16N4O4 - C2H2O1 -> C8H14N4O3 + C6H10O5 -> C14H24N4O8"
4834,153.1314,7.18,4.09,"Artifact","Ring_artifact_[13]C1C4H12O5",0.61,"L-arabinitol C5H12O5 + [13]C1C-1 -> [13]C1C4H12O5 + Ring_artifact -> Ring_artifact_[13]C1C4H12O5"
4835,279.0702,5.59,4.02,"Artifact","[13]C1C9Cl1H15N2O5",0.37,"thymidine C10H14N2O5 + Cl1H1 -> C10Cl1H15N2O5 + [13]C1C-1 -> [13]C1C9Cl1H15N2O5"
4836,342.0675,5.32,3.97,"Artifact","C11H15N2Na1O9",0.07,"Ribothymidine C10H14N2O6 + C1H1Na1O3 -> C11H15N2Na1O9"
4837,221.0517,7.53,3.98,"Artifact","[13]C1C9H8N2O4",0.28,"Peak 1991 C10H8N2O4 + [13]C1C-1 -> [13]C1C9H8N2O4"
4838,131.1107,9.8,4.07,"Artifact","Ring_artifact_C6H13N1O2",0.7,"isoleucine C6H13N1O2 + Ring_artifact -> Ring_artifact_C6H13N1O2"
4839,280.0758,17.18,4.08,"Unknown","Unknown",0.37,"Unknown"
4840,347.1693,12.47,4.19,"Putative metabolite","C14H25N3O7",-0.14,"L-Arginine C6H14N4O2 - H3N1 -> C6H11N3O2 + C6H10O5 -> C12H21N3O7 + C2H4 -> C14H25N3O7"
4841,506.1429,14.07,3.89,"Putative metabolite","C19H23N8O7P1",-0.33,"tryptophan C11H12N2O2 - C2H4 -> C9H8N2O2 + H3N1O-1 -> C9H11N3O1 + C10H12N5O6P1 -> C19H23N8O7P1"
4842,269.1262,1.57,3.71,"Putative metabolite","C13H19N1O5",0.46,"N-Acetyl-L-glutamate 5-semialdehyde C7H11N1O4 + C1O1 -> C8H11N1O5 + C5H8 -> C13H19N1O5"
4843,285.0848,9.59,4.12,"Putative metabolite","C12H15N1O7",0.18,"Nicotinic acid C6H5N1O2 + C6H10O5 -> C12H15N1O7"
4844,216.0675,9.92,4.18,"Artifact","[13]C1C4H13N1O8",-0.13,"D-Arabitol C5H12O5 + H1N1O3 -> C5H13N1O8 + [13]C1C-1 -> [13]C1C4H13N1O8"
4845,278.0582,11.96,4.03,"Unknown","Unknown",0.37,"Unknown"
4846,289.0101,4.97,3.9,"Artifact","C5H11N1O11Si1",0.13,"L-2-Hydroxyglutaric acid C5H8O5 + H1N1O3 -> C5H9N1O8 + H2O3Si1 -> C5H11N1O11Si1"
4847,153.012,7.19,4.08,"Artifact","Ring_artifact_[13]C1C4H12O5",0.61,"L-arabinitol C5H12O5 + [13]C1C-1 -> [13]C1C4H12O5 + Ring_artifact -> Ring_artifact_[13]C1C4H12O5"
4848,291.0437,14.15,3.89,"Artifact","[13]C1C6H15O10P1",-0.21,"D-Sedoheptulose 7-phosphate C7H15O10P1 + [13]C1C-1 -> [13]C1C6H15O10P1"
4849,364.0554,14.12,4.07,"Artifact","[15]N1C10H14N4O8P1",-1.01,"GMP C10H14N5O8P1 + [15]N1N-1 -> [15]N1C10H14N4O8P1"
4850,352.1124,7.75,4.09,"Artifact","C13H24N2O5S2",0.75,"Peak 1668 C12H22N2O3S2 + C1H2O2 -> C13H24N2O5S2"
4851,428.0259,14.03,4.16,"Artifact","[15]N1C10H15N4O10P2",1.28,"dGDP C10H15N5O10P2 + [15]N1N-1 -> [15]N1C10H15N4O10P2"
4852,90.12095,8.84,4.08,"Unknown","Unknown",1.2,"Unknown"
4853,221.056,11.79,4.12,"Artifact","[13]C1[37]Cl1C5H15O6",0.55,"D-glucitol C6H14O6 + Cl1H1 -> C6Cl1H15O6 + [37]Cl1Cl-1 -> [37]Cl1C6H15O6 + [13]C1C-1 -> [13]C1[37]Cl1C5H15O6"
4854,117.0578,8.73,4.62,"Metabolite","C8H7N1",0.42,"indole C8H7N1"
4855,310.0472,12.56,4.16,"Putative metabolite","C9H14N2O8S1",-0.37,"N-Acetyl-glutamine C7H12N2O4 + C2H2O1 -> C9H14N2O5 + O3S1 -> C9H14N2O8S1"
4856,259.0456,10.6,4.13,"Metabolite","C6H14N1O8P1",0.4,"Glucosamine 6-phosphate C6H14N1O8P1"
4857,247.9623,4.94,3.95,"Artifact","C5Cr1H8O8",0.5,"L-2-Hydroxyglutaric acid C5H8O5 + Cr1O3 -> C5Cr1H8O8"
4858,288.9973,7.54,4.09,"Artifact","C7H10N1Na3O5S1",-0.08,"Peak 303 C6H11N1O2S1 + C1H1Na1O3 -> C7H12N1Na1O5S1 + H-2Na2 -> C7H10N1Na3O5S1"
4859,563.9641,1.99,4.05,"Unknown","Unknown",0.23,"Unknown"
4860,363.1465,11.31,4.07,"Artifact","C14H25N3O6S1",-0.26,"Peak 160 C6H9N1O4 + Peak 3777 -> C14H25N3O6S1"
4861,363.1459,11.82,3.86,"Artifact","[13]C1C11H26O12",-0.33,"Peak 1817 C12H26O12 + [13]C1C-1 -> [13]C1C11H26O12"
4862,263.9845,7.67,3.89,"Artifact","C6H3N4Na3O4",0.9,"hypoxanthine C5H4N4O1 + C1H1Na1O3 -> C6H5N4Na1O4 + H-2Na2 -> C6H3N4Na3O4"
4863,272.0588,9.43,4.01,"Artifact","[37]Cl1C8H15N2O6",0.42,"Peak 1606 C8H14N2O6 + Cl1H1 -> C8Cl1H15N2O6 + [37]Cl1Cl-1 -> [37]Cl1C8H15N2O6"
4864,232.0702,17.17,4.05,"Putative metabolite","C9H16N2O1S2",0.88,"biotin C10H16N2O3S1 + S1 -> C10H16N2O3S2 - C1O2 -> C9H16N2O1S2"
4865,711.2321,14.61,4.21,"Unknown","Unknown",0.2,"Unknown"
4866,280.1058,11.5,4,"Metabolite","C13H16N2O5",0.43,"L-Aspartyl-L-phenylalanine C13H16N2O5"
4867,205.0868,8.77,4.18,"Artifact","[15]N1C11H12N1O2",0.55,"tryptophan C11H12N2O2 + [15]N1N-1 -> [15]N1C11H12N1O2"
4868,227.1099,12.63,4.1,"Artifact","[13]C1C8H14N4O3",0.2,"(6R)-6-(l-erythro-1,2-dihydroxypropyl)-5,6,7,8-tetrahydro-4a-hydroxypterin C9H14N4O3 + [13]C1C-1 -> [13]C1C8H14N4O3"
4869,340.0859,13.18,4.08,"Artifact","C10H18N2Na2O8",-0.13,"alanine C3H7N1O2 * 2 -> C6H14N2O4 + H-1Na1 -> C6H13N2Na1O4 + Peak 2063 -> C10H18N2Na2O8"
4870,120.0863,11.25,3.83,"Artifact","[13]C1[18]O1C4H11N1O1",2.32,"DL-Valine C5H11N1O2 + [13]C1C-1 -> [13]C1C4H11N1O2 + [18]O1O-1 -> [13]C1[18]O1C4H11N1O1"
4871,224.0432,7.21,4.55,"Artifact","C9H8N2O5",0.54,"Indole-2-carboxylic acid C9H7N1O2 + H1N1O3 -> C9H8N2O5"
4872,427.0914,14.13,3.83,"Artifact","Ring_artifact_C10H15N5O10P2",0.27,"dGDP C10H15N5O10P2 + Ring_artifact -> Ring_artifact_C10H15N5O10P2"
4873,238.1416,4.62,4.1,"Putative metabolite","C10H22O6",0.16,"D-glucitol C6H14O6 + C1H2O1 -> C7H16O7 + C5H8 -> C12H24O7 - C2H2O1 -> C10H22O6"
4874,115.9577,7.35,4,"Unknown","Unknown",0.78,"Unknown"
4875,262.0484,8.76,3.88,"Artifact","C11Cl1H12N2Na1O2",0.38,"tryptophan C11H12N2O2 + H-1Na1 -> C11H11N2Na1O2 + Cl1H1 -> C11Cl1H12N2Na1O2"
4876,132.1368,13.63,5.6,"Artifact","Ring_artifact_C5H12N2O2",0.69,"Ornithine C5H12N2O2 + Ring_artifact -> Ring_artifact_C5H12N2O2"
4877,245.0664,9.6,4.04,"Artifact","[15]N1C9H12N1O6",0.7,"Uridine C9H12N2O6 + [15]N1N-1 -> [15]N1C9H12N1O6"
4878,198.077,11.28,4.01,"Artifact","[15]N1C8H11N2O3",0.38,"Peak 418 C8H11N3O3 + [15]N1N-1 -> [15]N1C8H11N2O3"
4879,342.1903,10.43,3.62,"Putative metabolite","C15H26N4O5",0.06,"2-(3-Carboxy-3-aminopropyl)-L-histidine C10H16N4O4 + H2O1 -> C10H18N4O5 + C5H8 -> C15H26N4O5"
4880,488.202,7.6,3.84,"Putative metabolite","C19H37O12P1",0.54,"PI(10:0/16:0) C35H67O13P1 - C16H30O1 -> C19H37O12P1"
4881,302.1591,11.29,3.89,"Artifact","C12H22N4O5",-0.27,"Peak 3989 C14H24N4O8 - C1O2 -> C13H24N4O6 - C1H2O1 -> C12H22N4O5"
4882,391.0968,12.23,4.03,"Putative metabolite","C12H25N1O9S2",0.7,"N-Formyl-L-methionine C6H11N1O3S1 + H2S1 -> C6H13N1O3S2 + H2O1 -> C6H15N1O4S2 + C6H10O5 -> C12H25N1O9S2"
4883,133.0932,6.09,3.97,"Unknown","Unknown",0.69,"Unknown"
4884,305.0705,7.62,5.19,"Artifact","[37]Cl1C10H14N5O4",-0.12,"Adenosine C10H13N5O4 + Cl1H1 -> C10Cl1H14N5O4 + [37]Cl1Cl-1 -> [37]Cl1C10H14N5O4"
4885,219.0683,14.34,4.08,"Unknown","Unknown",0.45,"Unknown"
4886,219.0683,14.74,4.03,"Unknown","Unknown",0.45,"Unknown"
4887,509.0195,14.01,4.03,"Artifact","C13Cl1H25K1N1O11S2",-0.08,"CH3COOK C2H3K1O2 + C2H4O2 + Peak 1751 -> C5Cl1H10K1O7 + Peak 5445 -> C13Cl1H25K1N1O11S2"
4888,309.1425,7.61,4.01,"Artifact","C12H23N1O8",-0.43,"Peak 3514 C8H16O6 + C2H4O2 -> C10H20O8 + C2H3N1 -> C12H23N1O8"
4889,306.0627,9.08,4.08,"Artifact","C10H16N2Na2O4S1",-0.27,"biotin C10H16N2O3S1 + H-1Na1 -> C10H15N2Na1O3S1 + H1Na1O1 -> C10H16N2Na2O4S1"
4890,357.081,9.02,4.1,"Putative metabolite","C13H15N3O9",-0.48,"SAICAR C13H19N4O12P1 - H1O3P1 -> C13H18N4O9 - H3N1 -> C13H15N3O9"
4891,447.1959,16.77,3.92,"Artifact","C12Cl1H30N9O7",-0.51,"L-Arginine C6H14N4O2 + Peak 1229 -> C12H29N9O7 + Cl1H1 -> C12Cl1H30N9O7"
4892,229.0562,10.63,4.04,"Artifact","C7H12N1Na1O6",0.14,"O-Acetyl-L-homoserine C6H11N1O4 + C1H1Na1O2 -> C7H12N1Na1O6"
4893,229.0563,9.99,3.99,"Artifact","C7H12N1Na1O6",-0.3,"O-acetyl-L-serine C5H9N1O4 + C2H3Na1O2 -> C7H12N1Na1O6"
4894,158.0387,13.92,4.43,"Artifact","Ring_artifact_C4H7K1O4",0.59,"CH3COOK C2H3K1O2 + C2H4O2 + Ring_artifact -> Ring_artifact_C4H7K1O4"
4895,258.0909,12.23,4,"Artifact","[13]C1C8H16N1Na1O6",-0.05,"Diaminopimelic Acid C7H14N2O4 - H1N1 + [13]C1C-1 -> [13]C1C6H13N1O4 + C2H3Na1O2 -> [13]C1C8H16N1Na1O6"
4896,300.1433,12.54,3.98,"Putative metabolite","C12H20N4O5",0.23,"2-(3-Carboxy-3-aminopropyl)-L-histidine C10H16N4O4 + C1H2O1 -> C11H18N4O5 + C1H2 -> C12H20N4O5"
4897,194.0632,9.27,4.1,"Artifact","[13]C1C6H7N5O2",0.67,"Isoxanthopterin C6H5N5O2 + C1H2 + [13]C1C-1 -> [13]C1C6H7N5O2"
4898,268.0418,11.32,3.98,"Artifact","C7H9N4Na1O6",0.67,"Peak 833 C7H9N3O3 + N1Na1O3 -> C7H9N4Na1O6"
4899,279.0508,10.75,4.08,"Artifact","C11H14K1N1O5",0.37,"tyrosine C9H11N1O3 + C2H3K1O2 -> C11H14K1N1O5"
4900,504.169,15.66,4.18,"Putative metabolite","C18H32O16",0.07,"Trehalose C12H22O11 + C6H10O5 -> C18H32O16"
4901,322.0364,12.25,4.09,"Artifact","C7H13N2Na3O8",0.31,"Diaminopimelic Acid C7H14N2O4 - H1N1 + H-1Na1 -> C7H12N1Na1O4 + H1Na1O1 -> C7H13N1Na2O5 + N1Na1O3 -> C7H13N2Na3O8"
4902,111.9028,5.35,4.06,"Unknown","Unknown",0.8,"Unknown"
4903,365.0625,14.11,4.05,"Artifact","[18]O1C10H14N5O7P1",-0.7,"GMP C10H14N5O8P1 + [18]O1O-1 -> [18]O1C10H14N5O7P1"
4904,227.0106,11.14,3.98,"Artifact","C7Ca1H9N1O5",0.28,"Pyroglutamic acid C5H7N1O3 + C2Ca1H2O2 -> C7Ca1H9N1O5"
4905,199.048,3.66,3.92,"Putative metabolite","C8H9N1O5",0.36,"2-Amino-3-carboxymuconic acid semialdehyde C7H7N1O5 + C1H2 -> C8H9N1O5"
4906,318.1316,11.27,3.97,"Putative metabolite","C14H22O8",-0.42,"Butyl 2-methyl-2-propenoate C8H14O2 + C6H8O6 -> C14H22O8"
4907,206.0964,8.75,4.11,"Unknown","Unknown",0.48,"Unknown"
4908,270.1385,2.32,5.06,"Artifact","Ring_artifact_C17H34O2",0.38,"Heptadecanoic acid C17H34O2 + Ring_artifact -> Ring_artifact_C17H34O2"
4909,246.0285,7.58,3.93,"Artifact","C6H11N2Na1O5S1",0.56,"Peak 303 C6H11N1O2S1 + N1Na1O3 -> C6H11N2Na1O5S1"
4910,279.1219,8.5,4.22,"Putative metabolite","C13H17N3O4",0.02,"L-Aspartyl-L-phenylalanine C13H16N2O5 - H-1N-1O1 -> C13H17N3O4"
4911,265.036,7.52,4.02,"Artifact","C8H13N1Na2O4S1",0.26,"Peak 303 C6H11N1O2S1 + C2H3Na1O2 -> C8H14N1Na1O4S1 + H-1Na1 -> C8H13N1Na2O4S1"
4912,283.0652,7.86,4.04,"Artifact","[13]C1C8Cl1H15N2O6",0.07,"Peak 868 C9H14N2O6 + Cl1H1 -> C9Cl1H15N2O6 + [13]C1C-1 -> [13]C1C8Cl1H15N2O6"
4913,283.163,9.87,3.89,"Artifact","C11H25N1O7",0.36,"isoleucine C6H13N1O2 + Peak 1881 -> C11H25N1O7"
4914,306.0441,7.58,3.99,"Artifact","C9H12N2Na2O7",-0.36,"uridine C9H12N2O6 + H-1Na1 -> C9H11N2Na1O6 + H1Na1O1 -> C9H12N2Na2O7"
4915,171.1007,11.36,4,"Artifact","C7H13N3O2",0.45,"N-Acetylornithine C7H14N2O3 - C1H2O1 -> C6H12N2O2 + C1H1N1 -> C7H13N3O2"
4916,385.0402,14.1,4.02,"Artifact","C10H13N5Na1O8P1",-0.67,"GMP C10H14N5O8P1 + H-1Na1 -> C10H13N5Na1O8P1"
4917,229.1506,8.88,4.13,"Artifact","[13]C1C10H20N2O3",0.64,"Ala-Ala C6H12N2O3 + C5H8 + [13]C1C-1 -> [13]C1C10H20N2O3"
4918,458.1584,14.97,3.99,"Artifact","C17H26N6O7S1",-0.07,"S-Adenosylmethionine C15H22N6O5S1 + C2H4O2 -> C17H26N6O7S1"
4919,128.8884,11.15,4,"Unknown","Unknown",0.71,"Unknown"
4920,304.1158,11.29,3.92,"Putative metabolite","C13H20O8",0.06,"Methylisocitric acid C7H10O7 + C5H8 -> C12H18O7 + C1H2O1 -> C13H20O8"
4921,253.1426,7.35,4.08,"Putative metabolite","C12H19N3O3",0.16,"L-Kynurenine C10H12N2O3 + C2H4 -> C12H16N2O3 + H3N1 -> C12H19N3O3"
4922,342.3167,14.83,4.04,"Artifact","Ring_artifact_C12H22O11",0.32,"Trehalose C12H22O11 + Ring_artifact -> Ring_artifact_C12H22O11"
4923,265.0689,14.38,4.02,"Artifact","C7H17N1Na1O6P1",0.82,"Phosphorylcholine C5H14N1O4P1 + C2H3Na1O2 -> C7H17N1Na1O6P1"
4924,430.2414,4.89,3.88,"Unknown","Unknown",0.27,"Unknown"
4925,225.0637,11.49,4.07,"Metabolite","C10H11N1O5",0.1,"4-amino-4-deoxychorismic acid C10H11N1O5"
4926,335.0786,5.96,3.98,"Metabolite","C11H17N3O7S1",0.36,"S-Formylglutathione C11H17N3O7S1"
4927,147.0725,11.76,3.96,"Unknown","Unknown",0.63,"Unknown"
4928,257.0666,10.03,4.13,"Unknown","Unknown",0.4,"Unknown"
4929,257.0666,10.58,3.74,"Unknown","Unknown",0.4,"Unknown"
4930,232.0347,14.01,4.03,"Artifact","C5H13O8P1",0.45,"Mannitol-1-phosphate C6H15O9P1 - C1H2O1 -> C5H13O8P1"
4931,159.0236,7.69,3.91,"Artifact","[13]C1C4H3N4Na1O1",1.32,"hypoxanthine C5H4N4O1 + [13]C1C-1 -> [13]C1C4H4N4O1 + H-1Na1 -> [13]C1C4H3N4Na1O1"
4932,319.1094,5.3,3.9,"Artifact","[13]C1C11H18N2O8",0.85,"Ribothymidine C10H14N2O6 + C2H4O2 -> C12H18N2O8 + [13]C1C-1 -> [13]C1C11H18N2O8"
4933,225.0861,7.75,3.95,"Artifact","C8H11N5O3",0.4,"7-Methylguanine C6H7N5O1 + C2H4O2 -> C8H11N5O3"
4934,358.1109,4.98,5.05,"Putative metabolite","C12H22O12",0.63,"D-glucitol C6H14O6 + C6H8O6 -> C12H22O12"
4935,328.1212,7.62,5.45,"Artifact","[13]C1C11H17N5O6",0.06,"Adenosine C10H13N5O4 + C2H4O2 -> C12H17N5O6 + [13]C1C-1 -> [13]C1C11H17N5O6"
4936,89.94231,8.81,4.03,"Unknown","Unknown",1.2,"Unknown"
4937,347.072,14.35,4.14,"Artifact","C9H20N1Na2O8P1",0.55,"Phosphorylcholine C5H14N1O4P1 + C2H3Na1O2 -> C7H17N1Na1O6P1 + C2H3Na1O2 -> C9H20N1Na2O8P1"
4938,295.0436,12.25,4.06,"Artifact","C9H15K1N1Na1O6",-0.63,"Diaminopimelic Acid C7H14N2O4 - H1N1 + H-1Na1 -> C7H12N1Na1O4 + C2H3K1O2 -> C9H15K1N1Na1O6"
4939,466.2596,2.02,3.99,"Unknown","Unknown",0.26,"Unknown"
4940,266.1378,9,4.1,"Putative metabolite","C12H18N4O3",0.34,"2-(3-Carboxy-3-aminopropyl)-L-histidine C10H16N4O4 - H2O1 -> C10H14N4O3 + C2H4 -> C12H18N4O3"
4941,351.1278,7.77,4.06,"Putative metabolite","C12H21N3O9",-0.06,"citrulline C6H13N3O3 + C6H8O6 -> C12H21N3O9"
4942,308.052,16.26,4.1,"Artifact","C9H18N2Ni1O6",-0.55,"ornithine C5H12N2O2 + C2H4O2 -> C7H16N2O4 + C2H2Ni1O2 -> C9H18N2Ni1O6"
4943,277.1021,9.7,4.12,"Artifact","C8H15N5O6",0.48,"Peak 2894 C8H14N4O3 + H1N1O3 -> C8H15N5O6"
4944,249.0402,8.8,4.07,"Artifact","C10H12K1N1O4",0.56,"phenylalanine C9H11N1O2 + C1H1K1O2 -> C10H12K1N1O4"
4945,340.4047,2.05,4.52,"Unknown","Unknown",0.32,"Unknown"
4946,133.0857,11.28,4.55,"Artifact","Ring_artifact_C5H11N1O3",0.69,"Peak 236 C5H11N1O3 + Ring_artifact -> Ring_artifact_C5H11N1O3"
4947,296.9276,3.34,3.93,"Unknown","Unknown",0.36,"Unknown"
4948,315.1586,2.24,3.96,"Unknown","Unknown",0.34,"Unknown"
4949,294.0845,3.91,3.74,"Unknown","Unknown",0.36,"Unknown"
4950,268.0226,16.23,4.14,"Artifact","C5H14K1N2O6P1",0.2,"ornithine C5H12N2O2 + H2K1O4P1 -> C5H14K1N2O6P1"
4951,352.14,8.84,4.03,"Unknown","Unknown",0.31,"Unknown"
4952,222.1717,14.16,4.42,"Artifact","Ring_artifact_C7H14N2O4S1",0.45,"cystathionine C7H14N2O4S1 + Ring_artifact -> Ring_artifact_C7H14N2O4S1"
4953,213.0246,6.02,4.13,"Unknown","Unknown",0.46,"Unknown"
4954,275.1676,14.59,4.06,"Artifact","[13]C1C10H22N4O4",-0.51,"Peak 2240 C9H19N3O4 + C2H3N1 -> C11H22N4O4 + [13]C1C-1 -> [13]C1C10H22N4O4"
4955,373.2909,2.28,3.87,"Unknown","Unknown",0.3,"Unknown"
4956,298.1627,4.62,4.59,"Putative metabolite","C12H26O8",0.23,"isobutyl acetate C6H12O2 + H2O1 -> C6H14O3 + C6H10O5 -> C12H24O8 + H2 -> C12H26O8"
4957,276.0209,13.65,5.18,"Artifact","[53]Cr1C6H13N3O6",0.67,"citrulline C6H13N3O3 + Cr1O3 -> C6Cr1H13N3O6 + [53]Cr1Cr-1 -> [53]Cr1C6H13N3O6"
4958,283.0644,10.61,4.11,"Artifact","C8H15N1Na2O7",-0.03,"O-Acetyl-L-homoserine C6H11N1O4 + C2H3Na1O2 -> C8H14N1Na1O6 + H1Na1O1 -> C8H15N1Na2O7"
4959,287.0747,8.82,3.99,"Artifact","C11H15N1Na2O5",-0.48,"phenylalanine C9H11N1O2 + H1Na1O1 -> C9H12N1Na1O3 + C2H3Na1O2 -> C11H15N1Na2O5"
4960,94.00858,2.59,5.39,"Unknown","Unknown",1.15,"Unknown"
4961,216.0858,13.25,3.93,"Artifact","Ring_artifact_C8H16N4O3",0.46,"N-Acetyl-L-arginine C8H16N4O3 + Ring_artifact -> Ring_artifact_C8H16N4O3"
4962,116.0695,11.98,4.03,"Unknown","Unknown",0.78,"Unknown"
4963,218.1459,14.37,4.01,"Artifact","[13]C1C8H19N3O3",0.44,"Peak 1383 C10H21N3O4 - C1H2O1 -> C9H19N3O3 + [13]C1C-1 -> [13]C1C8H19N3O3"
4964,306.0522,13.52,4.8,"Putative metabolite","C10H14N2O7S1",-0.09,"glutathione C10H17N3O6S1 - H3N1O-1 -> C10H14N2O7S1"
4965,138.0082,13,4.34,"Putative metabolite","C3H7O4P1",-0.04,"D-Lactaldehyde C3H6O2 + H1O3P1 -> C3H7O5P1 - O1 -> C3H7O4P1"
4966,342.1015,13.04,4.61,"Artifact","C10H20N2Na2O8",0.01,"alanine C3H7N1O2 + Peak 3282 -> C10H20N2Na2O8"
4967,504.9665,14.45,3.88,"Artifact","C9H15N3Na1O14P3",-0.09,"CTP C9H16N3O14P3 + H-1Na1 -> C9H15N3Na1O14P3"
4968,312.0485,6.79,3.93,"Metabolite","C13H12O9",-1.18,"Caftaric acid C13H12O9"
4969,265.0537,10.15,4.09,"Artifact","C8H13N1Na2O6",0.48,"Pyroglutamic acid C5H7N1O3 + H-1Na1 -> C5H6N1Na1O3 + C2H3Na1O2 -> C7H9N1Na2O5 + C1H4O1 -> C8H13N1Na2O6"
4970,259.0778,13.64,4.4,"Artifact","C7H14N3Na1O6",0.89,"citrulline C6H13N3O3 + C1H1Na1O3 -> C7H14N3Na1O6"
4971,245.1958,11.8,4.2,"Artifact","Ring_artifact_C6H15N1O9",0.41,"D-glucitol C6H14O6 + H1N1O3 -> C6H15N1O9 + Ring_artifact -> Ring_artifact_C6H15N1O9"
4972,245.1956,11.37,4.11,"Artifact","Ring_artifact_C6H15N1O9",0.41,"D-glucitol C6H14O6 + H1N1O3 -> C6H15N1O9 + Ring_artifact -> Ring_artifact_C6H15N1O9"
4973,116.8291,11.23,3.95,"Unknown","Unknown",0.77,"Unknown"
4974,365.968,16.05,3.88,"Unknown","Unknown",0.3,"Unknown"
4975,525.3022,15.08,4,"Unknown","Unknown",0.24,"Unknown"
4976,233.9947,6.94,3.92,"Putative metabolite","C6H6N2O6S1",-0.18,"4-Nitrophenol C6H5N1O3 + O3S1 -> C6H5N1O6S1 + H1N1 -> C6H6N2O6S1"
4977,159.1258,11.39,4,"Artifact","Ring_artifact_C6H9N1O4",0.59,"Peak 160 C6H9N1O4 + Ring_artifact -> Ring_artifact_C6H9N1O4"
4978,328.1482,11.77,4.04,"Putative metabolite","C11H24N2O9",-0.06,"N-Acetylneuraminic acid C11H19N1O9 + H2O1 -> C11H21N1O10 + H3N1O-1 -> C11H24N2O9"
4979,462.0751,14.83,4.1,"Artifact","C14H24K1Na1O13",0.15,"Trehalose C12H22O11 + C2H3K1O2 -> C14H25K1O13 + H-1Na1 -> C14H24K1Na1O13"
4980,287.0318,11.16,4.11,"Artifact","C9Ca1H13N1O7",-0.02,"Pyroglutamic acid C5H7N1O3 + C2Ca1H2O2 -> C7Ca1H9N1O5 + C2H4O2 -> C9Ca1H13N1O7"
4981,287.0318,10.84,4.11,"Putative metabolite","C8H17N1O4S3",0.59,"Dihydrolipoamide C8H17N1O1S2 + O3S1 -> C8H17N1O4S3"
4982,114.0793,9.3,4.06,"Putative metabolite","C5H10N2O1",0.11,"Ornithine C5H12N2O2 - H2O1 -> C5H10N2O1"
4983,328.052,9.58,4.05,"Artifact","C10H13N2Na1O9",-0.38,"Uridine C9H12N2O6 + C1H1Na1O3 -> C10H13N2Na1O9"
4984,365.0992,11.8,4.07,"Artifact","C9H23N1O12Si1",-0.68,"D-glucitol C6H14O6 + H1N1O3 -> C6H15N1O9 + C3H8O3Si1 -> C9H23N1O12Si1"
4985,143.0734,8.73,4.06,"Putative metabolite","C10H9N1",0.69,"Indole-3-ethanol C10H11N1O1 - H2O1 -> C10H9N1"
4986,256.9888,11.12,4.02,"Artifact","C6H6N1Na3O6",0.08,"Pyroglutamic acid C5H7N1O3 + C1H1Na1O3 -> C6H8N1Na1O6 + H-2Na2 -> C6H6N1Na3O6"
4987,220.044,7.51,4.05,"Artifact","[13]C1C9H7N2O4",-0.29,"Peak 1991 C10H8N2O4 - H1 -> C10H7N2O4 + [13]C1C-1 -> [13]C1C9H7N2O4"
4988,275.0732,11.35,3.81,"Artifact","C7H14N3Na1O7",-0.93,"N-Acetyl-L-glutamate 5-semialdehyde C7H11N1O4 + H3N1 -> C7H14N2O4 + N1Na1O3 -> C7H14N3Na1O7"
4989,439.2543,14.64,3.91,"Unknown","Unknown",0.27,"Unknown"
4990,283.4806,14.36,3.9,"Unknown","Unknown",0.37,"Unknown"
4991,146.8651,13.51,5.51,"Unknown","Unknown",0.63,"Unknown"
4992,343.1128,9.72,4.01,"Artifact","C12H17N5O7",-0.06,"guanosine C10H13N5O5 + C2H4O2 -> C12H17N5O7"
4993,235.0431,9.08,4.01,"Artifact","C7H11N1Na2O5",0.69,"5-Aminolevulinic acid C5H9N1O3 + H-1Na1 -> C5H8N1Na1O3 + C2H3Na1O2 -> C7H11N1Na2O5"
4994,155.0063,9.73,3.95,"Artifact","[13]C1C2H7O5P1",1.06,"Peak 1130 C3H7O5P1 + [13]C1C-1 -> [13]C1C2H7O5P1"
4995,269.0859,11.73,3.92,"Artifact","C7H15N3O8",0.05,"Peak 1310 C7H14N2O5 + H1N1O3 -> C7H15N3O8"
4996,186.0347,13,5.11,"Artifact","[29]Si1C3H11N1O6",2.32,"alanine C3H7N1O2 + H4O4Si1 -> C3H11N1O6Si1 + [29]Si1Si-1 -> [29]Si1C3H11N1O6"
4997,257.0746,9.36,3.94,"Putative metabolite","C7H15N1O9",0.32,"Gluconic acid C6H12O7 + C1O2 -> C7H12O9 + H3N1 -> C7H15N1O9"
4998,149.0938,9.91,3.86,"Artifact","[18]O1C6H13N1O2",-0.07,"Triethanolamine C6H15N1O3 - H2 + [18]O1O-1 -> [18]O1C6H13N1O2"
4999,239.0325,10.78,4,"Artifact","C9Cl1H11N1Na1O3",0.07,"tyrosine C9H11N1O3 + H-1Na1 -> C9H10N1Na1O3 + Cl1H1 -> C9Cl1H11N1Na1O3"
5000,267.0517,6.45,3.94,"Artifact","[13]C1[37]Cl1C8H13N2O5",0.01,"deoxyuridine C9H12N2O5 + Cl1H1 -> C9Cl1H13N2O5 + [13]C1C-1 -> [13]C1C8Cl1H13N2O5 + [37]Cl1Cl-1 -> [13]C1[37]Cl1C8H13N2O5"
5001,326.1543,16.24,4.06,"Unknown","Unknown",0.33,"Unknown"
5002,202.1429,16.48,4.13,"Metabolite","C8H18N4O2",0.38,"Dimethyl-L-arginine C8H18N4O2"
5003,215.0228,8.77,4.03,"Artifact","C6H10N1Na1O4S1",0.11,"Peak 1051 C5H9N1O2S1 + C1H1Na1O2 -> C6H10N1Na1O4S1"
5004,343.0231,12.23,4.02,"Unknown","Unknown",0.32,"Unknown"
5005,200.0058,17.1,4.11,"Unknown","Unknown",0.49,"Unknown"
5006,200.0058,18.29,4.02,"Unknown","Unknown",0.49,"Unknown"
5007,238.0054,7.67,4,"Artifact","C5H5N4Na3O3",0.31,"hypoxanthine C5H4N4O1 + H-1Na1 -> C5H3N4Na1O1 + H1Na1O1 -> C5H4N4Na2O2 + H1Na1O1 -> C5H5N4Na3O3"
5008,165.0261,7.31,3.96,"Unknown","Unknown",0.57,"Unknown"
5009,359.1403,2.09,3.85,"Artifact","C15H25N1O7Si1",-0.76,"Peak 2015 C15H21N1O3 + H4O4Si1 -> C15H25N1O7Si1"
5010,147.1091,9.98,4.33,"Artifact","Ring_artifact_C5H9N1O4",0.63,"O-acetyl-L-serine C5H9N1O4 + Ring_artifact -> Ring_artifact_C5H9N1O4"
5011,288.0482,12.4,4,"Artifact","C11H12O9",-0.24,"Chorismate C10H10O6 + C1H2O3 -> C11H12O9"
5012,213.1113,7.72,3.98,"Artifact","C9H15N3O3",0.19,"Peak 3748 C7H11N3O1 + C2H4O2 -> C9H15N3O3"
5013,299.1216,9.96,3.97,"Artifact","C10H21N1O9",0.1,"O-acetyl-L-serine C5H9N1O4 + Peak 1881 -> C10H21N1O9"
5014,256.1134,2.19,5.91,"Putative metabolite","C13H20O3S1",-0.33,"Ubiquinone Q1 C14H18O4 + H2S1 -> C14H20O4S1 - C1O1 -> C13H20O3S1"
5015,335.8542,13.87,4.74,"Artifact","[41]K1C3H5K2O9S1",1.39,"KHSO4 H1K1O4S1 + C2H3K1O2 + [41]K1K-1 -> [41]K1C2H4K1O6S1 + C1H1K1O3 -> [41]K1C3H5K2O9S1"
5016,308.1446,2.15,4.08,"Unknown","Unknown",0.35,"Unknown"
5017,243.0936,5.46,3.83,"Artifact","[13]C1C9H14N2O5",0.11,"thymidine C10H14N2O5 + [13]C1C-1 -> [13]C1C9H14N2O5"
5018,348.0214,8.66,3.89,"Artifact","C10Cl1H11N4Na2O5",-0.18,"inosine C10H12N4O5 + H-1Na1 -> C10H11N4Na1O5 + Cl1H1 -> C10Cl1H12N4Na1O5 + H-1Na1 -> C10Cl1H11N4Na2O5"
5019,129.1966,11.15,3.94,"Unknown","Unknown",0.71,"Unknown"
5020,279.9392,16.08,4.18,"Unknown","Unknown",0.37,"Unknown"
5021,355.0557,11.96,3.77,"Unknown","Unknown",0.31,"Unknown"
5022,359.0507,10.62,3.87,"Artifact","C8H20N1Na1O9P2",1.11,"Peak 5318 C6H17N1O7P2 + C2H3Na1O2 -> C8H20N1Na1O9P2"
5023,240.0594,7.76,3.95,"Putative metabolite","C6H12N2O8",-0.14,"gamma-amino-gamma-cyanobutanoic acid C5H8N2O2 + C6H10O5 -> C11H18N2O7 - C5H8 -> C6H10N2O7 + H2O1 -> C6H12N2O8"
5024,253.0902,9.87,3.81,"Artifact","C8H17N1Na2O5",0.05,"isoleucine C6H13N1O2 + C2H3Na1O2 -> C8H16N1Na1O4 + H1Na1O1 -> C8H17N1Na2O5"
5025,253.0901,9.3,3.66,"Artifact","C8H17N1Na2O5",0.44,"leucine C6H13N1O2 + C2H3Na1O2 -> C8H16N1Na1O4 + H1Na1O1 -> C8H17N1Na2O5"
5026,226.0451,8.31,4,"Artifact","C6H6N6O4",-0.21,"Peak 1126 C6H5N5O1 + H1N1O3 -> C6H6N6O4"
5027,325.0515,10.76,3.99,"Artifact","C11H14N1Na3O6",-0.24,"tyrosine C9H11N1O3 + C2H3Na1O2 -> C11H14N1Na1O5 + H-1Na1 -> C11H13N1Na2O5 + H1Na1O1 -> C11H14N1Na3O6"
5028,339.9917,13.16,3.89,"Unknown","Unknown",0.32,"Unknown"
5029,175.0156,10.66,3.93,"Unknown","Unknown",0.54,"Unknown"
5030,496.2757,15.02,3.72,"Unknown","Unknown",0.25,"Unknown"
5031,301.104,14.7,3.95,"Artifact","C10H20K1N3O5",0.01,"Peak 677 C8H17N3O3 + C2H3K1O2 -> C10H20K1N3O5"
5032,233.1455,8.29,3.94,"Artifact","[13]C1C9H20N2O4",0.69,"Peak 2351 C10H20N2O4 + [13]C1C-1 -> [13]C1C9H20N2O4"
5033,233.1455,8.03,3.94,"Unknown","Unknown",0.43,"Unknown"
5034,291.8646,13.85,5.19,"Artifact","[41]K1C2H5K2O7S1",0.82,"KHSO4 H1K1O4S1 + C2H3K1O2 + [41]K1K-1 -> [41]K1C2H4K1O6S1 + H1K1O1 -> [41]K1C2H5K2O7S1"
5035,327.9164,14.49,3.86,"Unknown","Unknown",0.33,"Unknown"
5036,118.1225,11.21,4.07,"Artifact","Ring_artifact_[13]C1C4H11N1O2",0.77,"DL-Valine C5H11N1O2 + [13]C1C-1 -> [13]C1C4H11N1O2 + Ring_artifact -> Ring_artifact_[13]C1C4H11N1O2"
5037,145.923,12.21,3.81,"Unknown","Unknown",0.64,"Unknown"
5038,550.0946,12.19,3.84,"Unknown","Unknown",0.23,"Unknown"
5039,276.0722,8.91,4.03,"Artifact","C11H13N2Na1O5",0.06,"L-Kynurenine C10H12N2O3 + C1H1Na1O2 -> C11H13N2Na1O5"
5040,279.0419,10.78,3.99,"Artifact","C11Ca1H13N1O5",0.23,"tyrosine C9H11N1O3 + C2Ca1H2O2 -> C11Ca1H13N1O5"
5041,319.0715,5,3.92,"Artifact","C11H14N5Na1O3S1",0.01,"5'-Methylthioadenosine C11H15N5O3S1 + H-1Na1 -> C11H14N5Na1O3S1"
5042,288.0909,6.11,3.91,"Putative metabolite","C8H21N2O5P1S1",-0.07,"Glycerophosphocholine C8H20N1O6P1 - H-1N-1O1 -> C8H21N2O5P1 + S1 -> C8H21N2O5P1S1"
5043,88.97988,6.8,3.92,"Artifact","Cl2H5N1",0.28,"HCl Cl1H1 + Cl1H1 + H3N1 -> Cl2H5N1"
5044,223.9499,14.47,3.69,"Artifact","[41]K1C3H5Na2O6",0.35,"KHCO3 C1H1K1O3 + C2H3Na1O2 + H1Na1O1 -> C3H5K1Na2O6 + [41]K1K-1 -> [41]K1C3H5Na2O6"
5045,108.0309,11.3,3.88,"Artifact","[18]O1C3H6O3",-0.42,"Glyceric acid C3H6O4 + [18]O1O-1 -> [18]O1C3H6O3"
5046,687.2534,7.42,3.91,"Unknown","Unknown",0.2,"Unknown"
5047,323.0856,10.81,4.05,"Unknown","Unknown",0.33,"Unknown"
5048,244.9531,11.37,4.12,"Artifact","Ring_artifact_C6H15N1O9",0.41,"D-glucitol C6H14O6 + H1N1O3 -> C6H15N1O9 + Ring_artifact -> Ring_artifact_C6H15N1O9"
5049,131.93,16.31,4.39,"Unknown","Unknown",0.69,"Unknown"
5050,223.9838,8.33,3.93,"Unknown","Unknown",0.44,"Unknown"
5051,681.4219,4.68,3.99,"Unknown","Unknown",0.2,"Unknown"
5052,197.936,14.4,3.78,"Artifact","Ring_artifact_C8H10N2O2S1",0.49,"Peak 335 C8H10N2O2S1 + Ring_artifact -> Ring_artifact_C8H10N2O2S1"
5053,197.936,16.55,3.67,"Artifact","H4Na1O7P1Si1",0.81,"H2SiO3 H2O3Si1 + H2Na1O4P1"
5054,305.0736,9.7,4.04,"Artifact","C10H12N5Na1O5",-0.02,"guanosine C10H13N5O5 + H-1Na1 -> C10H12N5Na1O5"
5055,297.1705,9.67,3.95,"Putative metabolite","C12H28N1O5P1",0.03,"Glycerophosphocholine C8H20N1O6P1 + C5H8 -> C13H28N1O6P1 - C1O1 -> C12H28N1O5P1"
5056,821.5714,4.36,4.41,"Artifact","[13]C2C41H82N1O11P1",-2.61,"ethyl 3-hydroxybutanoate C6H12O3 + Peak 934 -> C43H82N1O11P1 + [13]C1C-1 -> [13]C1C42H82N1O11P1 + [13]C1C-1 -> [13]C2C41H82N1O11P1"
5057,571.2392,12.44,4.02,"Unknown","Unknown",0.23,"Unknown"
5058,281.0433,7.62,3.8,"Artifact","[15]N1C9Cl1H13N1O6",-0.18,"uridine C9H12N2O6 + Cl1H1 -> C9Cl1H13N2O6 + [15]N1N-1 -> [15]N1C9Cl1H13N1O6"
5059,173.0881,12.53,3.68,"Artifact","[13]C1C6H12N2O3",0.27,"Glycyl-L-proline C7H12N2O3 + [13]C1C-1 -> [13]C1C6H12N2O3"
5060,119.0735,8.95,4.04,"Putative metabolite","C8H9N1",-0.01,"Phenylacetaldehyde C8H8O1 - H-1N-1O1 -> C8H9N1"
5061,343.1744,12.82,4.13,"Putative metabolite","C15H25N3O6",-0.19,"glutathione C10H17N3O6S1 - S1 -> C10H17N3O6 + C5H8 -> C15H25N3O6"
5062,238.0788,14.29,3.86,"Artifact","[34]S1C8H16N2O4",0.31,"Peak 1365 C8H16N2O4S1 + [34]S1S-1 -> [34]S1C8H16N2O4"
5063,132.0743,16.23,4.35,"Artifact","Ring_artifact_C5H12N2O2",0.69,"ornithine C5H12N2O2 + Ring_artifact -> Ring_artifact_C5H12N2O2"
5064,132.0743,16.79,4.2,"Artifact","Ring_artifact_C5H12N2O2",0.69,"ornithine C5H12N2O2 + Ring_artifact -> Ring_artifact_C5H12N2O2"
5065,244.9532,11.79,4.18,"Artifact","Ring_artifact_C6H15N1O9",0.41,"D-glucitol C6H14O6 + H1N1O3 -> C6H15N1O9 + Ring_artifact -> Ring_artifact_C6H15N1O9"
5066,359.2615,11.73,3.81,"Unknown","Unknown",0.31,"Unknown"
5067,358.2217,7.71,3.85,"Unknown","Unknown",0.31,"Unknown"
5068,299.1845,8.87,3.89,"Putative metabolite","C14H25N3O4",0.02,"Homocitrulline C7H15N3O3 + C2H2O1 -> C9H17N3O4 + C5H8 -> C14H25N3O4"
5069,384.1293,10.73,3.79,"Artifact","C18H21N2Na1O6",1.12,"tyrosine C9H11N1O3 + Peak 2921 -> C18H21N2Na1O6"
5070,81.97051,14.23,3.89,"Artifact","[18]O1H1O2P1",0.81,"H3PO4 H3O4P1 - H2O1 -> H1O3P1 + [18]O1O-1 -> [18]O1H1O2P1"
5071,431.2492,15.87,3.9,"Unknown","Unknown",0.27,"Unknown"
5072,313.1363,14.51,3.84,"Artifact","C10H20N5Na1O5",-0.28,"Peak 1207 C8H17N5O3 + C2H3Na1O2 -> C10H20N5Na1O5"
5073,314.0421,12.61,4.09,"Putative metabolite","C8H14N2O9S1",-0.32,"L-gamma-Glutamyl-L-alanine C8H14N2O5 + O1 -> C8H14N2O6 + O3S1 -> C8H14N2O9S1"
5074,284.9878,6.42,3.93,"Unknown","Unknown",0.37,"Unknown"
5075,119.9492,7.57,4.02,"Artifact","H1Na1O4S1",1.03,"NaHSO4 H1Na1O4S1"
5076,375.0404,8.68,4.04,"Artifact","C10H11N5Na2O8",-0.26,"inosine C10H12N4O5 + H1N1O3 -> C10H13N5O8 + H-2Na2 -> C10H11N5Na2O8"
5077,228.0635,12.5,3.83,"Artifact","C10H12O6",-0.49,"3-(4-hydroxyphenyl)lactic acid C9H10O4 + C1H2O2 -> C10H12O6"
5078,157.0254,6.39,3.85,"Unknown","Unknown",0.6,"Unknown"
5079,392.126,16.23,3.87,"Unknown","Unknown",0.29,"Unknown"
5080,822.5808,4.46,3.81,"Unknown","Unknown",0.18,"Unknown"
5081,88.0779,7.04,4.74,"Unknown","Unknown",1.22,"Unknown"
5082,214.0665,11.23,3.75,"Artifact","[29]Si1C5H15N1O6",-0.32,"DL-Valine C5H11N1O2 + H4O4Si1 -> C5H15N1O6Si1 + [29]Si1Si-1 -> [29]Si1C5H15N1O6"
5083,119.0793,11.22,3.7,"Artifact","[13]C1[15]N1C4H11O2",0.57,"DL-Valine C5H11N1O2 + [13]C1C-1 -> [13]C1C4H11N1O2 + [15]N1N-1 -> [13]C1[15]N1C4H11O2"
5084,260.0193,17.82,3.78,"Unknown","Unknown",0.39,"Unknown"
5085,292.1012,12.89,3.96,"Artifact","C10H18N2Na2O5",-0.3,"Acetyllysine C8H16N2O3 + C2H3Na1O2 -> C10H19N2Na1O5 + H-1Na1 -> C10H18N2Na2O5"
5086,320.1406,8.42,4.03,"Putative metabolite","C13H24N2O5S1",-0.02,"cystathionine C7H14N2O4S1 + C5H8 -> C12H22N2O4S1 + C1H2O1 -> C13H24N2O5S1"
5087,276.0822,12.18,3.64,"Artifact","C9H17Na1O8",-0.32,"Peak 1731 C9H18O8 + H-1Na1 -> C9H17Na1O8"
5088,274.1052,13.02,4.13,"Putative metabolite","C12H18O7",0.19,"Methylisocitric acid C7H10O7 + C5H8 -> C12H18O7"
5089,119.0469,9.05,3.97,"Artifact","[18]O1C4H7N1O2",-0.51,"N-Acetylglycine C4H7N1O3 + [18]O1O-1 -> [18]O1C4H7N1O2"
5090,134.1068,4.89,3.98,"Unknown","Unknown",0.68,"Unknown"
5091,273.0806,8.7,3.88,"Artifact","[13]C1C11H13N2Na1O4",0.21,"tryptophan C11H12N2O2 + C1H1Na1O2 -> C12H13N2Na1O4 + [13]C1C-1 -> [13]C1C11H13N2Na1O4"
5092,95.88933,1.53,4.56,"Unknown","Unknown",1.13,"Unknown"
5093,184.9999,11.14,4.02,"Unknown","Unknown",0.52,"Unknown"
5094,184.9999,10.83,4.02,"Unknown","Unknown",0.52,"Unknown"
5095,229.9678,11.17,3.8,"Artifact","[53]Cr1C5H7N1O6",0.81,"Pyroglutamic acid C5H7N1O3 + Cr1O3 -> C5Cr1H7N1O6 + [53]Cr1Cr-1 -> [53]Cr1C5H7N1O6"
5096,160.0371,12.34,4.81,"Metabolite","C6H8O5",0.46,"Oxoadipic acid C6H8O5"
5097,383.0112,12.23,3.9,"Unknown","Unknown",0.3,"Unknown"
5098,373.3272,3.88,3.84,"Artifact","[13]C1C21H44O4",0.31,"Peak 1053 C22H44O4 + [13]C1C-1 -> [13]C1C21H44O4"
5099,256.0044,6.53,3.74,"Unknown","Unknown",0.4,"Unknown"
5100,115.0755,11.97,3.9,"Unknown","Unknown",0.78,"Unknown"
5101,250.0064,12.88,3.94,"Artifact","C7H8Na2O7",0.57,"Oxoglutaric acid C5H6O5 + H-1Na1 -> C5H5Na1O5 + C2H3Na1O2 -> C7H8Na2O7"
5102,100.0718,7.88,3.83,"Artifact","[13]C1C4H9N1O1",-0.31,"Tiglic acid C5H8O2 - H-1N-1O1 + [13]C1C-1 -> [13]C1C4H9N1O1"
5103,141.0619,5.72,3.88,"Artifact","[13]C1C5H8N2O2",0.03,"1-Methyl imidozolacetic Acid Hydrochloride C6H8N2O2 + [13]C1C-1 -> [13]C1C5H8N2O2"
5104,246.045,14.39,3.8,"Unknown","Unknown",0.41,"Unknown"
5105,115.1019,11.96,4.94,"Unknown","Unknown",0.78,"Unknown"
5106,449.6926,1.95,3.79,"Unknown","Unknown",0.26,"Unknown"
5107,346.1853,9.88,3.72,"Putative metabolite","C14H26N4O6",-0.19,"Cytidine C9H13N3O5 + H2O1 -> C9H15N3O6 + H3N1 -> C9H18N4O6 + C5H8 -> C14H26N4O6"
5108,417.1497,12.58,3.89,"Putative metabolite","C15H23N5O9",-0.29,"(6R)-6-(l-erythro-1,2-dihydroxypropyl)-5,6,7,8-tetrahydro-4a-hydroxypterin C9H14N4O3 + C6H8O6 -> C15H22N4O9 + H1N1 -> C15H23N5O9"
5109,368.0692,9.7,3.77,"Artifact","C10H13N6Na1O8",0.1,"guanosine C10H13N5O5 + N1Na1O3 -> C10H13N6Na1O8"
5110,328.0521,7.57,3.74,"Artifact","C10H13N2Na1O9",-0.69,"uridine C9H12N2O6 + C1H1Na1O3 -> C10H13N2Na1O9"
5111,234.158,11.22,3.83,"Artifact","C10H22N2O4",-0.18,"DL-Valine C5H11N1O2 * 2 -> C10H22N2O4"
5112,305.0844,12.82,3.77,"Unknown","Unknown",0.35,"Unknown"
5113,205.0625,9.85,3.85,"Unknown","Unknown",0.48,"Unknown"
5114,310.139,14.07,4.73,"Putative metabolite","C12H18N6O4",-0.15,"7-methylguanosine C11H15N5O5 + C1H2 -> C12H17N5O5 - H-1N-1O1 -> C12H18N6O4"
5115,310.139,13.74,4.73,"Artifact","C12H18N6O4",-0.15,"aspartate C4H7N1O4 + Peak 634 -> C12H18N6O4"
5116,310.1389,14.34,4.73,"Putative metabolite","C12H18N6O4",0.17,"7-methylguanosine C11H15N5O5 + C1H2 -> C12H17N5O5 - H-1N-1O1 -> C12H18N6O4"
5117,223.1037,8.4,3.82,"Artifact","[13]C1C10H14N2O3",0.44,"Peak 2554 C11H14N2O3 + [13]C1C-1 -> [13]C1C10H14N2O3"
5118,306.8949,7.59,3.99,"Artifact","Ring_artifact_C9H13N3O9",0.35,"uridine C9H12N2O6 + H1N1O3 -> C9H13N3O9 + Ring_artifact -> Ring_artifact_C9H13N3O9"
5119,253.0981,11.97,3.96,"Putative metabolite","C9H19N1O5S1",1.16,"pantothenate C9H17N1O5 + H2S1 -> C9H19N1O5S1"
5120,268.9996,6.46,3.84,"Unknown","Unknown",0.38,"Unknown"
5121,205.0616,7.79,4.01,"Artifact","C7Cl1H12N3O2",1,"N(pros)-methyl-L-histidine C7H11N3O2 + Cl1H1 -> C7Cl1H12N3O2"
5122,314.1115,14.71,4.01,"Putative metabolite","C13H18N2O7",-0.32,"uridine C9H12N2O6 + C2H2O1 -> C11H14N2O7 + C2H4 -> C13H18N2O7"
5123,213.0403,11.97,3.84,"Putative metabolite","C5H12N1O6P1",-0.36,"Glycerylphosphorylethanolamine C5H14N1O6P1 - H2 -> C5H12N1O6P1"
5124,301.0538,8.83,3.94,"Artifact","C11H13N1Na2O6",0.09,"phenylalanine C9H11N1O2 + C1H1Na1O2 -> C10H12N1Na1O4 + C1H1Na1O2 -> C11H13N1Na2O6"
5125,328.0885,7.85,3.97,"Artifact","C11H17N2Na1O8",-0.73,"Peak 868 C9H14N2O6 + C2H3Na1O2 -> C11H17N2Na1O8"
5126,272.1218,12.26,3.95,"Artifact","[13]C1C8H22N1O6P1",0.11,"Glycerophosphocholine C8H20N1O6P1 + C1H2 + [13]C1C-1 -> [13]C1C8H22N1O6P1"
5127,185.0395,10.96,3.94,"Unknown","Unknown",0.52,"Unknown"
5128,315.0024,12.23,4.06,"Artifact","C7Cr1H14N1Na1O8",-0.58,"Diaminopimelic Acid C7H14N2O4 - H1N1 + Cr1O3 -> C7Cr1H13N1O7 + H1Na1O1 -> C7Cr1H14N1Na1O8"
5129,243.9677,9.07,4.07,"Artifact","Ring_artifact_C10H16N2O3S1",0.41,"biotin C10H16N2O3S1 + Ring_artifact -> Ring_artifact_C10H16N2O3S1"
5130,221.9831,8.48,3.72,"Artifact","C4Cr1H10O7",0.27,"Peak 4044 C4H10O4 + Cr1O3 -> C4Cr1H10O7"
5131,306.0876,14.98,3.94,"Artifact","C10H15N6Na1O2S1",-0.36,"Peak 2969 C10H16N6O2S1 + H-1Na1 -> C10H15N6Na1O2S1"
5132,238.0953,8.91,3.97,"Metabolite","C11H14N2O4",0.24,"Glycyl-L-tyrosine C11H14N2O4"
5133,323.1401,11.18,3.85,"Putative metabolite","C13H25N1O6S1",0.49,"Ethyl methionate C7H15N1O2S1 - O1 -> C7H15N1O1S1 + C6H10O5 -> C13H25N1O6S1"
5134,331.1858,14.7,3.98,"Unknown","Unknown",0.33,"Unknown"
5135,267.0778,11.76,4.01,"Putative metabolite","C9H17N1O6S1",-0.53,"L-Cysteic acid C3H7N1O5S1 + C5H8 -> C8H15N1O5S1 + C1H2O1 -> C9H17N1O6S1"
5136,267.0776,11.15,3.83,"Artifact","C9H17N1O6S1",0.22,"Peak 2489 C7H13N1O4S1 + C2H4O2 -> C9H17N1O6S1"
5137,131.8941,16.26,4.02,"Unknown","Unknown",0.69,"Unknown"
5138,131.8941,16.81,3.88,"Unknown","Unknown",0.69,"Unknown"
5139,198.0457,6.63,3.84,"Unknown","Unknown",0.49,"Unknown"
5140,376.1675,11.45,3.73,"Artifact","[13]C1C14H25N3O8",0.05,"Peak 3386 C15H25N3O8 + [13]C1C-1 -> [13]C1C14H25N3O8"
5141,344.206,8.21,3.95,"Putative metabolite","C15H28N4O5",-0.09,"glutathione C10H17N3O6S1 - S1 -> C10H17N3O6 + H3N1O-1 -> C10H20N4O5 + C5H8 -> C15H28N4O5"
5142,318.0914,16.26,3.95,"Artifact","C7H22N2O8Si2",0.22,"ornithine C5H12N2O2 + H4O4Si1 -> C5H16N2O6Si1 + C3H8O3Si1 -> C8H24N2O9Si2 - C1H2O1 -> C7H22N2O8Si2"
5143,342.1029,16.86,3.83,"Putative metabolite","C10H22N4O5S2",0.76,"glutathione C10H17N3O6S1 + H2S1 -> C10H19N3O6S2 + H3N1O-1 -> C10H22N4O5S2"
5144,425.1229,14.82,3.93,"Artifact","[13]C1C13H25Na1O13",-0.61,"Trehalose C12H22O11 + [13]C1C-1 -> [13]C1C11H22O11 + C2H3Na1O2 -> [13]C1C13H25Na1O13"
5145,381.9421,14.42,3.86,"Artifact","C6H11K1Na3O10P1",-0.26,"CH3COOK C2H3K1O2 + C2H3Na1O2 + C2H3Na1O2 -> C6H9K1Na2O6 + H2Na1O4P1 -> C6H11K1Na3O10P1"
5146,381.9422,16.03,3.64,"Unknown","Unknown",0.3,"Unknown"
5147,333.19,8.61,3.86,"Putative metabolite","C14H27N3O6",-0.04,"L-gamma-Glutamyl-L-alanine C8H14N2O5 + C1H2O1 -> C9H16N2O6 + H3N1 -> C9H19N3O6 + C5H8 -> C14H27N3O6"
5148,329.9663,18.5,3.76,"Unknown","Unknown",0.33,"Unknown"
5149,245.0877,9.08,3.91,"Artifact","C8H16N1Na1O6",-0.69,"5-Aminolevulinic acid C5H9N1O3 + C2H3Na1O2 -> C7H12N1Na1O5 + C1H4O1 -> C8H16N1Na1O6"
5150,305.0235,9.04,3.93,"Artifact","C5H15N1O10Si2",-0.17,"5-Aminolevulinic acid C5H9N1O3 + H4O4Si1 -> C5H13N1O7Si1 + H2O3Si1 -> C5H15N1O10Si2"
5151,427.134,11.38,4.02,"Putative metabolite","C16H21N5O9",-0.17,"hypoxanthine C5H4N4O1 + C11H17N1O8 -> C16H21N5O9"
5152,295.101,9.81,3.9,"Artifact","C10H19N1Na2O6",-0.76,"isoleucine C6H13N1O2 + C2H3Na1O2 -> C8H16N1Na1O4 + C2H3Na1O2 -> C10H19N1Na2O6"
5153,354.2269,15.1,3.93,"Unknown","Unknown",0.31,"Unknown"
5154,247.0497,10.56,3.99,"Artifact","[13]C1C5H11N2Na1O7",0.2,"O-Acetyl-L-homoserine C6H11N1O4 + [13]C1C-1 -> [13]C1C5H11N1O4 + N1Na1O3 -> [13]C1C5H11N2Na1O7"
5155,232.0151,16.27,3.86,"Artifact","C5Cr1H12N2O5",0.12,"ornithine C5H12N2O2 + Cr1O3 -> C5Cr1H12N2O5"
5156,252.0469,11.47,3.87,"Artifact","C7H9N4Na1O5",0.65,"Peak 2463 C7H9N3O2 + N1Na1O3 -> C7H9N4Na1O5"
5157,168.0057,12.45,3.87,"Putative metabolite","C7H4O5",1.03,"2-Amino-3-carboxymuconic acid semialdehyde C7H7N1O5 - H3N1 -> C7H4O5"
5158,311.1094,13.44,4.74,"Artifact","C11H18N3Na1O6",-0.23,"Peak 267 C11H19N3O6 + H-1Na1 -> C11H18N3Na1O6"
5159,306.0255,11.62,3.94,"Putative metabolite","C7H14O11S1",0.59,"D-glucitol C6H14O6 + C1O2 -> C7H14O8 + O3S1 -> C7H14O11S1"
5160,134.0382,13.57,4.28,"Artifact","Ring_artifact_C4H6O5",0.68,"malate C4H6O5 + Ring_artifact -> Ring_artifact_C4H6O5"
5161,194.0537,9.07,3.75,"Artifact","C5H10N2O6",0.96,"5-Aminolevulinic acid C5H9N1O3 + H1N1O3 -> C5H10N2O6"
5162,799.032,13.89,5.11,"Artifact","C21H28K1N7O18P2S1",0.48,"NAD C21H27N7O14P2 + H1K1O4S1 -> C21H28K1N7O18P2S1"
5163,165.0571,8.86,3.98,"Artifact","Ring_artifact_C9H11N1O2",0.57,"phenylalanine C9H11N1O2 + Ring_artifact -> Ring_artifact_C9H11N1O2"
5164,286.2337,3.8,3.76,"Artifact","[13]C1C15H31N1O3",0.17,"Peak 773 C16H31N1O3 + [13]C1C-1 -> [13]C1C15H31N1O3"
5165,188.1272,16.66,4.04,"Metabolite","C7H16N4O2",0.67,"Homoarginine C7H16N4O2"
5166,294.0359,17.95,4.01,"Unknown","Unknown",0.36,"Unknown"
5167,219.0434,7.64,3.67,"Unknown","Unknown",0.45,"Unknown"
5168,297.0686,4.46,3.69,"Unknown","Unknown",0.36,"Unknown"
5169,148.1301,7.12,4.06,"Artifact","Ring_artifact_C6H12O4",0.63,"(R)-2,3-Dihydroxy-3-methylvalerate C6H12O4 + Ring_artifact -> Ring_artifact_C6H12O4"
5170,454.0259,8.65,3.78,"Putative metabolite","C13H15N2O14P1",0.42,"SAICAR C13H19N4O12P1 + H-1N-1O1 -> C13H18N3O13P1 - H3N1O-1 -> C13H15N2O14P1"
5171,220.1139,8,3.82,"Artifact","[13]C1C8H17N1O5",0.58,"pantothenate C9H17N1O5 + [13]C1C-1 -> [13]C1C8H17N1O5"
5172,151.0391,2.88,4.73,"Artifact","C8H7O3",2.77,"3-Hydroxyphenylacetic acid C8H8O3 - H1 -> C8H7O3"
5173,379.1105,7.88,3.87,"Artifact","C13H18N5Na1O7",-0.33,"7-methylguanosine C11H15N5O5 + C2H3Na1O2 -> C13H18N5Na1O7"
5174,252.0818,17.42,3.96,"Putative metabolite","C13H16O3S1",0.85,"3-Hydroxyphenylacetic acid C8H8O3 + S1 -> C8H8O3S1 + C5H8 -> C13H16O3S1"
5175,294.0611,17.14,3.81,"Unknown","Unknown",0.36,"Unknown"
5176,252.0391,16.25,3.92,"Artifact","C5H13N2Na1O6S1",0.4,"ornithine C5H12N2O2 + H1Na1O4S1 -> C5H13N2Na1O6S1"
5177,194.0342,7.09,4,"Putative metabolite","C6H11O5P1",1.08,"PE(18:1(9Z)/0:0) C23H46N1O7P1 - C16H30O1 -> C7H16N1O6P1 - H3N1 -> C7H13O6P1 - C1H2O1 -> C6H11O5P1"
5178,130.9011,9.83,3.88,"Unknown","Unknown",0.7,"Unknown"
5179,132.2854,16.25,3.97,"Unknown","Unknown",0.69,"Unknown"
5180,247.0593,7.14,3.86,"Artifact","C11H9N3O4",0.02,"Peak 1992 C10H8N2O4 + C1H1N1 -> C11H9N3O4"
5181,204.1817,8.74,4.05,"Artifact","Ring_artifact_C11H12N2O2",0.48,"tryptophan C11H12N2O2 + Ring_artifact -> Ring_artifact_C11H12N2O2"
5182,250.0508,4.89,3.67,"Putative metabolite","C11H11N2O3P1",-0.29,"tryptophan C11H12N2O2 + H1O3P1 -> C11H13N2O5P1 - O1 -> C11H13N2O4P1 - H2O1 -> C11H11N2O3P1"
5183,117.0927,11.19,4.58,"Artifact","Ring_artifact_C5H11N1O2",0.77,"DL-Valine C5H11N1O2 + Ring_artifact -> Ring_artifact_C5H11N1O2"
5184,217.052,9.82,3.76,"Putative metabolite","C7H11N3O3S1",0.52,"L-histidinol C6H11N3O1 + C1O2 -> C7H11N3O3 + S1 -> C7H11N3O3S1"
5185,247.0043,10.58,3.88,"Unknown","Unknown",0.41,"Unknown"
5186,658.3308,12.23,3.8,"Unknown","Unknown",0.21,"Unknown"
5187,368.1649,16.25,3.95,"Unknown","Unknown",0.3,"Unknown"
5188,164.0684,7.16,4.35,"Metabolite","C6H12O5",0.45,"2-deoxy-D-glucose C6H12O5"
5189,235.9209,18.78,3.87,"Unknown","Unknown",0.43,"Unknown"
5190,351.0477,9.06,3.93,"Artifact","C10H15N3Na2O6S1",-0.01,"biotin C10H16N2O3S1 + H-1Na1 -> C10H15N2Na1O3S1 + N1Na1O3 -> C10H15N3Na2O6S1"
5191,253.052,16.27,3.62,"Artifact","[13]C1C6H14K1N2Na1O4",0.74,"ornithine C5H12N2O2 + [13]C1C-1 -> [13]C1C4H12N2O2 + C2H3Na1O2 -> [13]C1C6H15N2Na1O4 + H-1K1 -> [13]C1C6H14K1N2Na1O4"
5192,225.1088,14.68,3.82,"Artifact","C8H16N3Na1O3",0.6,"Peak 677 C8H17N3O3 + H-1Na1 -> C8H16N3Na1O3"
5193,90.97692,6.62,3.83,"Artifact","[37]Cl1Cl1H5N1",0.38,"HCl Cl1H1 + Cl1H1 + [37]Cl1Cl-1 -> [37]Cl1Cl1H2 + H3N1 -> [37]Cl1Cl1H5N1"
5194,367.0619,10.76,3.72,"Artifact","C13H16N1Na3O7",0.23,"tyrosine C9H11N1O3 + C2H3Na1O2 -> C11H14N1Na1O5 + C2H3Na1O2 -> C13H17N1Na2O7 + H-1Na1 -> C13H16N1Na3O7"
5195,368.0243,11.79,3.81,"Unknown","Unknown",0.3,"Unknown"
5196,246.0925,9.07,4.25,"Artifact","[18]O1C10H16N2O2S1",-0.37,"biotin C10H16N2O3S1 + [18]O1O-1 -> [18]O1C10H16N2O2S1"
5197,160.062,10.11,3.78,"Artifact","[18]O1C7H10O3",0.97,"2-Isopropylmaleic acid C7H10O4 + [18]O1O-1 -> [18]O1C7H10O3"
5198,79.9886,14.21,3.96,"Artifact","Ring_artifact_H1O3P1",1.34,"H3PO4 H3O4P1 - H2O1 -> H1O3P1 + Ring_artifact -> Ring_artifact_H1O3P1"
5199,144.1351,2.83,5,"Artifact","Ring_artifact_C8H16O2",0.64,"Caprylic acid C8H16O2 + Ring_artifact -> Ring_artifact_C8H16O2"
5200,202.0201,9.07,3.91,"Artifact","C4H7N2Na1O6",0.4,"N-Acetylglycine C4H7N1O3 + N1Na1O3 -> C4H7N2Na1O6"
5201,360.0999,17.18,3.84,"Unknown","Unknown",0.31,"Unknown"
5202,182.0788,14.5,4.08,"Metabolite","C6H14O6",1.31,"D-glucitol C6H14O6"
5203,182.0789,14.04,4.09,"Metabolite","C6H14O6",0.76,"D-glucitol C6H14O6"
5204,182.0788,14.99,4.1,"Metabolite","C6H14O6",1.31,"D-glucitol C6H14O6"
5205,329.9824,8.6,3.97,"Unknown","Unknown",0.33,"Unknown"
5206,203.1351,8.54,3.93,"Artifact","[13]C1C8H18N2O3",-0.01,"Peak 2275 C9H18N2O3 + [13]C1C-1 -> [13]C1C8H18N2O3"
5207,356.1047,16.33,3.68,"Unknown","Unknown",0.31,"Unknown"
5208,152.1273,9.88,4.06,"Artifact","Ring_artifact_C5H12O5",0.61,"D-Arabitol C5H12O5 + Ring_artifact -> Ring_artifact_C5H12O5"
5209,112.9948,8.81,3.93,"Artifact","[34]S1C1H5N1O3",0.09,"taurine C2H7N1O3S1 - C1H2 + [34]S1S-1 -> [34]S1C1H5N1O3"
5210,328.0365,8.64,3.91,"Artifact","[37]Cl1C10H12N4Na1O5",-0.18,"inosine C10H12N4O5 + H-1Na1 -> C10H11N4Na1O5 + Cl1H1 -> C10Cl1H12N4Na1O5 + [37]Cl1Cl-1 -> [37]Cl1C10H12N4Na1O5"
5211,193.9646,17.22,3.91,"Artifact","H7O8P1Si1",0.93,"H4SiO4 H4O4Si1 + H3O4P1"
5212,142.1218,12.16,3.86,"Artifact","C6H14N4",0.33,"Peak 4126 C7H14N4O2 - C1O2 -> C6H14N4"
5213,259.0046,9.06,3.66,"Unknown","Unknown",0.4,"Unknown"
5214,291.0443,11.44,3.89,"Artifact","C7H17N1O7S2",1.18,"carnitine C7H15N1O3 + S1 + H2O4S1 -> C7H17N1O7S2"
5215,317.1588,12.13,3.95,"Putative metabolite","C13H23N3O6",-0.36,"Saccharopine C11H20N2O6 - H-1N-1O1 -> C11H21N3O5 + C2H2O1 -> C13H23N3O6"
5216,127.0462,5.51,3.66,"Unknown","Unknown",0.72,"Unknown"
5217,153.9433,14.2,3.64,"Artifact","H4K1O5P1",0.27,"KOH H1K1O1 + H3O4P1"
5218,131.0783,9.79,4.06,"Artifact","Ring_artifact_C6H13N1O2",0.7,"isoleucine C6H13N1O2 + Ring_artifact -> Ring_artifact_C6H13N1O2"
5219,131.0783,9.32,4.03,"Artifact","Ring_artifact_C6H13N1O2",0.7,"leucine C6H13N1O2 + Ring_artifact -> Ring_artifact_C6H13N1O2"
5220,130.0241,8.86,3.9,"Unknown","Unknown",0.7,"Unknown"
5221,619.3441,12.55,3.9,"Unknown","Unknown",0.22,"Unknown"
5222,403.2431,15.89,3.94,"Unknown","Unknown",0.28,"Unknown"
5223,256.0422,9.87,3.92,"Unknown","Unknown",0.4,"Unknown"
5224,336.1034,12.13,3.82,"Artifact","C11H21Na1O10",-0.47,"Peak 1731 C9H18O8 + C2H3Na1O2 -> C11H21Na1O10"
5225,130.0459,13.49,5.99,"Artifact","[13]C1C4H7N1O3",0.37,"glutamate C5H9N1O4 - H2O1 -> C5H7N1O3 + [13]C1C-1 -> [13]C1C4H7N1O3"
5226,401.1277,17.12,3.65,"Unknown","Unknown",0.29,"Unknown"
5227,147.0161,13.42,4.77,"Artifact","Ring_artifact_[13]C1C4H10N2O3",0.63,"glutamine C5H10N2O3 + [13]C1C-1 -> [13]C1C4H10N2O3 + Ring_artifact -> Ring_artifact_[13]C1C4H10N2O3"
5228,234.1044,12.23,3.83,"Artifact","[13]C1C7H15N3O5",0.54,"Homocitrulline C7H15N3O3 + C1O2 + [13]C1C-1 -> [13]C1C7H15N3O5"
5229,371.0818,7.6,3.77,"Artifact","C12H15N5Na2O6",-0.12,"Adenosine C10H13N5O4 + C2H4O2 -> C12H17N5O6 + H-2Na2 -> C12H15N5Na2O6"
5230,211.0691,8.68,3.94,"Artifact","C6H13N1O7",0.48,"(R)-2,3-Dihydroxy-3-methylvalerate C6H12O4 + H1N1O3 -> C6H13N1O7"
5231,135.1039,7.63,3.96,"Artifact","Ring_artifact_C5H5N5",0.68,"adenine C5H5N5 + Ring_artifact -> Ring_artifact_C5H5N5"
5232,332.0741,8.69,3.82,"Artifact","[15]N1C10H13N4O8",-2.02,"inosine C10H12N4O5 + H1N1O3 -> C10H13N5O8 + [15]N1N-1 -> [15]N1C10H13N4O8"
5233,269.1487,14.97,3.88,"Putative metabolite","C11H19N5O3",0.33,"(6R)-6-(l-erythro-1,2-dihydroxypropyl)-5,6,7,8-tetrahydro-4a-hydroxypterin C9H14N4O3 + C2H4 -> C11H18N4O3 + H1N1 -> C11H19N5O3"
5234,271.0441,5.46,3.71,"Putative metabolite","C9H9N3O7",-0.19,"Cytidine C9H13N3O5 + C1O2 -> C10H13N3O7 - H2 -> C10H11N3O7 - C1H2 -> C9H9N3O7"
5235,255.8454,13.91,4.51,"Artifact","Ring_artifact_C6H10K2O6",0.4,"CH3COOK C2H3K1O2 + C2H4O2 + C2H3K1O2 -> C6H10K2O6 + Ring_artifact -> Ring_artifact_C6H10K2O6"
5236,248.1735,17.29,4,"Putative metabolite","C11H24N2O4",0.43,"Butyrylcarnitine C11H21N1O4 + H3N1 -> C11H24N2O4"
5237,124.083,11.45,3.93,"Unknown","Unknown",0.73,"Unknown"
5238,146.1136,8.69,3.77,"Artifact","[13]C1C6H15N1O2",0.23,"Acetylcholine C7H15N1O2 + [13]C1C-1 -> [13]C1C6H15N1O2"
5239,360.0855,14.97,3.82,"Artifact","C11H16N6O6S1",-0.82,"5'-Methylthioadenosine C11H15N5O3S1 + H1N1O3 -> C11H16N6O6S1"
5240,293.9607,17.82,3.57,"Unknown","Unknown",0.36,"Unknown"
5241,299.0851,9.43,3.73,"Artifact","[18]O1C8H15N3O8",-0.08,"Peak 1606 C8H14N2O6 + H1N1O3 -> C8H15N3O9 + [18]O1O-1 -> [18]O1C8H15N3O8"
5242,171.1007,12.7,3.82,"Putative metabolite","C7H13N3O2",0.45,"L-histidinol C6H11N3O1 + C1H2O1 -> C7H13N3O2"
5243,371.1401,8.85,3.65,"Unknown","Unknown",0.3,"Unknown"
5244,293.0114,7.74,3.83,"Artifact","C7H6N5Na3O4",-0.38,"7-Methylguanine C6H7N5O1 + C1H1Na1O3 -> C7H8N5Na1O4 + H-2Na2 -> C7H6N5Na3O4"
5245,175.9849,9.74,3.79,"Artifact","C3H6Na1O5P1",0.88,"Peak 1130 C3H7O5P1 + H-1Na1 -> C3H6Na1O5P1"
5246,384.2373,7.82,3.74,"Unknown","Unknown",0.29,"Unknown"
5247,220.0881,8.89,3.62,"Putative metabolite","C8H16N2O3S1",0.29,"Acetyllysine C8H16N2O3 + S1 -> C8H16N2O3S1"
5248,348.0544,10.79,3.8,"Artifact","C11H14N2Na2O8",0.44,"tyrosine C9H11N1O3 + C2H3Na1O2 -> C11H14N1Na1O5 + N1Na1O3 -> C11H14N2Na2O8"
5249,411.223,15.04,3.81,"Putative metabolite","C17H29N7O5",0.04,"S-Adenosylmethionine C15H22N6O5S1 - S1 -> C15H22N6O5 + C2H4 -> C17H26N6O5 + H3N1 -> C17H29N7O5"
5250,220.0208,8.98,3.77,"Artifact","C6H5N4Na1O4",0.22,"Xanthine C5H4N4O2 + C1H1Na1O2 -> C6H5N4Na1O4"
5251,225.0472,8.79,3.84,"Artifact","[34]S1C7H13N1O5",0.18,"N-acetyl-glutamate C7H11N1O5 + H2S1 + [34]S1S-1 -> [34]S1C7H13N1O5"
5252,284.0026,11.8,3.83,"Unknown","Unknown",0.37,"Unknown"
5253,89.02142,9.05,4.14,"Unknown","Unknown",1.21,"Unknown"
5254,476.0078,8.68,3.82,"Unknown","Unknown",0.25,"Unknown"
5255,494.1525,8.73,3.82,"Artifact","C16H27N6O10P1",0.26,"inosine C10H12N4O5 + Peak 4127 -> C16H27N6O10P1"
5256,238.0622,10.34,3.85,"Putative metabolite","C7H14N2O5S1",0.6,"cystathionine C7H14N2O4S1 + O1 -> C7H14N2O5S1"
5257,421.0663,10.79,3.81,"Artifact","C15Ca1H20N1Na1O9",-0.32,"tyrosine C9H11N1O3 + C2H3Na1O2 -> C11H14N1Na1O5 + C2Ca1H2O2 -> C13Ca1H16N1Na1O7 + C2H4O2 -> C15Ca1H20N1Na1O9"
5258,401.0614,10.7,3.66,"Unknown","Unknown",0.29,"Unknown"
5259,164.9155,8.55,3.59,"Unknown","Unknown",0.57,"Unknown"
5260,174.1501,16.82,4.23,"Artifact","Ring_artifact_C6H14N4O2",0.55,"L-Arginine C6H14N4O2 + Ring_artifact -> Ring_artifact_C6H14N4O2"
5261,148.0736,3.71,5.87,"Metabolite","C6H12O4",-0.28,"(R)-2,3-Dihydroxy-3-methylvalerate C6H12O4"
5262,418.0714,8.67,3.93,"Artifact","C13H16N4Na2O9",-0.32,"inosine C10H12N4O5 + C1H1Na1O2 -> C11H13N4Na1O7 + C2H3Na1O2 -> C13H16N4Na2O9"
5263,262.07,8.83,3.89,"Artifact","[13]C1C8H15N1O6Si1",0.83,"phenylalanine C9H11N1O2 + [13]C1C-1 -> [13]C1C8H11N1O2 + H4O4Si1 -> [13]C1C8H15N1O6Si1"
5264,374.045,8.67,3.7,"Artifact","C11H12N4Na2O8",0.14,"inosine C10H12N4O5 + H-1Na1 -> C10H11N4Na1O5 + C1H1Na1O3 -> C11H12N4Na2O8"
5265,217.1142,11.65,3.81,"Unknown","Unknown",0.46,"Unknown"
5266,332.0361,8.77,3.84,"Unknown","Unknown",0.33,"Unknown"
5267,361.0451,10.77,3.71,"Artifact","C13Ca1H16N1Na1O7",-0.17,"tyrosine C9H11N1O3 + C2H3Na1O2 -> C11H14N1Na1O5 + C2Ca1H2O2 -> C13Ca1H16N1Na1O7"
5268,231.155,9.85,3.99,"Unknown","Unknown",0.43,"Unknown"
5269,221.0276,9.05,3.8,"Artifact","C6H9N1Na2O5",0.05,"5-Aminolevulinic acid C5H9N1O3 + C1H1Na1O2 -> C6H10N1Na1O5 + H-1Na1 -> C6H9N1Na2O5"
5270,115.0502,11.96,4,"Unknown","Unknown",0.78,"Unknown"
5271,398.1961,2.73,5.08,"Unknown","Unknown",0.29,"Unknown"
5272,165.0718,9.83,3.82,"Artifact","[13]C1C5H12O5",0.17,"2-deoxy-D-glucose C6H12O5 + [13]C1C-1 -> [13]C1C5H12O5"
5273,178.0952,6.15,3.72,"Putative metabolite","C6H14N2O4",0.88,"O-Acetyl-L-homoserine C6H11N1O4 + H3N1 -> C6H14N2O4"
5274,88.0416,4.2,5.3,"Artifact","Ring_artifact_C3H4O3",1.22,"pyruvate C3H4O3 + Ring_artifact -> Ring_artifact_C3H4O3"
5275,288.0081,5.46,3.7,"Unknown","Unknown",0.36,"Unknown"
5276,295.037,8.83,3.81,"Putative metabolite","C10H17N1O3S3",0.19,"biotin C10H16N2O3S1 + S1 -> C10H16N2O3S2 + H2S1 -> C10H18N2O3S3 - H1N1 -> C10H17N1O3S3"
5277,232.1057,9.32,3.72,"Putative metabolite","C9H16N2O5",0.95,"L-gamma-Glutamyl-L-alanine C8H14N2O5 + C1H2 -> C9H16N2O5"
5278,259.965,17.85,3.88,"Unknown","Unknown",0.39,"Unknown"
5279,101.9123,8.73,3.7,"Unknown","Unknown",0.87,"Unknown"
5280,370.2216,8.39,3.71,"Unknown","Unknown",0.3,"Unknown"
5281,159.0506,10.57,3.85,"Unknown","Unknown",0.59,"Unknown"
5282,220.0348,5.89,3.6,"Unknown","Unknown",0.45,"Unknown"
5283,215.1383,18.06,3.9,"Putative metabolite","C8H17N5O2",-0.35,"N-Acetyl-L-arginine C8H16N4O3 - H-1N-1O1 -> C8H17N5O2"
5284,445.24,15.66,3.89,"Unknown","Unknown",0.27,"Unknown"
5285,131.1161,9.85,3.93,"Artifact","Ring_artifact_C6H13N1O2",0.7,"isoleucine C6H13N1O2 + Ring_artifact -> Ring_artifact_C6H13N1O2"
5286,131.1161,9.32,3.68,"Artifact","Ring_artifact_C6H13N1O2",0.7,"leucine C6H13N1O2 + Ring_artifact -> Ring_artifact_C6H13N1O2"
5287,173.0857,16.27,3.71,"Artifact","[13]C1C4H13N2Na1O3",0.24,"ornithine C5H12N2O2 + [13]C1C-1 -> [13]C1C4H12N2O2 + H1Na1O1 -> [13]C1C4H13N2Na1O3"
5288,302.0468,9.04,3.79,"Artifact","C10Cl1H16N2Na1O3S1",-0.05,"biotin C10H16N2O3S1 + H-1Na1 -> C10H15N2Na1O3S1 + Cl1H1 -> C10Cl1H16N2Na1O3S1"
5289,197.0815,13.82,4.5,"Putative metabolite","C6H16N1O4P1",0.99,"Phosphorylcholine C5H14N1O4P1 + C1H2 -> C6H16N1O4P1"
5290,421.0459,8.65,3.59,"Artifact","C11H13N5Na2O10",-0.28,"inosine C10H12N4O5 + C1H1Na1O2 -> C11H13N4Na1O7 + N1Na1O3 -> C11H13N5Na2O10"
5291,243.0226,11.69,3.74,"Unknown","Unknown",0.42,"Unknown"
5292,380.1794,11.73,4.43,"Putative metabolite","C15H28N2O9",0.21,"DL-Valine C5H11N1O2 - C1O1 -> C4H11N1O1 + C11H17N1O8 -> C15H28N2O9"
5293,153.0159,2.66,4.94,"Unknown","Unknown",0.61,"Unknown"
5294,281.1569,8.14,3.83,"Artifact","[13]C1C12H20N4O3",-0.02,"Peak 3001 C13H20N4O3 + [13]C1C-1 -> [13]C1C12H20N4O3"
5295,417.2338,15.73,3.75,"Unknown","Unknown",0.28,"Unknown"
5296,289.0151,10.51,3.78,"Artifact","C7H10N1Na3O7",-0.22,"O-Acetyl-L-homoserine C6H11N1O4 + C1H1Na1O3 -> C7H12N1Na1O7 + H-2Na2 -> C7H10N1Na3O7"
5297,307.0567,9.92,3.86,"Metabolite","C9H14N3O7P1",0.77,"dCMP C9H14N3O7P1"
5298,351.0873,8.67,3.71,"Artifact","[13]C1C11H15N4Na1O7",-0.29,"inosine C10H12N4O5 + [13]C1C-1 -> [13]C1C9H12N4O5 + C2H3Na1O2 -> [13]C1C11H15N4Na1O7"
5299,117.0029,9.05,3.94,"Artifact","Ring_artifact_C4H7N1O3",0.77,"N-Acetylglycine C4H7N1O3 + Ring_artifact -> Ring_artifact_C4H7N1O3"
5300,331.909,19.27,3.7,"Unknown","Unknown",0.33,"Unknown"
5301,111.9065,6.65,4.8,"Unknown","Unknown",0.8,"Unknown"
5302,111.9066,6.24,4.8,"Unknown","Unknown",0.8,"Unknown"
5303,237.0725,14.43,5.14,"Unknown","Unknown",0.42,"Unknown"
5304,131.073,9.83,3.84,"Artifact","Ring_artifact_C6H13N1O2",0.7,"isoleucine C6H13N1O2 + Ring_artifact -> Ring_artifact_C6H13N1O2"
5305,131.0729,9.32,3.71,"Artifact","Ring_artifact_C6H13N1O2",0.7,"leucine C6H13N1O2 + Ring_artifact -> Ring_artifact_C6H13N1O2"
5306,141.0177,14.24,4.61,"Unknown","Unknown",0.65,"Unknown"
5307,161.0042,10.78,4.21,"Artifact","Ring_artifact_C6H11N1O4",0.58,"O-Acetyl-L-homoserine C6H11N1O4 + Ring_artifact -> Ring_artifact_C6H11N1O4"
5308,161.0041,9.5,4.11,"Unknown","Unknown",0.58,"Unknown"
5309,531.309,7.09,4.88,"Unknown","Unknown",0.24,"Unknown"
5310,244.0582,2.26,4.93,"Putative metabolite","C10H12O7",0.42,"Chorismate C10H10O6 + H2O1 -> C10H12O7"
5311,214.1259,12.2,3.78,"Artifact","[13]C1C7H15N5O2",0.14,"Peak 4126 C7H14N4O2 + C1H1N1 -> C8H15N5O2 + [13]C1C-1 -> [13]C1C7H15N5O2"
5312,227.0462,9.05,3.74,"Artifact","C5H13N1O7Si1",-0.32,"5-Aminolevulinic acid C5H9N1O3 + H4O4Si1 -> C5H13N1O7Si1"
5313,515.6803,10.82,3.61,"Unknown","Unknown",0.24,"Unknown"
5314,315.0696,8.87,3.62,"Artifact","C12H15N1Na2O6",-0.39,"phenylalanine C9H11N1O2 + C1H1Na1O2 -> C10H12N1Na1O4 + C2H3Na1O2 -> C12H15N1Na2O6"
5315,144.1315,2.83,5.2,"Artifact","Ring_artifact_C8H16O2",0.64,"Caprylic acid C8H16O2 + Ring_artifact -> Ring_artifact_C8H16O2"
5316,304.0704,7.61,3.71,"Artifact","[15]N1C10Cl1H14N4O4",0.16,"Adenosine C10H13N5O4 + Cl1H1 -> C10Cl1H14N5O4 + [15]N1N-1 -> [15]N1C10Cl1H14N4O4"
5317,87.03228,13.02,5.28,"Unknown","Unknown",1.24,"Unknown"
5318,277.0472,10.6,3.84,"Unknown","Unknown",0.38,"Unknown"
5319,149.0687,13.02,5.46,"Artifact","C5H11N1O4",0.72,"alanine C3H7N1O2 + C2H4O2 -> C5H11N1O4"
5320,495.2428,11.56,3.8,"Unknown","Unknown",0.25,"Unknown"
5321,606.3169,16.79,3.82,"Artifact","C19H43N12Na1O9",0.77,"L-Arginine C6H14N4O2 * 2 -> C12H28N8O4 + Peak 2186 -> C19H43N12Na1O9"
5322,229.0811,16.23,3.85,"Artifact","[13]C1C4H16N2O6Si1",0.08,"ornithine C5H12N2O2 + [13]C1C-1 -> [13]C1C4H12N2O2 + H4O4Si1 -> [13]C1C4H16N2O6Si1"
5323,367.222,8.54,3.75,"Unknown","Unknown",0.3,"Unknown"
5324,884.5075,12.26,3.67,"Unknown","Unknown",0.18,"Unknown"
5325,245.0258,11.55,3.7,"Artifact","Ring_artifact_C6H15N1O9",0.41,"D-glucitol C6H14O6 + H1N1O3 -> C6H15N1O9 + Ring_artifact -> Ring_artifact_C6H15N1O9"
5326,298.3221,2.1,4.39,"Unknown","Unknown",0.35,"Unknown"
5327,436.0193,8.64,3.75,"Artifact","C11H12N4Na4O9",0.47,"inosine C10H12N4O5 + C1H1Na1O3 -> C11H13N4Na1O8 + H-2Na2 -> C11H11N4Na3O8 + H1Na1O1 -> C11H12N4Na4O9"
5328,313.1386,12.53,3.85,"Putative metabolite","C12H19N5O5",0.06,"1-Methyladenosine C11H17N5O4 + C1H2O1 -> C12H19N5O5"
5329,248.0853,9.07,3.71,"Unknown","Unknown",0.41,"Unknown"
5330,237.0725,17.44,3.86,"Unknown","Unknown",0.42,"Unknown"
5331,281.0118,13.18,4.13,"Unknown","Unknown",0.37,"Unknown"
5332,79.94396,14.19,3.91,"Artifact","Ring_artifact_H1O3P1",1.34,"H3PO4 H3O4P1 - H2O1 -> H1O3P1 + Ring_artifact -> Ring_artifact_H1O3P1"
5333,203.998,8.73,3.96,"Artifact","Ring_artifact_C11H12N2O2",0.48,"tryptophan C11H12N2O2 + Ring_artifact -> Ring_artifact_C11H12N2O2"
5334,174.0473,16.8,4.24,"Artifact","Ring_artifact_C6H14N4O2",0.55,"L-Arginine C6H14N4O2 + Ring_artifact -> Ring_artifact_C6H14N4O2"
5335,370.0585,17.28,3.68,"Putative metabolite","C13H14N4O7S1",-0.54,"7-methylguanosine C11H15N5O5 + S1 -> C11H15N5O5S1 + C2H2O1 -> C13H17N5O6S1 - H3N1O-1 -> C13H14N4O7S1"
5336,372.0821,16.34,3.76,"Artifact","C11Ca1H21N2Na1O8",0.14,"Peak 1330 C7H16N2O4 + C2Ca1H2O2 -> C9Ca1H18N2O6 + C2H3Na1O2 -> C11Ca1H21N2Na1O8"
5337,261.0571,7.17,3.73,"Unknown","Unknown",0.39,"Unknown"
5338,132.0449,10.85,3.78,"Unknown","Unknown",0.69,"Unknown"
5339,372.0477,17.18,3.67,"Unknown","Unknown",0.3,"Unknown"
5340,309.1414,16.25,3.67,"Unknown","Unknown",0.35,"Unknown"
5341,168.0863,8.85,3.63,"Artifact","[13]C1[18]O1C8H11N1O1",1.66,"phenylalanine C9H11N1O2 + [13]C1C-1 -> [13]C1C8H11N1O2 + [18]O1O-1 -> [13]C1[18]O1C8H11N1O1"
5342,233.0203,7.19,4.19,"Putative metabolite","C4H11N1O8S1",1.02,"malate C4H6O5 + H3N1 -> C4H9N1O5 + O3S1 -> C4H9N1O8S1 + H2 -> C4H11N1O8S1"
5343,131.2878,9.32,3.74,"Unknown","Unknown",0.7,"Unknown"
5344,131.2879,9.84,3.81,"Unknown","Unknown",0.7,"Unknown"
5345,353.0464,8.89,3.65,"Putative metabolite","C9H15N5O6S2",-0.07,"inosine C10H12N4O5 + H3N1O-1 -> C10H15N5O4 + O3S1 -> C10H15N5O7S1 + S1 -> C10H15N5O7S2 - C1O1 -> C9H15N5O6S2"
5346,356.0338,16.36,3.67,"Artifact","C9H16K1N2Na3O6",0.15,"ornithine C5H12N2O2 + C2H3Na1O2 -> C7H15N2Na1O4 + C2H3K1O2 -> C9H18K1N2Na1O6 + H-2Na2 -> C9H16K1N2Na3O6"
5347,431.0391,10.51,3.64,"Unknown","Unknown",0.27,"Unknown"
5348,164.805,8.85,3.75,"Unknown","Unknown",0.57,"Unknown"
5349,270.0594,16.26,3.64,"Artifact","C7H16K1N2Na1O5",-0.01,"ornithine C5H12N2O2 + C2H3Na1O2 -> C7H15N2Na1O4 + H1K1O1 -> C7H16K1N2Na1O5"
5350,216.9439,8.87,3.55,"Unknown","Unknown",0.46,"Unknown"
5351,132.1052,16.24,4.37,"Artifact","Ring_artifact_C5H12N2O2",0.69,"ornithine C5H12N2O2 + Ring_artifact -> Ring_artifact_C5H12N2O2"
5352,132.105,16.78,4.12,"Artifact","Ring_artifact_C5H12N2O2",0.69,"ornithine C5H12N2O2 + Ring_artifact -> Ring_artifact_C5H12N2O2"
5353,368.2174,14.96,3.89,"Unknown","Unknown",0.3,"Unknown"
5354,129.0877,10.83,4.68,"Unknown","Unknown",0.71,"Unknown"
5355,121.0559,18.89,3.84,"Unknown","Unknown",0.75,"Unknown"
5356,372.2737,10.71,3.67,"Unknown","Unknown",0.3,"Unknown"
5357,325.0886,9.27,3.53,"Artifact","C11H16N3Na1O7",-0.02,"cytidine C9H13N3O5 + C2H3Na1O2 -> C11H16N3Na1O7"
5358,330.0504,9.62,3.75,"Artifact","[13]C1C8H12N3Na1O9",0.24,"Uridine C9H12N2O6 + [13]C1C-1 -> [13]C1C8H12N2O6 + N1Na1O3 -> [13]C1C8H12N3Na1O9"
5359,118.0643,9.08,3.95,"Unknown","Unknown",0.77,"Unknown"
5360,212.0068,11.14,4.61,"Putative metabolite","C7H4N2O6",0.64,"Orotic acid C5H4N2O4 + C1O1 -> C6H4N2O5 + C1O1 -> C7H4N2O6"
5361,154.0738,9.88,4.45,"Unknown","Unknown",0.61,"Unknown"
5362,221.0244,10.58,3.6,"Artifact","[37]Cl1C6H11N1Na1O4",0.36,"O-Acetyl-L-homoserine C6H11N1O4 + H-1Na1 -> C6H10N1Na1O4 + Cl1H1 -> C6Cl1H11N1Na1O4 + [37]Cl1Cl-1 -> [37]Cl1C6H11N1Na1O4"
5363,372.9974,10.48,3.71,"Artifact","C8H11N1Na4O10",-0.07,"O-Acetyl-L-homoserine C6H11N1O4 + C1H1Na1O3 -> C7H12N1Na1O7 + H-2Na2 -> C7H10N1Na3O7 + C1H1Na1O3 -> C8H11N1Na4O10"
5364,246.1215,8.74,3.77,"Putative metabolite","C10H18N2O5",0.29,"L-gamma-Glutamyl-L-alanine C8H14N2O5 + C2H4 -> C10H18N2O5"
5365,249.0611,10.76,3.71,"Artifact","C10H12N1Na1O5",0.87,"tyrosine C9H11N1O3 + C1H1Na1O2 -> C10H12N1Na1O5"
5366,138.1117,9.76,4.03,"Unknown","Unknown",0.67,"Unknown"
5367,248.0756,9.26,3.76,"Artifact","C7H12N4O6",0.34,"Peak 2093 C7H11N3O3 + H1N1O3 -> C7H12N4O6"
5368,352.0422,8.68,3.78,"Artifact","C11H13K1N4O7",-0.2,"inosine C10H12N4O5 + C1H1K1O2 -> C11H13K1N4O7"
5369,118.0645,7.6,4.69,"Unknown","Unknown",0.77,"Unknown"
5370,251.0599,8.84,3.66,"Artifact","[13]C1C8H11N2Na1O5",0.08,"phenylalanine C9H11N1O2 + [13]C1C-1 -> [13]C1C8H11N1O2 + N1Na1O3 -> [13]C1C8H11N2Na1O5"
5371,367.0738,9.71,3.62,"Artifact","C11H14N5Na1O8",0.51,"guanosine C10H13N5O5 + C1H1Na1O3 -> C11H14N5Na1O8"
5372,288.0414,12.93,4.18,"Artifact","C8Cr1H16N2O6",-0.2,"Acetyllysine C8H16N2O3 + Cr1O3 -> C8Cr1H16N2O6"
5373,152.0412,7.2,4.43,"Artifact","Ring_artifact_C5H12O5",0.61,"L-arabinitol C5H12O5 + Ring_artifact -> Ring_artifact_C5H12O5"
5374,130.9366,9.3,4.23,"Unknown","Unknown",0.7,"Unknown"
5375,187.0528,8.86,3.67,"Putative metabolite","C5H9N5O1S1",-0.1,"Xanthine C5H4N4O2 + H2S1 -> C5H6N4O2S1 + H3N1O-1 -> C5H9N5O1S1"
5376,198.0333,2.1,3.98,"Artifact","Ring_artifact_C12H22O2",0.49,"Ethyl 9-decenoate C12H22O2 + Ring_artifact -> Ring_artifact_C12H22O2"
5377,312.07,16.23,3.8,"Artifact","C9H18K1N2Na1O6",-0.12,"ornithine C5H12N2O2 + C2H3Na1O2 -> C7H15N2Na1O4 + C2H3K1O2 -> C9H18K1N2Na1O6"
5378,282.9764,13.84,4.83,"Artifact","C3H10N1O10P1S1",-0.34,"D-phospho-L-serine C3H8N1O6P1 + H2O4S1 -> C3H10N1O10P1S1"
5379,319.0756,15.82,3.52,"Unknown","Unknown",0.34,"Unknown"
5380,239.9081,15.99,3.45,"Artifact","H3Na2O8P1S1",0.27,"NaH2PO4 H2Na1O4P1 + H1Na1O4S1"
5381,326.2053,8.53,3.7,"Putative metabolite","C13H30N2O7",0,"Ethyl 2-hydroxypentanoate C7H14O3 + C6H10O5 -> C13H24O8 + H3N1 -> C13H27N1O8 + H3N1O-1 -> C13H30N2O7"
5382,111.9788,14.17,3.93,"Artifact","Ring_artifact_C5H4O3",0.8,"3-Furoic acid C5H4O3 + Ring_artifact -> Ring_artifact_C5H4O3"
5383,165.0915,2.6,4.7,"Unknown","Unknown",0.57,"Unknown"
5384,312.4765,14.24,4.47,"Unknown","Unknown",0.34,"Unknown"
5385,164.0221,11.1,4.06,"Putative metabolite","C7H4N2O3",0.56,"5-L-Hydroxytryptophan C11H12N2O3 - C2H4 -> C9H8N2O3 - C2H4 -> C7H4N2O3"
5386,283.1184,15.34,3.65,"Artifact","[13]C1C11H18N4O2S1",0.01,"Peak 3413 C12H18N4O2S1 + [13]C1C-1 -> [13]C1C11H18N4O2S1"
5387,165.102,8.87,3.81,"Artifact","Ring_artifact_C9H11N1O2",0.57,"phenylalanine C9H11N1O2 + Ring_artifact -> Ring_artifact_C9H11N1O2"
5388,165.3527,8.84,3.68,"Unknown","Unknown",0.57,"Unknown"
5389,229.0774,16.28,3.72,"Artifact","[29]Si1C5H16N2O6",-0.3,"ornithine C5H12N2O2 + H4O4Si1 -> C5H16N2O6Si1 + [29]Si1Si-1 -> [29]Si1C5H16N2O6"
5390,329.0076,10.5,3.68,"Artifact","C7H11N1Na4O8",-0.17,"O-Acetyl-L-homoserine C6H11N1O4 + C1H1Na1O3 -> C7H12N1Na1O7 + H-2Na2 -> C7H10N1Na3O7 + H1Na1O1 -> C7H11N1Na4O8"
5391,308.0742,14.2,4.04,"Putative metabolite","C11H16O10",0.48,"2-Methylsuccinic acid C5H8O4 + C6H8O6 -> C11H16O10"
5392,250.0564,8.85,4.79,"Artifact","C9H11N2Na1O5",0.66,"phenylalanine C9H11N1O2 + N1Na1O3 -> C9H11N2Na1O5"
5393,118.0452,13.31,4.49,"Artifact","Ring_artifact_C4H6O4",0.77,"Succinic acid C4H6O4 + Ring_artifact -> Ring_artifact_C4H6O4"
5394,140.0067,13.93,4.71,"Artifact","[13]C1C3H6K1N1O2",1.54,"CH3CN C2H3N1 + C2H3K1O2 + [13]C1C-1 -> [13]C1C3H6K1N1O2"
5395,159.0643,13.86,4.62,"Artifact","Ring_artifact_[13]C1C3H7K1O4",0.59,"CH3COOK C2H3K1O2 + C2H4O2 + [13]C1C-1 -> [13]C1C3H7K1O4 + Ring_artifact -> Ring_artifact_[13]C1C3H7K1O4"
5396,112.0398,5.31,3.76,"Unknown","Unknown",0.8,"Unknown"
5397,76.03404,3.1,4.17,"Unknown","Unknown",1.4,"Unknown"
5398,175.0047,8.93,3.65,"Unknown","Unknown",0.54,"Unknown"
5399,144.0952,2.83,5.18,"Artifact","Ring_artifact_C8H16O2",0.64,"Caprylic acid C8H16O2 + Ring_artifact -> Ring_artifact_C8H16O2"
5400,372.0291,8.67,3.57,"Unknown","Unknown",0.3,"Unknown"
5401,131.1416,9.83,5.02,"Artifact","Ring_artifact_C6H13N1O2",0.7,"isoleucine C6H13N1O2 + Ring_artifact -> Ring_artifact_C6H13N1O2"
5402,131.1416,9.32,4.93,"Artifact","Ring_artifact_C6H13N1O2",0.7,"leucine C6H13N1O2 + Ring_artifact -> Ring_artifact_C6H13N1O2"
5403,217.1425,16.49,3.59,"Putative metabolite","C9H19N3O3",0.65,"Homocitrulline C7H15N3O3 + C2H4 -> C9H19N3O3"
5404,280.9247,3.4,3.67,"Unknown","Unknown",0.37,"Unknown"
5405,194.0311,16.37,4.45,"Unknown","Unknown",0.5,"Unknown"
5406,112.0639,5.32,4.82,"Unknown","Unknown",0.8,"Unknown"
5407,175.9941,13.04,4.49,"Artifact","[53]Cr1C3H9N1O4",-1.66,"threonine C4H9N1O3 + Cr1O3 -> C4Cr1H9N1O6 - C1O2 -> C3Cr1H9N1O4 + [53]Cr1Cr-1 -> [53]Cr1C3H9N1O4"
5408,175.995,11.96,4.09,"Artifact","Ring_artifact_C7H12O5",0.54,"2-Isopropylmalic acid C7H12O5 + Ring_artifact -> Ring_artifact_C7H12O5"
5409,348.0465,13.97,4.41,"Metabolite","C10H13N4O8P1",1.72,"IMP C10H13N4O8P1"
5410,114.9045,11.96,3.68,"Unknown","Unknown",0.78,"Unknown"
5411,166.0146,8.84,3.76,"Artifact","Ring_artifact_[13]C1C8H11N1O2",0.57,"phenylalanine C9H11N1O2 + [13]C1C-1 -> [13]C1C8H11N1O2 + Ring_artifact -> Ring_artifact_[13]C1C8H11N1O2"
5412,267.0419,8.82,3.58,"Unknown","Unknown",0.39,"Unknown"
5413,220.0136,13.88,4.87,"Putative metabolite","C7H9O6P1",0.34,"Benzoic acid C7H6O2 + H1O3P1 -> C7H7O5P1 + H2O1 -> C7H9O6P1"
5414,159.0723,9.14,3.66,"Artifact","[13]C1C5H10N2O3",1.24,"N-Acetylglycine C4H7N1O3 + C2H3N1 -> C6H10N2O3 + [13]C1C-1 -> [13]C1C5H10N2O3"
5415,117.0824,9.09,3.86,"Artifact","Ring_artifact_C4H7N1O3",0.77,"N-Acetylglycine C4H7N1O3 + Ring_artifact -> Ring_artifact_C4H7N1O3"
5416,300.0809,16.31,3.58,"Artifact","C7H20N2O7Si2",0.01,"ornithine C5H12N2O2 + C3H8O3Si1 -> C8H20N2O5Si1 + H2O3Si1 -> C8H22N2O8Si2 - C1H2O1 -> C7H20N2O7Si2"
5417,313.3551,2.09,3.93,"Unknown","Unknown",0.34,"Unknown"
5418,275.0193,14.22,3.89,"Putative metabolite","C9H10N1O7P1",0.68,"N-Acetyltyrosine C11H13N1O4 + H1O3P1 -> C11H14N1O7P1 - C2H4 -> C9H10N1O7P1"
5419,250.0901,2.35,5.53,"Artifact","[18]O0.5C8H16N3O3.5P1",-0.54,"Peak 78 C8H16N3O4P1 + [18]O0.5O-0.5 -> [18]O0.5C8H16N3O3.5P1"
5420,845.615,4.38,3.79,"Unknown","Unknown",0.18,"Unknown"
5421,169.8434,6.47,3.77,"Unknown","Unknown",0.56,"Unknown"
5422,170.0605,4.15,4.26,"Artifact","Ring_artifact_C10H18O2",0.56,"3-Hexenyl butanoate C10H18O2 + Ring_artifact -> Ring_artifact_C10H18O2"
5423,175.1874,16.77,4.74,"Artifact","Ring_artifact_[13]C1C5H14N4O2",0.54,"L-Arginine C6H14N4O2 + [13]C1C-1 -> [13]C1C5H14N4O2 + Ring_artifact -> Ring_artifact_[13]C1C5H14N4O2"
5424,76.00704,8.91,3.83,"Unknown","Unknown",1.41,"Unknown"
5425,427.1342,3.09,4.52,"Putative metabolite","C16H21N5O9",-0.64,"hypoxanthine C5H4N4O1 + C11H17N1O8 -> C16H21N5O9"
5426,300.1798,15.3,3.68,"Putative metabolite","C13H24N4O4",-0.15,"N-Acetyl-L-arginine C8H16N4O3 + O1 -> C8H16N4O4 + C5H8 -> C13H24N4O4"
5427,330.0358,16.29,3.5,"Putative metabolite","C10H19O6P1S2",0.81,"Lipoic acid C8H14O2S2 + H2 -> C8H16O2S2 + C2H2O1 -> C10H18O3S2 + H1O3P1 -> C10H19O6P1S2"
5428,284.0909,5.04,4.64,"Putative metabolite","C14H12N4O3",0.14,"7,8-Dihydropteroic acid C14H14N6O3 - H1N1 -> C14H13N5O3 - H1N1 -> C14H12N4O3"
5429,322.1911,6.96,3.84,"Putative metabolite","C15H31O5P1",-0.59,"Palmitic acid C16H32O2 - C1H2 -> C15H30O2 + H1O3P1 -> C15H31O5P1"
5430,151.8248,5.15,4.08,"Unknown","Unknown",0.61,"Unknown"
5431,509.8933,13.89,4.67,"Artifact","C8H19K4O11P1S1",0.19,"CH3COOK C2H3K1O2 + Peak 1305 -> C8H19K4O11P1S1"
5432,192.0454,16.24,3.51,"Putative metabolite","C7H12O4S1",1.2,"2-Isopropylmaleic acid C7H10O4 + H2S1 -> C7H12O4S1"
5433,347.0569,10.59,3.64,"Artifact","C10H16N1Na3O8",0,"O-Acetyl-L-homoserine C6H11N1O4 + C2H3Na1O2 -> C8H14N1Na1O6 + C2H3Na1O2 -> C10H17N1Na2O8 + H-1Na1 -> C10H16N1Na3O8"
5434,277.9473,13.83,5.09,"Artifact","C4H8K1Na1O8S1",0.59,"KHSO4 H1K1O4S1 + C2H4O2 + C2H3Na1O2 -> C4H8K1Na1O8S1"
5435,192.0799,7.19,4.9,"Artifact","B1C6H13O6",3.22,"L-arabinitol C5H12O5 + C1H4O1 -> C6H16O6 + B1H-3 -> B1C6H13O6"
5436,209.0979,9.31,3.74,"Unknown","Unknown",0.47,"Unknown"
5437,399.1399,15,3.64,"Artifact","[13]C1C14H22N6O5S1",1.74,"S-Adenosylmethionine C15H22N6O5S1 + [13]C1C-1 -> [13]C1C14H22N6O5S1"
5438,178.0839,4.6,4.54,"Putative metabolite","C7H14O5",1.26,"2-Isopropylmalic acid C7H12O5 + H2 -> C7H14O5"
5439,170.2004,4.08,4.23,"Artifact","Ring_artifact_C10H18O2",0.56,"3-Hexenyl butanoate C10H18O2 + Ring_artifact -> Ring_artifact_C10H18O2"
5440,144.1692,4.21,6.23,"Artifact","Ring_artifact_C8H16O2",0.64,"Caprylic acid C8H16O2 + Ring_artifact -> Ring_artifact_C8H16O2"
5441,119.904,11.47,4.08,"Unknown","Unknown",0.76,"Unknown"
5442,119.9039,11.02,4.09,"Unknown","Unknown",0.76,"Unknown"
5443,174.1531,16.77,4.51,"Artifact","Ring_artifact_C6H14N4O2",0.55,"L-Arginine C6H14N4O2 + Ring_artifact -> Ring_artifact_C6H14N4O2"
5444,297.9969,2.09,4.43,"Putative metabolite","C3H12N2O10P2",-0.61,"D-phospho-L-serine C3H8N1O6P1 + H2O1 -> C3H10N1O7P1 + H1O3P1 -> C3H11N1O10P2 + H1N1 -> C3H12N2O10P2"
5445,253.0464,13.88,5.32,"Artifact","C6H12N3O6P1",-0.11,"Creatinine C4H7N3O1 + H1O3P1 + C2H4O2 -> C6H12N3O6P1"
5446,79.96196,14.17,3.85,"Artifact","Ring_artifact_H1O3P1",1.34,"H3PO4 H3O4P1 - H2O1 -> H1O3P1 + Ring_artifact -> Ring_artifact_H1O3P1"
5447,149.0571,13.49,6.34,"Artifact","[18]O1C5H9N1O3",2.04,"glutamate C5H9N1O4 + [18]O1O-1 -> [18]O1C5H9N1O3"
5448,199.0594,7.44,5.12,"Putative metabolite","C7H9N3O4",-0.47,"Cytidine C9H13N3O5 - H2 -> C9H11N3O5 - C2H2O1 -> C7H9N3O4"
5449,354.0617,8.63,3.66,"Artifact","[13]C1C9H12N5Na1O8",-0.02,"inosine C10H12N4O5 + [13]C1C-1 -> [13]C1C9H12N4O5 + N1Na1O3 -> [13]C1C9H12N5Na1O8"
5450,288.1909,19.02,3.83,"Putative metabolite","C11H24N6O3",0.31,"(6R)-6-(l-erythro-1,2-dihydroxypropyl)-5,6,7,8-tetrahydro-4a-hydroxypterin C9H14N4O3 + C2H4 -> C11H18N4O3 + H3N1 -> C11H21N5O3 + H3N1 -> C11H24N6O3"
5451,230.0594,13.5,4.98,"Artifact","[13]C1C6H12N1Na1O6",0.81,"glutamate C5H9N1O4 + [13]C1C-1 -> [13]C1C4H9N1O4 + C2H3Na1O2 -> [13]C1C6H12N1Na1O6"
5452,117.1021,11.25,3.9,"Artifact","Ring_artifact_C5H11N1O2",0.77,"DL-Valine C5H11N1O2 + Ring_artifact -> Ring_artifact_C5H11N1O2"
5453,119.0715,13.02,4.37,"Artifact","Ring_artifact_C4H9N1O3",0.76,"threonine C4H9N1O3 + Ring_artifact -> Ring_artifact_C4H9N1O3"
5454,193.1147,14.19,4.08,"Unknown","Unknown",0.5,"Unknown"
5455,159.116,11.32,4.36,"Artifact","Ring_artifact_C6H9N1O4",0.59,"Peak 160 C6H9N1O4 + Ring_artifact -> Ring_artifact_C6H9N1O4"
5456,136.0635,7.94,4.49,"Metabolite","C7H8N2O1",1.47,"methylnicotinamide C7H8N2O1"
5457,114.034,5.31,3.75,"Unknown","Unknown",0.79,"Unknown"
5458,329.1589,7.76,3.59,"Putative metabolite","C14H23N3O6",-0.65,"Cytidine C9H13N3O5 + H2O1 -> C9H15N3O6 + C5H8 -> C14H23N3O6"
5459,117.097,11.2,4.39,"Artifact","Ring_artifact_C5H11N1O2",0.77,"DL-Valine C5H11N1O2 + Ring_artifact -> Ring_artifact_C5H11N1O2"
5460,119.9041,17.55,4.18,"Unknown","Unknown",0.76,"Unknown"
5461,173.1407,11.27,4.26,"Artifact","Ring_artifact_C7H11N1O4",0.55,"N-Acetyl-L-glutamate 5-semialdehyde C7H11N1O4 + Ring_artifact -> Ring_artifact_C7H11N1O4"
5462,188.1605,11.3,4.71,"Artifact","Ring_artifact_C7H12N2O4",0.51,"Peak 3989 C14H24N4O8 / 2 -> C7H12N2O4 + Ring_artifact -> Ring_artifact_C7H12N2O4"
5463,348.0171,16.77,4.24,"Artifact","Ring_artifact_C12H28N8O4",0.32,"L-Arginine C6H14N4O2 * 2 -> C12H28N8O4 + Ring_artifact -> Ring_artifact_C12H28N8O4"
5464,427.1341,14.87,4.04,"Putative metabolite","C16H21N5O9",-0.4,"hypoxanthine C5H4N4O1 + C11H17N1O8 -> C16H21N5O9"
5465,427.1339,14.33,4.02,"Putative metabolite","C16H21N5O9",0.06,"hypoxanthine C5H4N4O1 + C11H17N1O8 -> C16H21N5O9"
5466,289.0388,11.78,3.69,"Artifact","C6H13N1Na2O9",-0.79,"D-glucitol C6H14O6 + H1N1O3 -> C6H15N1O9 + H-2Na2 -> C6H13N1Na2O9"
5467,370.1814,2.17,3.98,"Unknown","Unknown",0.3,"Unknown"
5468,133.0868,16.78,5.17,"Artifact","[15]N1C5H12N1O2",0.85,"ornithine C5H12N2O2 + [15]N1N-1 -> [15]N1C5H12N1O2"
5469,133.0868,16.25,5.22,"Artifact","[15]N1C5H12N1O2",0.85,"ornithine C5H12N2O2 + [15]N1N-1 -> [15]N1C5H12N1O2"
5470,197.9116,4.37,4.37,"Unknown","Unknown",0.49,"Unknown"
5471,132.107,13.65,4.54,"Artifact","Ring_artifact_C5H12N2O2",0.69,"Ornithine C5H12N2O2 + Ring_artifact -> Ring_artifact_C5H12N2O2"
5472,180.9099,6,3.63,"Unknown","Unknown",0.53,"Unknown"
5473,307.2354,7.59,4.01,"Artifact","Ring_artifact_C9H13N3O9",0.35,"uridine C9H12N2O6 + H1N1O3 -> C9H13N3O9 + Ring_artifact -> Ring_artifact_C9H13N3O9"
5474,256.1095,2.47,6.28,"Artifact","Ring_artifact_C16H32O2",0.4,"Palmitic acid C16H32O2 + Ring_artifact -> Ring_artifact_C16H32O2"
5475,119.022,5.28,3.94,"Metabolite","C3H5N1O4",-1.2,"Aminomalonic acid C3H5N1O4"
5476,195.0854,6.17,3.51,"Putative metabolite","C5H13N3O5",0.62,"N-carbamoyl-L-aspartate C5H8N2O5 + H2O1 -> C5H10N2O6 + H3N1O-1 -> C5H13N3O5"
5477,306.2446,14.19,4.14,"Artifact","Ring_artifact_C10H16N3O6S1",0.35,"glutathione disulfide C20H32N6O12S2 / 2 -> C10H16N3O6S1 + Ring_artifact -> Ring_artifact_C10H16N3O6S1"
5478,306.0892,5.56,3.66,"Artifact","[13]C1C9H15N3O8",0.23,"thymidine C10H14N2O5 + H1N1O3 -> C10H15N3O8 + [13]C1C-1 -> [13]C1C9H15N3O8"
5479,155.8036,12.73,3.98,"Unknown","Unknown",0.6,"Unknown"
5480,756.4683,16.78,4.19,"Artifact","C26H60N16O10",-0.62,"L-Arginine C6H14N4O2 + Peak 1197 -> C26H60N16O10"
5481,210.1983,3.92,3.65,"Putative metabolite","C14H26O1",0.31,"palmitoleic acid C16H30O2 - C1H2 -> C15H28O2 - C1H2O1 -> C14H26O1"
5482,224.0877,7.48,4.53,"Artifact","[13]C1C10H13N1O4",0.5,"N-Acetyltyrosine C11H13N1O4 + [13]C1C-1 -> [13]C1C10H13N1O4"
5483,448.1926,2.81,5.05,"Artifact","[13]C1C15H29N7O6S1",1.69,"Peak 585 C16H26N6O6S1 + H3N1 -> C16H29N7O6S1 + [13]C1C-1 -> [13]C1C15H29N7O6S1"
5484,119.904,12.37,4.06,"Unknown","Unknown",0.76,"Unknown"
5485,165.1451,8.82,4.9,"Artifact","Ring_artifact_C9H11N1O2",0.57,"phenylalanine C9H11N1O2 + Ring_artifact -> Ring_artifact_C9H11N1O2"
5486,343.9948,7.62,3.65,"Artifact","C9Cr1H12N2O9",-0.04,"uridine C9H12N2O6 + Cr1O3 -> C9Cr1H12N2O9"
5487,275.0283,14.43,4.37,"Putative metabolite","C10H13N1O4S2",1.09,"biotin C10H16N2O3S1 + S1 -> C10H16N2O3S2 - H3N1O-1 -> C10H13N1O4S2"
5488,161.1324,10.76,4.23,"Artifact","Ring_artifact_C6H11N1O4",0.58,"O-Acetyl-L-homoserine C6H11N1O4 + Ring_artifact -> Ring_artifact_C6H11N1O4"
5489,274.1782,7.1,4.2,"Unknown","Unknown",0.38,"Unknown"
5490,342.2135,2.08,5.22,"Unknown","Unknown",0.32,"Unknown"
5491,121.0495,8.88,3.94,"Unknown","Unknown",0.75,"Unknown"
5492,298.0895,9.85,3.52,"Unknown","Unknown",0.35,"Unknown"
5493,177.0718,18.28,3.91,"Unknown","Unknown",0.54,"Unknown"
5494,191.9966,14.2,4.27,"Artifact","Ring_artifact_C6H8O7",0.5,"citrate/isocitrate C6H8O7 + Ring_artifact -> Ring_artifact_C6H8O7"
5495,154.0458,6.56,4.19,"Unknown","Unknown",0.61,"Unknown"
5496,192.0657,14.18,4.16,"Artifact","Ring_artifact_C6H8O7",0.5,"citrate/isocitrate C6H8O7 + Ring_artifact -> Ring_artifact_C6H8O7"
5497,175.1281,13.62,4.79,"Artifact","Ring_artifact_C6H13N3O3",0.54,"citrulline C6H13N3O3 + Ring_artifact -> Ring_artifact_C6H13N3O3"
5498,140.0054,15.28,3.59,"Unknown","Unknown",0.66,"Unknown"
5499,148.0169,5.7,3.71,"Artifact","Ring_artifact_C6H12O4",0.63,"(R)-2,3-Dihydroxy-3-methylvalerate C6H12O4 + Ring_artifact -> Ring_artifact_C6H12O4"
5500,257.1375,8.11,3.54,"Putative metabolite","C11H19N3O4",0.22,"N-Acetyl-L-asparagine C6H10N2O4 + H1N1 -> C6H11N3O4 + C5H8 -> C11H19N3O4"
5501,308.0623,7.6,4.39,"Artifact","[15]N1C9H13N2O9",-0.28,"uridine C9H12N2O6 + H1N1O3 -> C9H13N3O9 + [15]N1N-1 -> [15]N1C9H13N2O9"
5502,269.9903,2.05,4.07,"Artifact","C3H12O10P2",1,"Peak 4483 C4H12O12P2 - C1O2 -> C3H12O10P2"
5503,254.0167,13.57,5,"Artifact","C5H12Na1O8P1",0.19,"sn-glycerol-3-phosphate C3H9O6P1 + C2H3Na1O2 -> C5H12Na1O8P1"
5504,234.0284,10.1,4.05,"Artifact","C5H11N2Na1O5S1",1.01,"methionine C5H11N1O2S1 + N1Na1O3 -> C5H11N2Na1O5S1"
5505,136.0881,7.67,4.63,"Artifact","Ring_artifact_C5H4N4O1",0.68,"hypoxanthine C5H4N4O1 + Ring_artifact -> Ring_artifact_C5H4N4O1"
5506,156.0534,11.26,5.1,"Artifact","C6H8N2O3",0.59,"Aminoadipic acid C6H11N1O4 - C2H4 + C2H3N1 -> C6H10N2O4 - H2O1 -> C6H8N2O3"
5507,98.98419,13.87,4.95,"Unknown","Unknown",1.1,"Unknown"
5508,302.0838,11.29,4.51,"Artifact","C8H15N4Na1O7",0.14,"Peak 167 C8H15N3O4 + N1Na1O3 -> C8H15N4Na1O7"
5509,390.1061,13.38,4.76,"Artifact","C12Ca1H22N4O8",0.65,"glutamine C5H10N2O3 + Peak 1888 -> C12Ca1H22N4O8"
5510,405.0642,13.49,4.61,"Unknown","Unknown",0.28,"Unknown"
5511,117.3299,11.25,3.82,"Unknown","Unknown",0.77,"Unknown"
5512,328.026,10.76,3.61,"Unknown","Unknown",0.33,"Unknown"
5513,262.1146,8.39,3.45,"Artifact","[13]C1C12H15N3O3",0.37,"Peak 3606 C13H15N3O3 + [13]C1C-1 -> [13]C1C12H15N3O3"
5514,119.9041,14.15,4.13,"Unknown","Unknown",0.76,"Unknown"
5515,194.0793,11.51,4.03,"Unknown","Unknown",0.5,"Unknown"
5516,194.079,11.27,4.03,"Putative metabolite","C7H14O6",0.2,"L-arabinitol C5H12O5 + C2H2O1 -> C7H14O6"
5517,165.0994,8.85,3.83,"Artifact","Ring_artifact_C9H11N1O2",0.57,"phenylalanine C9H11N1O2 + Ring_artifact -> Ring_artifact_C9H11N1O2"
5518,166.1496,8.81,3.7,"Artifact","Ring_artifact_[13]C1C8H11N1O2",0.57,"phenylalanine C9H11N1O2 + [13]C1C-1 -> [13]C1C8H11N1O2 + Ring_artifact -> Ring_artifact_[13]C1C8H11N1O2"
5519,244.2083,9.09,4.03,"Artifact","Ring_artifact_C10H16N2O3S1",0.41,"biotin C10H16N2O3S1 + Ring_artifact -> Ring_artifact_C10H16N2O3S1"
5520,206.1153,4.22,4.61,"Artifact","C9H18O5",0.6,"Caprylic acid C8H16O2 + C1H2O3 -> C9H18O5"
5521,161.9563,13.88,5.75,"Artifact","C2H3K1O6",2.28,"KHCO3 C1H1K1O3 + C1H2O3"
5522,284.1178,2.13,5.92,"Unknown","Unknown",0.37,"Unknown"
5523,115.9312,6.9,3.68,"Unknown","Unknown",0.78,"Unknown"
5524,228.1086,16.94,4.52,"Artifact","C8H17N2Na1O4",0.01,"lysine C6H14N2O2 + C2H3Na1O2 -> C8H17N2Na1O4"
5525,164.0684,9.79,5.16,"Metabolite","C6H12O5",0.45,"2-deoxy-D-glucose C6H12O5"
5526,315.9894,14.44,4.49,"Unknown","Unknown",0.34,"Unknown"
5527,113.9789,8.14,3.58,"Artifact","[34]S1C1H4O4",-0.65,"Peak 511 C1H4O4S1 + [34]S1S-1 -> [34]S1C1H4O4"
5528,165.1094,8.84,3.66,"Artifact","Ring_artifact_C9H11N1O2",0.57,"phenylalanine C9H11N1O2 + Ring_artifact -> Ring_artifact_C9H11N1O2"
5529,315.9127,14.21,4.44,"Artifact","C2H8K1Na1O10P2",0.15,"H3PO4 dimer H6O8P2 + H-1K1 + C2H3Na1O2 -> C2H8K1Na1O10P2"
5530,240.047,14.07,5.43,"Unknown","Unknown",0.42,"Unknown"
5531,168.0623,8.49,4.93,"Unknown","Unknown",0.56,"Unknown"
5532,351.0196,10.5,3.58,"Putative metabolite","C10H13N3O7S2",-0.31,"deoxyinosine C10H12N4O4 - H1N1 -> C10H11N3O4 + O3S1 -> C10H11N3O7S1 + H2S1 -> C10H13N3O7S2"
5533,189.1455,13.26,4.17,"Artifact","Ring_artifact_C7H11N1O5",0.51,"N-acetyl-L-glutamic acid C7H11N1O5 + Ring_artifact -> Ring_artifact_C7H11N1O5"
5534,765.5143,4.48,4.69,"Putative metabolite","C39H76N1O11P1",1.7,"PS(16:0/16:0) C38H74N1O10P1 + C1H2O1 -> C39H76N1O11P1"
5535,119.9039,14.48,4.12,"Unknown","Unknown",0.76,"Unknown"
5536,338.0227,7.67,4.07,"Artifact","C10H5N8Na3O2",0.46,"hypoxanthine C5H4N4O1 + Peak 1615 -> C10H7N8Na1O2 + H-2Na2 -> C10H5N8Na3O2"
5537,285.0396,11.05,3.61,"Unknown","Unknown",0.37,"Unknown"
5538,183.0657,14.35,4.77,"Metabolite","C5H14N1O4P1",1.88,"Phosphorylcholine C5H14N1O4P1"
5539,180.9967,10.78,4.42,"Artifact","Ring_artifact_C9H11N1O3",0.53,"tyrosine C9H11N1O3 + Ring_artifact -> Ring_artifact_C9H11N1O3"
5540,446.3395,2.99,4.72,"Putative metabolite","C28H46O4",0.25,"Ubiquinone Q1 C14H18O4 + C16H30O1 -> C30H48O5 - C2H2O1 -> C28H46O4"
5541,256.1042,13.9,4.45,"Artifact","Ring_artifact_C6H10K2O6",0.4,"CH3COOK C2H3K1O2 + C2H4O2 + C2H3K1O2 -> C6H10K2O6 + Ring_artifact -> Ring_artifact_C6H10K2O6"
5542,580.1254,8.66,3.57,"Artifact","C20H22N8Na2O10",0.05,"inosine C10H12N4O5 * 2 -> C20H24N8O10 + H-2Na2 -> C20H22N8Na2O10"
5543,141.8462,7.97,3.96,"Unknown","Unknown",0.65,"Unknown"
5544,147.9171,9.53,4.84,"Unknown","Unknown",0.63,"Unknown"
5545,344.2423,12.66,3.51,"Unknown","Unknown",0.32,"Unknown"
5546,131.1091,9.32,3.99,"Artifact","Ring_artifact_C6H13N1O2",0.7,"leucine C6H13N1O2 + Ring_artifact -> Ring_artifact_C6H13N1O2"
5547,131.1092,9.83,4.09,"Artifact","Ring_artifact_C6H13N1O2",0.7,"isoleucine C6H13N1O2 + Ring_artifact -> Ring_artifact_C6H13N1O2"
5548,148.0476,8.85,4.03,"Unknown","Unknown",0.63,"Unknown"
5549,150.0511,3.99,3.92,"Unknown","Unknown",0.62,"Unknown"
5550,111.8747,5.32,3.54,"Unknown","Unknown",0.8,"Unknown"
5551,286.0527,11.83,4.24,"Unknown","Unknown",0.37,"Unknown"
5552,286.0527,11.3,3.81,"Artifact","C7H11N4Na1O7",-0.55,"Peak 4100 C7H11N3O4 + N1Na1O3 -> C7H11N4Na1O7"
5553,433.8128,13.88,4.56,"Artifact","C4H6K4O12S1",0.06,"KHSO4 H1K1O4S1 + C2H3K1O2 + C1H1K1O3 -> C3H5K3O9S1 + C1H1K1O3 -> C4H6K4O12S1"
5554,329.0973,9.73,3.84,"Artifact","C11H15N5O7",-0.52,"guanosine C10H13N5O5 + C1H2O2 -> C11H15N5O7"
5555,284.0951,9.71,4.87,"Artifact","[13]C1C9H13N5O5",-0.34,"guanosine C10H13N5O5 + [13]C1C-1 -> [13]C1C9H13N5O5"
5556,201.9417,11.06,4.08,"Unknown","Unknown",0.48,"Unknown"
5557,132.0727,16.28,4.2,"Artifact","Ring_artifact_C5H12N2O2",0.69,"ornithine C5H12N2O2 + Ring_artifact -> Ring_artifact_C5H12N2O2"
5558,146.0215,11.36,4.62,"Metabolite","C5H6O5",0.16,"a-ketoglutarate C5H6O5"
5559,244.1895,9.58,3.65,"Artifact","Ring_artifact_C9H12N2O6",0.41,"Uridine C9H12N2O6 + Ring_artifact -> Ring_artifact_C9H12N2O6"
5560,317.1244,16.82,3.76,"Unknown","Unknown",0.34,"Unknown"
5561,157.0694,12.25,3.85,"Unknown","Unknown",0.6,"Unknown"
5562,213.0614,9.06,4.31,"Artifact","C7H12N1Na1O5",-0.39,"5-Aminolevulinic acid C5H9N1O3 + C2H3Na1O2 -> C7H12N1Na1O5"
5563,135.8722,7.13,5.19,"Unknown","Unknown",0.68,"Unknown"
5564,246.0735,9.58,4.26,"Artifact","[18]O1C9H12N2O5",1.15,"Uridine C9H12N2O6 + [18]O1O-1 -> [18]O1C9H12N2O5"
5565,151.0491,8.7,4.66,"Metabolite","C5H5N5O1",2.05,"guanine C5H5N5O1"
5566,114.1206,8.73,3.5,"Unknown","Unknown",0.79,"Unknown"
5567,313.0034,2.08,3.92,"Unknown","Unknown",0.34,"Unknown"
5568,369.1095,7.6,3.97,"Putative metabolite","C13H23N1O9S1",-0.4,"N-Formyl-L-methionine C6H11N1O3S1 + C1H2O1 -> C7H13N1O4S1 + C6H10O5 -> C13H23N1O9S1"
5569,266.0483,6.4,5.02,"Artifact","[37]Cl1C9H13N2O5",0.18,"deoxyuridine C9H12N2O5 + Cl1H1 -> C9Cl1H13N2O5 + [37]Cl1Cl-1 -> [37]Cl1C9H13N2O5"
5570,141.8152,8.56,3.43,"Unknown","Unknown",0.65,"Unknown"
5571,293.078,7.23,4.91,"Artifact","C10Cl1H16N3O5",-0.52,"thymidine C10H14N2O5 + H1N1 + Cl1H1 -> C10Cl1H16N3O5"
5572,150.0779,5.75,4.02,"Artifact","[18]O1C6H12O3",-0.64,"(R)-2,3-Dihydroxy-3-methylvalerate C6H12O4 + [18]O1O-1 -> [18]O1C6H12O3"
5573,113.8651,8.73,3.54,"Unknown","Unknown",0.79,"Unknown"
5574,172.9965,11.29,4.2,"Artifact","Ring_artifact_C7H11N1O4",0.55,"N-Acetyl-L-glutamate 5-semialdehyde C7H11N1O4 + Ring_artifact -> Ring_artifact_C7H11N1O4"
5575,132.1115,16.26,4.07,"Artifact","Ring_artifact_C5H12N2O2",0.69,"ornithine C5H12N2O2 + Ring_artifact -> Ring_artifact_C5H12N2O2"
5576,141.846,18.32,3.9,"Unknown","Unknown",0.65,"Unknown"
5577,210.0624,4.96,3.7,"Artifact","[18]O1C7H12O6",0.71,"L-2-Hydroxyglutaric acid C5H8O5 + C2H4O2 -> C7H12O7 + [18]O1O-1 -> [18]O1C7H12O6"
5578,368.067,11.77,3.65,"Artifact","C10H19Na3O10",0.36,"D-glucitol C6H14O6 + H-1Na1 -> C6H13Na1O6 + C2H3Na1O2 -> C8H16Na2O8 + C2H3Na1O2 -> C10H19Na3O10"
5579,303.1542,14.83,4.57,"Putative metabolite","C11H21N5O5",0.23,"2-(3-Carboxy-3-aminopropyl)-L-histidine C10H16N4O4 + C1H2O1 -> C11H18N4O5 + H3N1 -> C11H21N5O5"
5580,226.0969,4.22,5.52,"Putative metabolite","C8H19O5P1",0.49,"1-(sn-glycero-3-phospho)-1D-myo-inositol C9H19O11P1 - C6H8O6 -> C3H11O5P1 + C5H8 -> C8H19O5P1"
5581,226.0969,3,5.13,"Putative metabolite","C8H19O5P1",0.49,"1-(sn-glycero-3-phospho)-1D-myo-inositol C9H19O11P1 - C6H8O6 -> C3H11O5P1 + C5H8 -> C8H19O5P1"
5582,150.0415,7.74,4.24,"Unknown","Unknown",0.62,"Unknown"
5583,152.0949,7.19,4.43,"Artifact","Ring_artifact_C5H12O5",0.61,"L-arabinitol C5H12O5 + Ring_artifact -> Ring_artifact_C5H12O5"
5584,259.0666,13.26,4.47,"Artifact","C8H14N1Na1O7",0.76,"O-Succinyl-L-homoserine C8H13N1O6 + H1Na1O1 -> C8H14N1Na1O7"
5585,234.0364,9.05,3.46,"Artifact","C7H7N4Na1O4",0.42,"Xanthine C5H4N4O2 + C2H3Na1O2 -> C7H7N4Na1O4"
5586,209.088,8.95,4.58,"Artifact","[13]C1C9H12N2O3",0.7,"L-Kynurenine C10H12N2O3 + [13]C1C-1 -> [13]C1C9H12N2O3"
5587,180.0631,13.61,5.3,"Metabolite","C6H12O6",1.6,"myo-inositol C6H12O6"
5588,118.0879,3.01,4.98,"Artifact","[18]O1C6H12O1",0.64,"4-Methylvaleric acid C6H12O2 + [18]O1O-1 -> [18]O1C6H12O1"
